# step, loss_train, loss_test, metrics_test
0.000000000000000000e+00 1.857668113708496094e+01 8.757449388504028320e-01 1.388958930969238281e+00 8.653835393488407135e-03 1.857668113708496094e+01 8.757449388504028320e-01 1.388958930969238281e+00 8.653835393488407135e-03
1.000000000000000000e+03 1.881811022758483887e-02 8.651977404952049255e-03 6.362769287079572678e-03 1.531071029603481293e-02 1.881811022758483887e-02 8.651977404952049255e-03 6.362769287079572678e-03 1.531071029603481293e-02
2.000000000000000000e+03 5.162051878869533539e-03 1.817960524931550026e-03 8.842212846502661705e-04 3.970411606132984161e-03 5.162051878869533539e-03 1.817960524931550026e-03 8.842212846502661705e-04 3.970411606132984161e-03
3.000000000000000000e+03 1.437225728295743465e-03 7.132578757591545582e-04 2.406915446044877172e-04 2.312626224011182785e-03 1.437225728295743465e-03 7.132578757591545582e-04 2.406915446044877172e-04 2.312626224011182785e-03
4.000000000000000000e+03 8.005604613572359085e-04 3.193560114596039057e-04 2.741289499681442976e-04 1.821046345867216587e-03 8.005604613572359085e-04 3.193560114596039057e-04 2.741289499681442976e-04 1.821046345867216587e-03
5.000000000000000000e+03 5.376554327085614204e-04 2.282135246787220240e-04 2.950038469862192869e-04 1.593719469383358955e-03 5.376554327085614204e-04 2.282135246787220240e-04 2.950038469862192869e-04 1.593719469383358955e-03
6.000000000000000000e+03 2.496386179700493813e-03 2.178218855988234282e-04 3.839607816189527512e-04 1.417299499735236168e-03 2.496386179700493813e-03 2.178218855988234282e-04 3.839607816189527512e-04 1.417299499735236168e-03
7.000000000000000000e+03 2.725248050410300493e-04 1.687935728114098310e-04 2.488149621058255434e-04 1.269954605959355831e-03 2.725248050410300493e-04 1.687935728114098310e-04 2.488149621058255434e-04 1.269954605959355831e-03
8.000000000000000000e+03 2.002449327846989036e-04 1.467089314246550202e-04 2.384230465395376086e-04 1.099977758713066578e-03 2.002449327846989036e-04 1.467089314246550202e-04 2.384230465395376086e-04 1.099977758713066578e-03
9.000000000000000000e+03 1.614876236999407411e-04 1.145898859249427915e-04 2.410951419733464718e-04 9.185025701299309731e-04 1.614876236999407411e-04 1.145898859249427915e-04 2.410951419733464718e-04 9.185025701299309731e-04
1.000000000000000000e+04 1.345638011116534472e-04 8.368265844183042645e-05 2.463429700583219528e-04 7.275188690982758999e-04 1.345638011116534472e-04 8.368265844183042645e-05 2.463429700583219528e-04 7.275188690982758999e-04
1.100000000000000000e+04 1.170304458355531096e-04 6.165110971778631210e-05 2.425049751764163375e-04 5.565181490965187550e-04 1.170304458355531096e-04 6.165110971778631210e-05 2.425049751764163375e-04 5.565181490965187550e-04
1.200000000000000000e+04 1.088598219212144613e-04 4.531708691501989961e-05 2.274496946483850479e-04 4.572244943119585514e-04 1.088598219212144613e-04 4.531708691501989961e-05 2.274496946483850479e-04 4.572244943119585514e-04
1.300000000000000000e+04 1.055431930581107736e-04 3.351108171045780182e-05 2.057800156762823462e-04 4.080735088791698217e-04 1.055431930581107736e-04 3.351108171045780182e-05 2.057800156762823462e-04 4.080735088791698217e-04
1.400000000000000000e+04 3.355571301653981209e-03 8.523679571226239204e-05 3.681160451378673315e-04 3.675873158499598503e-04 3.355571301653981209e-03 8.523679571226239204e-05 3.681160451378673315e-04 3.675873158499598503e-04
1.500000000000000000e+04 1.291156513616442680e-04 1.983405672945082188e-05 1.711333898128941655e-04 3.569058026187121868e-04 1.291156513616442680e-04 1.983405672945082188e-05 1.711333898128941655e-04 3.569058026187121868e-04
1.600000000000000000e+04 9.692259482108056545e-05 1.473329575674142689e-05 1.548837753944098949e-04 3.399062552489340305e-04 9.692259482108056545e-05 1.473329575674142689e-05 1.548837753944098949e-04 3.399062552489340305e-04
1.700000000000000000e+04 1.100027366192080081e-04 1.376196905766846612e-05 1.407264498993754387e-04 3.271211171522736549e-04 1.100027366192080081e-04 1.376196905766846612e-05 1.407264498993754387e-04 3.271211171522736549e-04
1.800000000000000000e+04 8.636601705802604556e-05 9.686198609415441751e-06 1.279365387745201588e-04 3.159464977215975523e-04 8.636601705802604556e-05 9.686198609415441751e-06 1.279365387745201588e-04 3.159464977215975523e-04
1.900000000000000000e+04 8.089759649010375142e-05 8.204713594750501215e-06 1.160086976597085595e-04 3.067594370804727077e-04 8.089759649010375142e-05 8.204713594750501215e-06 1.160086976597085595e-04 3.067594370804727077e-04
2.000000000000000000e+04 7.564392581116408110e-05 7.073325377859873697e-06 1.047023033606819808e-04 2.988373453263193369e-04 7.564392581116408110e-05 7.073325377859873697e-06 1.047023033606819808e-04 2.988373453263193369e-04
