# step, loss_train, loss_test, metrics_test
0.000000000000000000e+00 1.248934268951416016e-01 2.651974182128906250e+02 7.977659375000000000e+04 1.660616406250000000e+05 1.248934268951416016e-01 2.651974182128906250e+02 7.977659375000000000e+04 1.660616406250000000e+05
1.000000000000000000e+03 8.287132717669010162e-03 1.223493289947509766e+01 5.841162597656250000e+03 1.659490781250000000e+05 8.287132717669010162e-03 1.223493289947509766e+01 5.841162597656250000e+03 1.659490781250000000e+05
2.000000000000000000e+03 1.521835848689079285e-02 1.504409122467041016e+01 3.873537597656250000e+03 1.659778750000000000e+05 1.521835848689079285e-02 1.504409122467041016e+01 3.873537597656250000e+03 1.659778750000000000e+05
3.000000000000000000e+03 5.785428918898105621e-03 1.520680522918701172e+01 3.865038818359375000e+03 1.659781406250000000e+05 5.785428918898105621e-03 1.520680522918701172e+01 3.865038818359375000e+03 1.659781406250000000e+05
4.000000000000000000e+03 3.345635952427983284e-03 1.516661548614501953e+01 3.851831054687500000e+03 1.659775468750000000e+05 3.345635952427983284e-03 1.516661548614501953e+01 3.851831054687500000e+03 1.659775468750000000e+05
5.000000000000000000e+03 1.004297193139791489e-02 1.508049774169921875e+01 3.819028320312500000e+03 1.659763593750000000e+05 1.004297193139791489e-02 1.508049774169921875e+01 3.819028320312500000e+03 1.659763593750000000e+05
6.000000000000000000e+03 5.199067294597625732e-02 1.490104007720947266e+01 3.721302246093750000e+03 1.659735468750000000e+05 5.199067294597625732e-02 1.490104007720947266e+01 3.721302246093750000e+03 1.659735468750000000e+05
7.000000000000000000e+03 4.924997687339782715e-01 1.473504257202148438e+01 3.434014648437500000e+03 1.659669218750000000e+05 4.924997687339782715e-01 1.473504257202148438e+01 3.434014648437500000e+03 1.659669218750000000e+05
8.000000000000000000e+03 3.856220483779907227e+00 1.563207912445068359e+01 3.039623291015625000e+03 1.659520781250000000e+05 3.856220483779907227e+00 1.563207912445068359e+01 3.039623291015625000e+03 1.659520781250000000e+05
9.000000000000000000e+03 1.795090103149414062e+01 1.672823333740234375e+01 2.338691406250000000e+03 1.658375468750000000e+05 1.795090103149414062e+01 1.672823333740234375e+01 2.338691406250000000e+03 1.658375468750000000e+05
1.000000000000000000e+04 1.054424953460693359e+01 4.291483306884765625e+01 4.883139801025390625e+01 1.650025156250000000e+05 1.054424953460693359e+01 4.291483306884765625e+01 4.883139801025390625e+01 1.650025156250000000e+05
1.100000000000000000e+04 9.841905593872070312e+00 1.261820983886718750e+02 8.389298248291015625e+01 1.639083906250000000e+05 9.841905593872070312e+00 1.261820983886718750e+02 8.389298248291015625e+01 1.639083906250000000e+05
1.200000000000000000e+04 3.995536804199218750e+01 5.454185791015625000e+02 2.164992218017578125e+02 1.613377187500000000e+05 3.995536804199218750e+01 5.454185791015625000e+02 2.164992218017578125e+02 1.613377187500000000e+05
1.300000000000000000e+04 3.369031677246093750e+02 2.365193603515625000e+03 2.743058471679687500e+02 1.554417187500000000e+05 3.369031677246093750e+02 2.365193603515625000e+03 2.743058471679687500e+02 1.554417187500000000e+05
1.400000000000000000e+04 6.491578979492187500e+02 4.510844726562500000e+03 3.420432434082031250e+02 1.507157500000000000e+05 6.491578979492187500e+02 4.510844726562500000e+03 3.420432434082031250e+02 1.507157500000000000e+05
1.500000000000000000e+04 6.949312744140625000e+02 6.262854492187500000e+03 5.118034973144531250e+02 1.476361406250000000e+05 6.949312744140625000e+02 6.262854492187500000e+03 5.118034973144531250e+02 1.476361406250000000e+05
1.600000000000000000e+04 5.242282104492187500e+02 7.932215820312500000e+03 6.953975219726562500e+02 1.448980468750000000e+05 5.242282104492187500e+02 7.932215820312500000e+03 6.953975219726562500e+02 1.448980468750000000e+05
1.700000000000000000e+04 6.274168701171875000e+02 9.215642578125000000e+03 9.800302124023437500e+02 1.422843593750000000e+05 6.274168701171875000e+02 9.215642578125000000e+03 9.800302124023437500e+02 1.422843593750000000e+05
1.800000000000000000e+04 6.832644042968750000e+02 9.963878906250000000e+03 1.257978881835937500e+03 1.404176562500000000e+05 6.832644042968750000e+02 9.963878906250000000e+03 1.257978881835937500e+03 1.404176562500000000e+05
1.900000000000000000e+04 6.573767700195312500e+02 1.064865722656250000e+04 1.654903076171875000e+03 1.386827343750000000e+05 6.573767700195312500e+02 1.064865722656250000e+04 1.654903076171875000e+03 1.386827343750000000e+05
2.000000000000000000e+04 6.139273071289062500e+02 1.144188183593750000e+04 2.388231933593750000e+03 1.365415625000000000e+05 6.139273071289062500e+02 1.144188183593750000e+04 2.388231933593750000e+03 1.365415625000000000e+05
