# step, loss_train, loss_test, metrics_test
0.000000000000000000e+00 1.248934268951416016e-01 2.651974182128906250e+02 2.131062500000000000e+04 6.400673217773437500e+02 1.248934268951416016e-01 2.651974182128906250e+02 2.131062500000000000e+04 6.400673217773437500e+02
1.000000000000000000e+03 9.034821763634681702e-03 1.196962928771972656e+01 2.021910156250000000e+03 3.831153259277343750e+02 9.034821763634681702e-03 1.196962928771972656e+01 2.021910156250000000e+03 3.831153259277343750e+02
2.000000000000000000e+03 2.045980095863342285e-02 1.655315780639648438e+01 1.437032958984375000e+03 3.870241088867187500e+02 2.045980095863342285e-02 1.655315780639648438e+01 1.437032958984375000e+03 3.870241088867187500e+02
3.000000000000000000e+03 2.452104166150093079e-02 1.677987670898437500e+01 1.427536987304687500e+03 3.872576293945312500e+02 2.452104166150093079e-02 1.677987670898437500e+01 1.427536987304687500e+03 3.872576293945312500e+02
4.000000000000000000e+03 1.022305339574813843e-01 1.669157218933105469e+01 1.405071411132812500e+03 3.872433776855468750e+02 1.022305339574813843e-01 1.669157218933105469e+01 1.405071411132812500e+03 3.872433776855468750e+02
5.000000000000000000e+03 5.179782509803771973e-01 1.648762321472167969e+01 1.332165771484375000e+03 3.873121948242187500e+02 5.179782509803771973e-01 1.648762321472167969e+01 1.332165771484375000e+03 3.873121948242187500e+02
6.000000000000000000e+03 6.427863836288452148e-01 1.642282867431640625e+01 1.078575439453125000e+03 3.884213256835937500e+02 6.427863836288452148e-01 1.642282867431640625e+01 1.078575439453125000e+03 3.884213256835937500e+02
7.000000000000000000e+03 9.914593100547790527e-01 2.068701171875000000e+01 7.770663452148437500e+02 3.955503845214843750e+02 9.914593100547790527e-01 2.068701171875000000e+01 7.770663452148437500e+02 3.955503845214843750e+02
8.000000000000000000e+03 1.754108548164367676e+00 2.340982055664062500e+01 6.899925537109375000e+02 4.005803527832031250e+02 1.754108548164367676e+00 2.340982055664062500e+01 6.899925537109375000e+02 4.005803527832031250e+02
9.000000000000000000e+03 2.047738552093505859e+00 2.463817787170410156e+01 5.987678222656250000e+02 4.042543945312500000e+02 2.047738552093505859e+00 2.463817787170410156e+01 5.987678222656250000e+02 4.042543945312500000e+02
1.000000000000000000e+04 1.775453209877014160e+00 2.627021598815917969e+01 3.651846008300781250e+02 4.079007568359375000e+02 1.775453209877014160e+00 2.627021598815917969e+01 3.651846008300781250e+02 4.079007568359375000e+02
1.100000000000000000e+04 1.661619901657104492e+00 3.806049728393554688e+01 2.722959327697753906e+01 4.063987121582031250e+02 1.661619901657104492e+00 3.806049728393554688e+01 2.722959327697753906e+01 4.063987121582031250e+02
1.200000000000000000e+04 1.010007619857788086e+00 4.210592651367187500e+01 9.692229270935058594e+00 3.913348083496093750e+02 1.010007619857788086e+00 4.210592651367187500e+01 9.692229270935058594e+00 3.913348083496093750e+02
1.300000000000000000e+04 8.670842051506042480e-01 4.478136825561523438e+01 7.055936336517333984e+00 3.781951904296875000e+02 8.670842051506042480e-01 4.478136825561523438e+01 7.055936336517333984e+00 3.781951904296875000e+02
1.400000000000000000e+04 8.092864751815795898e-01 4.690821838378906250e+01 6.705719947814941406e+00 3.664903259277343750e+02 8.092864751815795898e-01 4.690821838378906250e+01 6.705719947814941406e+00 3.664903259277343750e+02
1.500000000000000000e+04 7.689622044563293457e-01 4.813013839721679688e+01 6.579320907592773438e+00 3.572660522460937500e+02 7.689622044563293457e-01 4.813013839721679688e+01 6.579320907592773438e+00 3.572660522460937500e+02
1.600000000000000000e+04 7.664763331413269043e-01 4.756989669799804688e+01 6.107694625854492188e+00 3.511471862792968750e+02 7.664763331413269043e-01 4.756989669799804688e+01 6.107694625854492188e+00 3.511471862792968750e+02
1.700000000000000000e+04 7.342313528060913086e-01 4.486057662963867188e+01 5.135225296020507812e+00 3.471835937500000000e+02 7.342313528060913086e-01 4.486057662963867188e+01 5.135225296020507812e+00 3.471835937500000000e+02
1.800000000000000000e+04 6.165528893470764160e-01 3.987546920776367188e+01 3.794353723526000977e+00 3.446378479003906250e+02 6.165528893470764160e-01 3.987546920776367188e+01 3.794353723526000977e+00 3.446378479003906250e+02
1.900000000000000000e+04 4.627069234848022461e-01 3.414198684692382812e+01 2.537964344024658203e+00 3.429644165039062500e+02 4.627069234848022461e-01 3.414198684692382812e+01 2.537964344024658203e+00 3.429644165039062500e+02
2.000000000000000000e+04 3.005363345146179199e-01 2.978702354431152344e+01 1.665729522705078125e+00 3.418864746093750000e+02 3.005363345146179199e-01 2.978702354431152344e+01 1.665729522705078125e+00 3.418864746093750000e+02
