# step, loss_train, loss_test, metrics_test
0.000000000000000000e+00 2.415222473144531250e+02 1.804221210477408022e-05 3.955660629272460938e+01 1.298406005859375000e+03 2.415222473144531250e+02 1.804221210477408022e-05 3.955660629272460938e+01 1.298406005859375000e+03
1.000000000000000000e+03 2.243516082763671875e+02 7.900335913291200995e-05 8.586056828498840332e-01 6.837071478366851807e-02 2.243516082763671875e+02 7.900335913291200995e-05 8.586056828498840332e-01 6.837071478366851807e-02
2.000000000000000000e+03 2.133598785400390625e+02 3.222785424441099167e-03 1.224415779113769531e+00 1.361619383096694946e-01 2.133598785400390625e+02 3.222785424441099167e-03 1.224415779113769531e+00 1.361619383096694946e-01
3.000000000000000000e+03 2.023824157714843750e+02 1.302150823175907135e-02 1.800612807273864746e+00 2.250171750783920288e-01 2.023824157714843750e+02 1.302150823175907135e-02 1.800612807273864746e+00 2.250171750783920288e-01
4.000000000000000000e+03 1.719048156738281250e+02 2.200583741068840027e-02 1.581029176712036133e+00 4.599982738494873047e+00 1.719048156738281250e+02 2.200583741068840027e-02 1.581029176712036133e+00 4.599982738494873047e+00
5.000000000000000000e+03 1.546191711425781250e+02 2.894654497504234314e-02 1.231831073760986328e+00 4.061683177947998047e+00 1.546191711425781250e+02 2.894654497504234314e-02 1.231831073760986328e+00 4.061683177947998047e+00
6.000000000000000000e+03 1.428837585449218750e+02 2.767265960574150085e-02 1.224506974220275879e+00 2.321995496749877930e+00 1.428837585449218750e+02 2.767265960574150085e-02 1.224506974220275879e+00 2.321995496749877930e+00
7.000000000000000000e+03 1.325177459716796875e+02 2.259246073663234711e-02 1.382383346557617188e+00 2.170673370361328125e+00 1.325177459716796875e+02 2.259246073663234711e-02 1.382383346557617188e+00 2.170673370361328125e+00
8.000000000000000000e+03 1.207738418579101562e+02 1.314558368176221848e-02 1.436223626136779785e+00 2.083461999893188477e+00 1.207738418579101562e+02 1.314558368176221848e-02 1.436223626136779785e+00 2.083461999893188477e+00
9.000000000000000000e+03 1.089736480712890625e+02 8.308417163789272308e-03 1.561712265014648438e+00 1.998938798904418945e+00 1.089736480712890625e+02 8.308417163789272308e-03 1.561712265014648438e+00 1.998938798904418945e+00
1.000000000000000000e+04 9.953757476806640625e+01 8.468854241073131561e-03 1.602889299392700195e+00 1.940813779830932617e+00 9.953757476806640625e+01 8.468854241073131561e-03 1.602889299392700195e+00 1.940813779830932617e+00
1.100000000000000000e+04 9.009195709228515625e+01 1.085640676319599152e-02 1.676854014396667480e+00 1.757011055946350098e+00 9.009195709228515625e+01 1.085640676319599152e-02 1.676854014396667480e+00 1.757011055946350098e+00
1.200000000000000000e+04 7.905422973632812500e+01 1.157029625028371811e-02 1.732210040092468262e+00 1.836925387382507324e+00 7.905422973632812500e+01 1.157029625028371811e-02 1.732210040092468262e+00 1.836925387382507324e+00
1.300000000000000000e+04 7.021431732177734375e+01 1.166695449501276016e-02 1.828433156013488770e+00 1.872591733932495117e+00 7.021431732177734375e+01 1.166695449501276016e-02 1.828433156013488770e+00 1.872591733932495117e+00
1.400000000000000000e+04 6.369655609130859375e+01 1.251737587153911591e-02 1.908405065536499023e+00 1.665014266967773438e+00 6.369655609130859375e+01 1.251737587153911591e-02 1.908405065536499023e+00 1.665014266967773438e+00
1.500000000000000000e+04 5.802771377563476562e+01 1.355684641748666763e-02 1.894074320793151855e+00 1.540859103202819824e+00 5.802771377563476562e+01 1.355684641748666763e-02 1.894074320793151855e+00 1.540859103202819824e+00
1.600000000000000000e+04 5.303147506713867188e+01 1.467661000788211823e-02 1.717102766036987305e+00 1.375606775283813477e+00 5.303147506713867188e+01 1.467661000788211823e-02 1.717102766036987305e+00 1.375606775283813477e+00
1.700000000000000000e+04 4.854127883911132812e+01 1.595084741711616516e-02 1.591688632965087891e+00 1.239851236343383789e+00 4.854127883911132812e+01 1.595084741711616516e-02 1.591688632965087891e+00 1.239851236343383789e+00
1.800000000000000000e+04 4.356101989746093750e+01 1.682944782078266144e-02 1.541903495788574219e+00 1.264284610748291016e+00 4.356101989746093750e+01 1.682944782078266144e-02 1.541903495788574219e+00 1.264284610748291016e+00
1.900000000000000000e+04 3.932186889648437500e+01 1.670237071812152863e-02 1.323353767395019531e+00 1.077718496322631836e+00 3.932186889648437500e+01 1.670237071812152863e-02 1.323353767395019531e+00 1.077718496322631836e+00
2.000000000000000000e+04 3.577025985717773438e+01 1.563377305865287781e-02 1.204784274101257324e+00 9.624636769294738770e-01 3.577025985717773438e+01 1.563377305865287781e-02 1.204784274101257324e+00 9.624636769294738770e-01
