# step, loss_train, loss_test, metrics_test
0.000000000000000000e+00 4.543809890747070312e+01 1.571326702833175659e-01 1.280634164810180664e+00 2.004776382446289062e+01 4.543809890747070312e+01 1.571326702833175659e-01 1.280634164810180664e+00 2.004776382446289062e+01
1.000000000000000000e+03 2.401010894775390625e+01 1.079874873161315918e+00 5.927624702453613281e+00 4.141879081726074219e+00 2.401010894775390625e+01 1.079874873161315918e+00 5.927624702453613281e+00 4.141879081726074219e+00
2.000000000000000000e+03 1.138314342498779297e+01 3.178104400634765625e+00 8.537338256835937500e+00 3.108399152755737305e+00 1.138314342498779297e+01 3.178104400634765625e+00 8.537338256835937500e+00 3.108399152755737305e+00
3.000000000000000000e+03 6.473312854766845703e+00 2.747045755386352539e+00 4.375859260559082031e+00 3.179005861282348633e+00 6.473312854766845703e+00 2.747045755386352539e+00 4.375859260559082031e+00 3.179005861282348633e+00
4.000000000000000000e+03 2.376316547393798828e+00 1.327934980392456055e+00 7.894299626350402832e-01 3.275547266006469727e+00 2.376316547393798828e+00 1.327934980392456055e+00 7.894299626350402832e-01 3.275547266006469727e+00
5.000000000000000000e+03 1.347324490547180176e+00 8.085250854492187500e-01 1.771604418754577637e-01 2.951612234115600586e+00 1.347324490547180176e+00 8.085250854492187500e-01 1.771604418754577637e-01 2.951612234115600586e+00
6.000000000000000000e+03 1.110592126846313477e+00 4.411449432373046875e-01 9.561671316623687744e-02 2.475893974304199219e+00 1.110592126846313477e+00 4.411449432373046875e-01 9.561671316623687744e-02 2.475893974304199219e+00
7.000000000000000000e+03 9.191977381706237793e-01 2.107069939374923706e-01 4.161601141095161438e-02 2.022119522094726562e+00 9.191977381706237793e-01 2.107069939374923706e-01 4.161601141095161438e-02 2.022119522094726562e+00
8.000000000000000000e+03 6.972010135650634766e-01 1.440663188695907593e-01 1.771816983819007874e-02 1.664281249046325684e+00 6.972010135650634766e-01 1.440663188695907593e-01 1.771816983819007874e-02 1.664281249046325684e+00
9.000000000000000000e+03 5.126596689224243164e-01 1.292140334844589233e-01 1.422513276338577271e-02 1.396541357040405273e+00 5.126596689224243164e-01 1.292140334844589233e-01 1.422513276338577271e-02 1.396541357040405273e+00
1.000000000000000000e+04 4.047713875770568848e-01 1.097268834710121155e-01 1.423597615212202072e-02 1.199381351470947266e+00 4.047713875770568848e-01 1.097268834710121155e-01 1.423597615212202072e-02 1.199381351470947266e+00
1.100000000000000000e+04 3.408284485340118408e-01 7.941388338804244995e-02 1.546329911798238754e-02 1.048569321632385254e+00 3.408284485340118408e-01 7.941388338804244995e-02 1.546329911798238754e-02 1.048569321632385254e+00
1.200000000000000000e+04 3.041018545627593994e-01 5.984449014067649841e-02 1.325082220137119293e-02 9.038986563682556152e-01 3.041018545627593994e-01 5.984449014067649841e-02 1.325082220137119293e-02 9.038986563682556152e-01
1.300000000000000000e+04 2.770441174507141113e-01 5.005390569567680359e-02 1.432930212467908859e-02 7.560304999351501465e-01 2.770441174507141113e-01 5.005390569567680359e-02 1.432930212467908859e-02 7.560304999351501465e-01
1.400000000000000000e+04 2.536796033382415771e-01 4.335689172148704529e-02 1.702474057674407959e-02 6.155432462692260742e-01 2.536796033382415771e-01 4.335689172148704529e-02 1.702474057674407959e-02 6.155432462692260742e-01
1.500000000000000000e+04 2.316211014986038208e-01 4.026628285646438599e-02 1.876026764512062073e-02 4.954616129398345947e-01 2.316211014986038208e-01 4.026628285646438599e-02 1.876026764512062073e-02 4.954616129398345947e-01
1.600000000000000000e+04 2.086152583360671997e-01 4.081680253148078918e-02 1.964256726205348969e-02 3.971108794212341309e-01 2.086152583360671997e-01 4.081680253148078918e-02 1.964256726205348969e-02 3.971108794212341309e-01
1.700000000000000000e+04 1.868916302919387817e-01 4.150798544287681580e-02 1.949957944452762604e-02 3.168451189994812012e-01 1.868916302919387817e-01 4.150798544287681580e-02 1.949957944452762604e-02 3.168451189994812012e-01
1.800000000000000000e+04 1.632525622844696045e-01 4.144268855452537537e-02 1.847671531140804291e-02 2.483774721622467041e-01 1.632525622844696045e-01 4.144268855452537537e-02 1.847671531140804291e-02 2.483774721622467041e-01
1.900000000000000000e+04 1.403038352727890015e-01 3.970571234822273254e-02 1.638118736445903778e-02 1.895545423030853271e-01 1.403038352727890015e-01 3.970571234822273254e-02 1.638118736445903778e-02 1.895545423030853271e-01
2.000000000000000000e+04 1.184946224093437195e-01 3.637998923659324646e-02 1.349546294659376144e-02 1.409222185611724854e-01 1.184946224093437195e-01 3.637998923659324646e-02 1.349546294659376144e-02 1.409222185611724854e-01
