# step, loss_train, loss_test, metrics_test
0.000000000000000000e+00 3.791733932495117188e+01 1.571326702833175659e-01 1.280634164810180664e+00 2.004776382446289062e+01 3.791733932495117188e+01 1.571326702833175659e-01 1.280634164810180664e+00 2.004776382446289062e+01
1.000000000000000000e+03 1.134817981719970703e+01 1.426030397415161133e+00 7.185377597808837891e+00 3.738757610321044922e+00 1.134817981719970703e+01 1.426030397415161133e+00 7.185377597808837891e+00 3.738757610321044922e+00
2.000000000000000000e+03 6.908473014831542969e+00 2.026843309402465820e+00 7.771133422851562500e+00 2.974437713623046875e+00 6.908473014831542969e+00 2.026843309402465820e+00 7.771133422851562500e+00 2.974437713623046875e+00
3.000000000000000000e+03 5.182956218719482422e+00 1.700911521911621094e+00 4.679945468902587891e+00 3.084232568740844727e+00 5.182956218719482422e+00 1.700911521911621094e+00 4.679945468902587891e+00 3.084232568740844727e+00
4.000000000000000000e+03 2.268273353576660156e+00 9.137924313545227051e-01 1.003302454948425293e+00 3.026034355163574219e+00 2.268273353576660156e+00 9.137924313545227051e-01 1.003302454948425293e+00 3.026034355163574219e+00
5.000000000000000000e+03 1.210165262222290039e+00 6.094592213630676270e-01 1.547685712575912476e-01 2.779772758483886719e+00 1.210165262222290039e+00 6.094592213630676270e-01 1.547685712575912476e-01 2.779772758483886719e+00
6.000000000000000000e+03 9.954329133033752441e-01 4.119952321052551270e-01 5.821790173649787903e-02 2.351278543472290039e+00 9.954329133033752441e-01 4.119952321052551270e-01 5.821790173649787903e-02 2.351278543472290039e+00
7.000000000000000000e+03 8.455317616462707520e-01 2.328728735446929932e-01 2.818029560148715973e-02 1.958620190620422363e+00 8.455317616462707520e-01 2.328728735446929932e-01 2.818029560148715973e-02 1.958620190620422363e+00
8.000000000000000000e+03 6.264823079109191895e-01 1.421803683042526245e-01 1.592388749122619629e-02 1.582744717597961426e+00 6.264823079109191895e-01 1.421803683042526245e-01 1.592388749122619629e-02 1.582744717597961426e+00
9.000000000000000000e+03 4.411321878433227539e-01 1.074237376451492310e-01 1.582847349345684052e-02 1.294426202774047852e+00 4.411321878433227539e-01 1.074237376451492310e-01 1.582847349345684052e-02 1.294426202774047852e+00
1.000000000000000000e+04 3.448294103145599365e-01 8.305785804986953735e-02 1.829087175428867340e-02 1.088529348373413086e+00 3.448294103145599365e-01 8.305785804986953735e-02 1.829087175428867340e-02 1.088529348373413086e+00
1.100000000000000000e+04 2.935780286788940430e-01 6.694085896015167236e-02 1.908724568784236908e-02 9.306040406227111816e-01 2.935780286788940430e-01 6.694085896015167236e-02 1.908724568784236908e-02 9.306040406227111816e-01
1.200000000000000000e+04 2.750138044357299805e-01 5.745131894946098328e-02 1.877813786268234253e-02 7.717873454093933105e-01 2.750138044357299805e-01 5.745131894946098328e-02 1.877813786268234253e-02 7.717873454093933105e-01
1.300000000000000000e+04 2.612331509590148926e-01 5.041285231709480286e-02 1.950546540319919586e-02 6.438847184181213379e-01 2.612331509590148926e-01 5.041285231709480286e-02 1.950546540319919586e-02 6.438847184181213379e-01
1.400000000000000000e+04 2.462350726127624512e-01 4.534102231264114380e-02 2.020048908889293671e-02 5.426990985870361328e-01 2.462350726127624512e-01 4.534102231264114380e-02 2.020048908889293671e-02 5.426990985870361328e-01
1.500000000000000000e+04 2.287367284297943115e-01 4.160941764712333679e-02 2.144978567957878113e-02 4.568915367126464844e-01 2.287367284297943115e-01 4.160941764712333679e-02 2.144978567957878113e-02 4.568915367126464844e-01
1.600000000000000000e+04 2.051871120929718018e-01 3.884989023208618164e-02 2.305101789534091949e-02 3.816397488117218018e-01 2.051871120929718018e-01 3.884989023208618164e-02 2.305101789534091949e-02 3.816397488117218018e-01
1.700000000000000000e+04 1.820306181907653809e-01 3.608211129903793335e-02 2.466987073421478271e-02 3.119154870510101318e-01 1.820306181907653809e-01 3.608211129903793335e-02 2.466987073421478271e-02 3.119154870510101318e-01
1.800000000000000000e+04 1.625483632087707520e-01 3.296246752142906189e-02 2.512236312031745911e-02 2.491878122091293335e-01 1.625483632087707520e-01 3.296246752142906189e-02 2.512236312031745911e-02 2.491878122091293335e-01
1.900000000000000000e+04 1.451322734355926514e-01 2.945425547659397125e-02 2.411856502294540405e-02 1.962266564369201660e-01 1.451322734355926514e-01 2.945425547659397125e-02 2.411856502294540405e-02 1.962266564369201660e-01
2.000000000000000000e+04 1.292762160301208496e-01 2.556562423706054688e-02 2.202603779733181000e-02 1.534803807735443115e-01 1.292762160301208496e-01 2.556562423706054688e-02 2.202603779733181000e-02 1.534803807735443115e-01
