# step, loss_train, loss_test, metrics_test
0.000000000000000000e+00 3.114447402954101562e+01 1.571326702833175659e-01 1.280634164810180664e+00 2.004776382446289062e+01 3.114447402954101562e+01 1.571326702833175659e-01 1.280634164810180664e+00 2.004776382446289062e+01
1.000000000000000000e+03 7.486150741577148438e+00 1.042689561843872070e+00 6.802073955535888672e+00 3.420362710952758789e+00 7.486150741577148438e+00 1.042689561843872070e+00 6.802073955535888672e+00 3.420362710952758789e+00
2.000000000000000000e+03 5.632468223571777344e+00 1.088928461074829102e+00 6.591725349426269531e+00 2.904091596603393555e+00 5.632468223571777344e+00 1.088928461074829102e+00 6.591725349426269531e+00 2.904091596603393555e+00
3.000000000000000000e+03 4.416825771331787109e+00 9.547106027603149414e-01 4.461981773376464844e+00 3.032656908035278320e+00 4.416825771331787109e+00 9.547106027603149414e-01 4.461981773376464844e+00 3.032656908035278320e+00
4.000000000000000000e+03 2.129362344741821289e+00 6.030038595199584961e-01 1.174728155136108398e+00 2.914822578430175781e+00 2.129362344741821289e+00 6.030038595199584961e-01 1.174728155136108398e+00 2.914822578430175781e+00
5.000000000000000000e+03 1.067855000495910645e+00 4.797060191631317139e-01 1.544000506401062012e-01 2.662144660949707031e+00 1.067855000495910645e+00 4.797060191631317139e-01 1.544000506401062012e-01 2.662144660949707031e+00
6.000000000000000000e+03 8.293895125389099121e-01 4.002416729927062988e-01 4.727057367563247681e-02 2.317010164260864258e+00 8.293895125389099121e-01 4.002416729927062988e-01 4.727057367563247681e-02 2.317010164260864258e+00
7.000000000000000000e+03 6.338585615158081055e-01 2.793287336826324463e-01 2.809971384704113007e-02 1.884390592575073242e+00 6.338585615158081055e-01 2.793287336826324463e-01 2.809971384704113007e-02 1.884390592575073242e+00
8.000000000000000000e+03 4.445430636405944824e-01 1.497144699096679688e-01 2.192894741892814636e-02 1.497618317604064941e+00 4.445430636405944824e-01 1.497144699096679688e-01 2.192894741892814636e-02 1.497618317604064941e+00
9.000000000000000000e+03 3.724735081195831299e-01 8.955138176679611206e-02 2.491120807826519012e-02 1.235381603240966797e+00 3.724735081195831299e-01 8.955138176679611206e-02 2.491120807826519012e-02 1.235381603240966797e+00
1.000000000000000000e+04 3.243359625339508057e-01 6.610687077045440674e-02 1.999189704656600952e-02 1.036088585853576660e+00 3.243359625339508057e-01 6.610687077045440674e-02 1.999189704656600952e-02 1.036088585853576660e+00
1.100000000000000000e+04 2.861530184745788574e-01 5.626765638589859009e-02 1.838663779199123383e-02 8.468642830848693848e-01 2.861530184745788574e-01 5.626765638589859009e-02 1.838663779199123383e-02 8.468642830848693848e-01
1.200000000000000000e+04 2.517319321632385254e-01 4.879602417349815369e-02 1.977252960205078125e-02 6.851979494094848633e-01 2.517319321632385254e-01 4.879602417349815369e-02 1.977252960205078125e-02 6.851979494094848633e-01
1.300000000000000000e+04 2.244907021522521973e-01 4.262701794505119324e-02 2.188033796846866608e-02 5.425547957420349121e-01 2.244907021522521973e-01 4.262701794505119324e-02 2.188033796846866608e-02 5.425547957420349121e-01
1.400000000000000000e+04 2.016970962285995483e-01 3.911723569035530090e-02 2.223971299827098846e-02 4.157664775848388672e-01 2.016970962285995483e-01 3.911723569035530090e-02 2.223971299827098846e-02 4.157664775848388672e-01
1.500000000000000000e+04 1.806392073631286621e-01 3.665120154619216919e-02 2.125381492078304291e-02 3.161986172199249268e-01 1.806392073631286621e-01 3.665120154619216919e-02 2.125381492078304291e-02 3.161986172199249268e-01
1.600000000000000000e+04 1.606730073690414429e-01 3.312798961997032166e-02 2.013760618865489960e-02 2.386188656091690063e-01 1.606730073690414429e-01 3.312798961997032166e-02 2.013760618865489960e-02 2.386188656091690063e-01
1.700000000000000000e+04 1.406510472297668457e-01 2.871378138661384583e-02 1.912677288055419922e-02 1.759666204452514648e-01 1.406510472297668457e-01 2.871378138661384583e-02 1.912677288055419922e-02 1.759666204452514648e-01
1.800000000000000000e+04 1.164738684892654419e-01 2.420528046786785126e-02 1.703014038503170013e-02 1.255344450473785400e-01 1.164738684892654419e-01 2.420528046786785126e-02 1.703014038503170013e-02 1.255344450473785400e-01
1.900000000000000000e+04 9.300883114337921143e-02 2.012661471962928772e-02 1.280485093593597412e-02 8.765846490859985352e-02 9.300883114337921143e-02 2.012661471962928772e-02 1.280485093593597412e-02 8.765846490859985352e-02
2.000000000000000000e+04 7.459852099418640137e-02 1.626479066908359528e-02 9.025938808917999268e-03 6.108264625072479248e-02 7.459852099418640137e-02 1.626479066908359528e-02 9.025938808917999268e-03 6.108264625072479248e-02
