# step, loss_train, loss_test, metrics_test
0.000000000000000000e+00 2.511951637268066406e+01 1.571326702833175659e-01 1.280634164810180664e+00 2.004776382446289062e+01 2.511951637268066406e+01 1.571326702833175659e-01 1.280634164810180664e+00 2.004776382446289062e+01
1.000000000000000000e+03 6.236238002777099609e+00 6.187284588813781738e-01 6.005235195159912109e+00 3.272313594818115234e+00 6.236238002777099609e+00 6.187284588813781738e-01 6.005235195159912109e+00 3.272313594818115234e+00
2.000000000000000000e+03 4.903217792510986328e+00 5.914131402969360352e-01 5.665040493011474609e+00 2.894335508346557617e+00 4.903217792510986328e+00 5.914131402969360352e-01 5.665040493011474609e+00 2.894335508346557617e+00
3.000000000000000000e+03 3.752954244613647461e+00 5.278786420822143555e-01 4.047679424285888672e+00 3.009496927261352539e+00 3.752954244613647461e+00 5.278786420822143555e-01 4.047679424285888672e+00 3.009496927261352539e+00
4.000000000000000000e+03 1.935100913047790527e+00 3.739798665046691895e-01 1.235380530357360840e+00 2.838570356369018555e+00 1.935100913047790527e+00 3.739798665046691895e-01 1.235380530357360840e+00 2.838570356369018555e+00
5.000000000000000000e+03 9.936879873275756836e-01 3.479327559471130371e-01 1.704786568880081177e-01 2.568907499313354492e+00 9.936879873275756836e-01 3.479327559471130371e-01 1.704786568880081177e-01 2.568907499313354492e+00
6.000000000000000000e+03 7.346243262290954590e-01 3.402015864849090576e-01 5.005002766847610474e-02 2.229822874069213867e+00 7.346243262290954590e-01 3.402015864849090576e-01 5.005002766847610474e-02 2.229822874069213867e+00
7.000000000000000000e+03 5.271494388580322266e-01 2.738250195980072021e-01 2.877413108944892883e-02 1.812630891799926758e+00 5.271494388580322266e-01 2.738250195980072021e-01 2.877413108944892883e-02 1.812630891799926758e+00
8.000000000000000000e+03 3.829373419284820557e-01 1.642402708530426025e-01 3.134686499834060669e-02 1.493725895881652832e+00 3.829373419284820557e-01 1.642402708530426025e-01 3.134686499834060669e-02 1.493725895881652832e+00
9.000000000000000000e+03 3.417933285236358643e-01 9.968660771846771240e-02 2.778028883039951324e-02 1.251685500144958496e+00 3.417933285236358643e-01 9.968660771846771240e-02 2.778028883039951324e-02 1.251685500144958496e+00
1.000000000000000000e+04 3.142489790916442871e-01 7.652892917394638062e-02 2.076372876763343811e-02 1.052034139633178711e+00 3.142489790916442871e-01 7.652892917394638062e-02 2.076372876763343811e-02 1.052034139633178711e+00
1.100000000000000000e+04 2.947326600551605225e-01 6.558902561664581299e-02 1.921499334275722504e-02 8.879558444023132324e-01 2.947326600551605225e-01 6.558902561664581299e-02 1.921499334275722504e-02 8.879558444023132324e-01
1.200000000000000000e+04 2.771068215370178223e-01 5.636459216475486755e-02 2.083411812782287598e-02 7.518362998962402344e-01 2.771068215370178223e-01 5.636459216475486755e-02 2.083411812782287598e-02 7.518362998962402344e-01
1.300000000000000000e+04 2.611488997936248779e-01 4.948310181498527527e-02 2.150478400290012360e-02 6.291484832763671875e-01 2.611488997936248779e-01 4.948310181498527527e-02 2.150478400290012360e-02 6.291484832763671875e-01
1.400000000000000000e+04 2.393842488527297974e-01 4.492285847663879395e-02 2.071476541459560394e-02 5.212397575378417969e-01 2.393842488527297974e-01 4.492285847663879395e-02 2.071476541459560394e-02 5.212397575378417969e-01
1.500000000000000000e+04 2.179691493511199951e-01 4.051204398274421692e-02 2.174665592610836029e-02 4.244355857372283936e-01 2.179691493511199951e-01 4.051204398274421692e-02 2.174665592610836029e-02 4.244355857372283936e-01
1.600000000000000000e+04 1.938553154468536377e-01 3.684679791331291199e-02 2.327457070350646973e-02 3.382231891155242920e-01 1.938553154468536377e-01 3.684679791331291199e-02 2.327457070350646973e-02 3.382231891155242920e-01
1.700000000000000000e+04 1.689606159925460815e-01 3.400926664471626282e-02 2.305833809077739716e-02 2.627815604209899902e-01 1.689606159925460815e-01 3.400926664471626282e-02 2.305833809077739716e-02 2.627815604209899902e-01
1.800000000000000000e+04 1.484501808881759644e-01 3.110548853874206543e-02 2.086719311773777008e-02 1.990621685981750488e-01 1.484501808881759644e-01 3.110548853874206543e-02 2.086719311773777008e-02 1.990621685981750488e-01
1.900000000000000000e+04 1.260884404182434082e-01 2.712665870785713196e-02 1.643766649067401886e-02 1.473351567983627319e-01 1.260884404182434082e-01 2.712665870785713196e-02 1.643766649067401886e-02 1.473351567983627319e-01
2.000000000000000000e+04 1.021921187639236450e-01 2.219339460134506226e-02 1.171122957020998001e-02 1.063867136836051941e-01 1.021921187639236450e-01 2.219339460134506226e-02 1.171122957020998001e-02 1.063867136836051941e-01
