# step, loss_train, loss_test, metrics_test
0.000000000000000000e+00 1.984246063232421875e+01 1.571326702833175659e-01 1.280634164810180664e+00 2.004776382446289062e+01 1.984246063232421875e+01 1.571326702833175659e-01 1.280634164810180664e+00 2.004776382446289062e+01
1.000000000000000000e+03 5.377783298492431641e+00 3.610804975032806396e-01 5.330809116363525391e+00 3.239498615264892578e+00 5.377783298492431641e+00 3.610804975032806396e-01 5.330809116363525391e+00 3.239498615264892578e+00
2.000000000000000000e+03 4.241107463836669922e+00 3.380561769008636475e-01 4.994327545166015625e+00 2.919105291366577148e+00 4.241107463836669922e+00 3.380561769008636475e-01 4.994327545166015625e+00 2.919105291366577148e+00
3.000000000000000000e+03 3.131598949432373047e+00 3.046115338802337646e-01 3.653177738189697266e+00 2.997952699661254883e+00 3.131598949432373047e+00 3.046115338802337646e-01 3.653177738189697266e+00 2.997952699661254883e+00
4.000000000000000000e+03 1.640156745910644531e+00 2.630037367343902588e-01 1.232545733451843262e+00 2.805872678756713867e+00 1.640156745910644531e+00 2.630037367343902588e-01 1.232545733451843262e+00 2.805872678756713867e+00
5.000000000000000000e+03 9.761307835578918457e-01 2.727116048336029053e-01 1.952151507139205933e-01 2.491641521453857422e+00 9.761307835578918457e-01 2.727116048336029053e-01 1.952151507139205933e-01 2.491641521453857422e+00
6.000000000000000000e+03 6.798494458198547363e-01 3.054621815681457520e-01 5.118758231401443481e-02 2.189770936965942383e+00 6.798494458198547363e-01 3.054621815681457520e-01 5.118758231401443481e-02 2.189770936965942383e+00
7.000000000000000000e+03 4.707574844360351562e-01 2.892470359802246094e-01 3.281960636377334595e-02 1.874413132667541504e+00 4.707574844360351562e-01 2.892470359802246094e-01 3.281960636377334595e-02 1.874413132667541504e+00
8.000000000000000000e+03 3.326494991779327393e-01 1.886227577924728394e-01 4.260559007525444031e-02 1.587006449699401855e+00 3.326494991779327393e-01 1.886227577924728394e-01 4.260559007525444031e-02 1.587006449699401855e+00
9.000000000000000000e+03 3.206706345081329346e-01 1.324579566717147827e-01 3.296058252453804016e-02 1.311211585998535156e+00 3.206706345081329346e-01 1.324579566717147827e-01 3.296058252453804016e-02 1.311211585998535156e+00
1.000000000000000000e+04 3.218665122985839844e-01 9.699123352766036987e-02 2.079870738089084625e-02 1.094427585601806641e+00 3.218665122985839844e-01 9.699123352766036987e-02 2.079870738089084625e-02 1.094427585601806641e+00
1.100000000000000000e+04 3.106226921081542969e-01 8.086682111024856567e-02 1.745315827429294586e-02 9.284387230873107910e-01 3.106226921081542969e-01 8.086682111024856567e-02 1.745315827429294586e-02 9.284387230873107910e-01
1.200000000000000000e+04 2.944382429122924805e-01 7.188259810209274292e-02 1.797856204211711884e-02 7.899078726768493652e-01 2.944382429122924805e-01 7.188259810209274292e-02 1.797856204211711884e-02 7.899078726768493652e-01
1.300000000000000000e+04 2.739753723144531250e-01 6.555219739675521851e-02 1.919222436845302582e-02 6.706855893135070801e-01 2.739753723144531250e-01 6.555219739675521851e-02 1.919222436845302582e-02 6.706855893135070801e-01
1.400000000000000000e+04 2.466723471879959106e-01 6.065810844302177429e-02 2.130577526986598969e-02 5.608459711074829102e-01 2.466723471879959106e-01 6.065810844302177429e-02 2.130577526986598969e-02 5.608459711074829102e-01
1.500000000000000000e+04 2.150123715400695801e-01 5.689249187707901001e-02 2.522278390824794769e-02 4.542943239212036133e-01 2.150123715400695801e-01 5.689249187707901001e-02 2.522278390824794769e-02 4.542943239212036133e-01
1.600000000000000000e+04 1.851558983325958252e-01 5.424231290817260742e-02 2.667851559817790985e-02 3.509224057197570801e-01 1.851558983325958252e-01 5.424231290817260742e-02 2.667851559817790985e-02 3.509224057197570801e-01
1.700000000000000000e+04 1.583117544651031494e-01 5.111144110560417175e-02 2.322212420403957367e-02 2.609393298625946045e-01 1.583117544651031494e-01 5.111144110560417175e-02 2.322212420403957367e-02 2.609393298625946045e-01
1.800000000000000000e+04 1.349462717771530151e-01 4.680087044835090637e-02 1.771342940628528595e-02 1.911528110504150391e-01 1.349462717771530151e-01 4.680087044835090637e-02 1.771342940628528595e-02 1.911528110504150391e-01
1.900000000000000000e+04 1.156662926077842712e-01 4.132859036326408386e-02 1.260733138769865036e-02 1.405631303787231445e-01 1.156662926077842712e-01 4.132859036326408386e-02 1.260733138769865036e-02 1.405631303787231445e-01
2.000000000000000000e+04 9.809672832489013672e-02 3.521225973963737488e-02 8.990332484245300293e-03 1.045436337590217590e-01 9.809672832489013672e-02 3.521225973963737488e-02 8.990332484245300293e-03 1.045436337590217590e-01
