# step, loss_train, loss_test, metrics_test
0.000000000000000000e+00 1.531330585479736328e+01 1.571326702833175659e-01 1.280634164810180664e+00 2.004776382446289062e+01 1.531330585479736328e+01 1.571326702833175659e-01 1.280634164810180664e+00 2.004776382446289062e+01
1.000000000000000000e+03 4.580593109130859375e+00 2.209082692861557007e-01 4.805183410644531250e+00 3.267110586166381836e+00 4.580593109130859375e+00 2.209082692861557007e-01 4.805183410644531250e+00 3.267110586166381836e+00
2.000000000000000000e+03 3.594141960144042969e+00 2.072283029556274414e-01 4.495919227600097656e+00 2.958977699279785156e+00 3.594141960144042969e+00 2.072283029556274414e-01 4.495919227600097656e+00 2.958977699279785156e+00
3.000000000000000000e+03 2.578119993209838867e+00 1.911274045705795288e-01 3.348615407943725586e+00 2.983129501342773438e+00 2.578119993209838867e+00 1.911274045705795288e-01 3.348615407943725586e+00 2.983129501342773438e+00
4.000000000000000000e+03 1.492423057556152344e+00 1.880204677581787109e-01 1.257509708404541016e+00 2.767671346664428711e+00 1.492423057556152344e+00 1.880204677581787109e-01 1.257509708404541016e+00 2.767671346664428711e+00
5.000000000000000000e+03 9.452660083770751953e-01 2.004707306623458862e-01 2.172781974077224731e-01 2.480070590972900391e+00 9.452660083770751953e-01 2.004707306623458862e-01 2.172781974077224731e-01 2.480070590972900391e+00
6.000000000000000000e+03 6.451557874679565430e-01 2.349294424057006836e-01 5.535486340522766113e-02 2.181457281112670898e+00 6.451557874679565430e-01 2.349294424057006836e-01 5.535486340522766113e-02 2.181457281112670898e+00
7.000000000000000000e+03 4.366040229797363281e-01 2.485383003950119019e-01 3.688753023743629456e-02 1.886725783348083496e+00 4.366040229797363281e-01 2.485383003950119019e-01 3.688753023743629456e-02 1.886725783348083496e+00
8.000000000000000000e+03 3.180000782012939453e-01 2.092238217592239380e-01 4.294574633240699768e-02 1.635158658027648926e+00 3.180000782012939453e-01 2.092238217592239380e-01 4.294574633240699768e-02 1.635158658027648926e+00
9.000000000000000000e+03 2.859052717685699463e-01 1.580809354782104492e-01 3.863049298524856567e-02 1.387875080108642578e+00 2.859052717685699463e-01 1.580809354782104492e-01 3.863049298524856567e-02 1.387875080108642578e+00
1.000000000000000000e+04 3.036419153213500977e-01 1.274840086698532104e-01 2.337725460529327393e-02 1.175217628479003906e+00 3.036419153213500977e-01 1.274840086698532104e-01 2.337725460529327393e-02 1.175217628479003906e+00
1.100000000000000000e+04 2.974926233291625977e-01 1.049546524882316589e-01 1.642822287976741791e-02 1.012094259262084961e+00 2.974926233291625977e-01 1.049546524882316589e-01 1.642822287976741791e-02 1.012094259262084961e+00
1.200000000000000000e+04 2.918845117092132568e-01 9.346842020750045776e-02 1.654176227748394012e-02 8.622885942459106445e-01 2.918845117092132568e-01 9.346842020750045776e-02 1.654176227748394012e-02 8.622885942459106445e-01
1.300000000000000000e+04 2.789139449596405029e-01 8.697874844074249268e-02 1.960998214781284332e-02 7.310557365417480469e-01 2.789139449596405029e-01 8.697874844074249268e-02 1.960998214781284332e-02 7.310557365417480469e-01
1.400000000000000000e+04 2.592422366142272949e-01 7.842984050512313843e-02 2.292682603001594543e-02 6.110627651214599609e-01 2.592422366142272949e-01 7.842984050512313843e-02 2.292682603001594543e-02 6.110627651214599609e-01
1.500000000000000000e+04 2.342829406261444092e-01 7.290822267532348633e-02 2.470628358423709869e-02 5.051812529563903809e-01 2.342829406261444092e-01 7.290822267532348633e-02 2.470628358423709869e-02 5.051812529563903809e-01
1.600000000000000000e+04 2.082391381263732910e-01 6.796546280384063721e-02 2.351455762982368469e-02 4.092896878719329834e-01 2.082391381263732910e-01 6.796546280384063721e-02 2.351455762982368469e-02 4.092896878719329834e-01
1.700000000000000000e+04 1.834834665060043335e-01 6.233986839652061462e-02 2.189413458108901978e-02 3.234511613845825195e-01 1.834834665060043335e-01 6.233986839652061462e-02 2.189413458108901978e-02 3.234511613845825195e-01
1.800000000000000000e+04 1.588568687438964844e-01 5.661378055810928345e-02 2.048161998391151428e-02 2.495575994253158569e-01 1.588568687438964844e-01 5.661378055810928345e-02 2.048161998391151428e-02 2.495575994253158569e-01
1.900000000000000000e+04 1.334214359521865845e-01 5.161777138710021973e-02 1.784212142229080200e-02 1.876186579465866089e-01 1.334214359521865845e-01 5.161777138710021973e-02 1.784212142229080200e-02 1.876186579465866089e-01
2.000000000000000000e+04 1.099933311343193054e-01 4.669523239135742188e-02 1.443951856344938278e-02 1.375003904104232788e-01 1.099933311343193054e-01 4.669523239135742188e-02 1.443951856344938278e-02 1.375003904104232788e-01
