# step, loss_train, loss_test, metrics_test
0.000000000000000000e+00 1.153205204010009766e+01 1.571326702833175659e-01 1.280634164810180664e+00 2.004776382446289062e+01 1.153205204010009766e+01 1.571326702833175659e-01 1.280634164810180664e+00 2.004776382446289062e+01
1.000000000000000000e+03 3.834327697753906250e+00 1.451290100812911987e-01 4.383355617523193359e+00 3.321768283843994141e+00 3.834327697753906250e+00 1.451290100812911987e-01 4.383355617523193359e+00 3.321768283843994141e+00
2.000000000000000000e+03 2.993289947509765625e+00 1.380232274532318115e-01 4.110613346099853516e+00 3.003503084182739258e+00 2.993289947509765625e+00 1.380232274532318115e-01 4.110613346099853516e+00 3.003503084182739258e+00
3.000000000000000000e+03 2.132144689559936523e+00 1.340437382459640503e-01 3.141653537750244141e+00 2.960084676742553711e+00 2.132144689559936523e+00 1.340437382459640503e-01 3.141653537750244141e+00 2.960084676742553711e+00
4.000000000000000000e+03 1.403871536254882812e+00 1.397861093282699585e-01 1.372487902641296387e+00 2.749698877334594727e+00 1.403871536254882812e+00 1.397861093282699585e-01 1.372487902641296387e+00 2.749698877334594727e+00
5.000000000000000000e+03 9.193799495697021484e-01 1.512048542499542236e-01 2.607782781124114990e-01 2.480609416961669922e+00 9.193799495697021484e-01 1.512048542499542236e-01 2.607782781124114990e-01 2.480609416961669922e+00
6.000000000000000000e+03 6.223770976066589355e-01 1.805019825696945190e-01 6.389536708593368530e-02 2.182438611984252930e+00 6.223770976066589355e-01 1.805019825696945190e-01 6.389536708593368530e-02 2.182438611984252930e+00
7.000000000000000000e+03 4.249902367591857910e-01 2.034463137388229370e-01 3.955401852726936340e-02 1.902790188789367676e+00 4.249902367591857910e-01 2.034463137388229370e-01 3.955401852726936340e-02 1.902790188789367676e+00
8.000000000000000000e+03 3.217515945434570312e-01 1.929245442152023315e-01 4.261084645986557007e-02 1.666947245597839355e+00 3.217515945434570312e-01 1.929245442152023315e-01 4.261084645986557007e-02 1.666947245597839355e+00
9.000000000000000000e+03 2.780433595180511475e-01 1.682407706975936890e-01 3.624408319592475891e-02 1.445590734481811523e+00 2.780433595180511475e-01 1.682407706975936890e-01 3.624408319592475891e-02 1.445590734481811523e+00
1.000000000000000000e+04 2.875335514545440674e-01 1.430653631687164307e-01 2.348931506276130676e-02 1.240608334541320801e+00 2.875335514545440674e-01 1.430653631687164307e-01 2.348931506276130676e-02 1.240608334541320801e+00
1.100000000000000000e+04 2.859849929809570312e-01 1.229388713836669922e-01 1.682123355567455292e-02 1.082218170166015625e+00 2.859849929809570312e-01 1.229388713836669922e-01 1.682123355567455292e-02 1.082218170166015625e+00
1.200000000000000000e+04 2.805408239364624023e-01 1.114867925643920898e-01 1.553604658693075180e-02 9.391364455223083496e-01 2.805408239364624023e-01 1.114867925643920898e-01 1.553604658693075180e-02 9.391364455223083496e-01
1.300000000000000000e+04 2.681576907634735107e-01 1.058735996484756470e-01 1.773490756750106812e-02 7.958405613899230957e-01 2.681576907634735107e-01 1.058735996484756470e-01 1.773490756750106812e-02 7.958405613899230957e-01
1.400000000000000000e+04 2.532106339931488037e-01 1.001662537455558777e-01 2.151798270642757416e-02 6.573014855384826660e-01 2.532106339931488037e-01 1.001662537455558777e-01 2.151798270642757416e-02 6.573014855384826660e-01
1.500000000000000000e+04 2.334878593683242798e-01 9.461153298616409302e-02 2.417961135506629944e-02 5.421683192253112793e-01 2.334878593683242798e-01 9.461153298616409302e-02 2.417961135506629944e-02 5.421683192253112793e-01
1.600000000000000000e+04 2.087215930223464966e-01 8.832612633705139160e-02 2.468934468924999237e-02 4.434657692909240723e-01 2.087215930223464966e-01 8.832612633705139160e-02 2.468934468924999237e-02 4.434657692909240723e-01
1.700000000000000000e+04 1.831861734390258789e-01 8.104362338781356812e-02 2.303540520370006561e-02 3.549345433712005615e-01 1.831861734390258789e-01 8.104362338781356812e-02 2.303540520370006561e-02 3.549345433712005615e-01
1.800000000000000000e+04 1.560480445623397827e-01 7.431783527135848999e-02 1.976326480507850647e-02 2.737630009651184082e-01 1.560480445623397827e-01 7.431783527135848999e-02 1.976326480507850647e-02 2.737630009651184082e-01
1.900000000000000000e+04 1.332317292690277100e-01 6.730378419160842896e-02 1.556723844259977341e-02 2.046705931425094604e-01 1.332317292690277100e-01 6.730378419160842896e-02 1.556723844259977341e-02 2.046705931425094604e-01
2.000000000000000000e+04 1.146073862910270691e-01 5.980047211050987244e-02 1.168400049209594727e-02 1.519089937210083008e-01 1.146073862910270691e-01 5.980047211050987244e-02 1.168400049209594727e-02 1.519089937210083008e-01
