# step, loss_train, loss_test, metrics_test
0.000000000000000000e+00 8.498702049255371094e+00 1.571326702833175659e-01 1.280634164810180664e+00 2.004776382446289062e+01 8.498702049255371094e+00 1.571326702833175659e-01 1.280634164810180664e+00 2.004776382446289062e+01
1.000000000000000000e+03 3.160499334335327148e+00 1.042626723647117615e-01 4.026134014129638672e+00 3.393416166305541992e+00 3.160499334335327148e+00 1.042626723647117615e-01 4.026134014129638672e+00 3.393416166305541992e+00
2.000000000000000000e+03 2.461733102798461914e+00 1.010617539286613464e-01 3.801181554794311523e+00 3.053131580352783203e+00 2.461733102798461914e+00 1.010617539286613464e-01 3.801181554794311523e+00 3.053131580352783203e+00
3.000000000000000000e+03 1.780385255813598633e+00 1.037601977586746216e-01 2.998256683349609375e+00 2.936782836914062500e+00 1.780385255813598633e+00 1.037601977586746216e-01 2.998256683349609375e+00 2.936782836914062500e+00
4.000000000000000000e+03 1.329907178878784180e+00 1.086081489920616150e-01 1.589376688003540039e+00 2.762755632400512695e+00 1.329907178878784180e+00 1.086081489920616150e-01 1.589376688003540039e+00 2.762755632400512695e+00
5.000000000000000000e+03 9.070448875427246094e-01 1.200068816542625427e-01 3.496044576168060303e-01 2.480854749679565430e+00 9.070448875427246094e-01 1.200068816542625427e-01 3.496044576168060303e-01 2.480854749679565430e+00
6.000000000000000000e+03 6.102048158645629883e-01 1.418936848640441895e-01 8.250249922275543213e-02 2.188976526260375977e+00 6.102048158645629883e-01 1.418936848640441895e-01 8.250249922275543213e-02 2.188976526260375977e+00
7.000000000000000000e+03 4.233268499374389648e-01 1.640055328607559204e-01 4.475252330303192139e-02 1.930956363677978516e+00 4.233268499374389648e-01 1.640055328607559204e-01 4.475252330303192139e-02 1.930956363677978516e+00
8.000000000000000000e+03 3.183360993862152100e-01 1.613120883703231812e-01 4.399838671088218689e-02 1.722800135612487793e+00 3.183360993862152100e-01 1.613120883703231812e-01 4.399838671088218689e-02 1.722800135612487793e+00
9.000000000000000000e+03 2.764712274074554443e-01 1.505216658115386963e-01 3.673010692000389099e-02 1.509890913963317871e+00 2.764712274074554443e-01 1.505216658115386963e-01 3.673010692000389099e-02 1.509890913963317871e+00
1.000000000000000000e+04 2.810957133769989014e-01 1.372052729129791260e-01 2.425734139978885651e-02 1.291281223297119141e+00 2.810957133769989014e-01 1.372052729129791260e-01 2.425734139978885651e-02 1.291281223297119141e+00
1.100000000000000000e+04 2.853696048259735107e-01 1.251647770404815674e-01 1.718690991401672363e-02 1.119156956672668457e+00 2.853696048259735107e-01 1.251647770404815674e-01 1.718690991401672363e-02 1.119156956672668457e+00
1.200000000000000000e+04 2.839615643024444580e-01 1.169140338897705078e-01 1.499490626156330109e-02 9.619411826133728027e-01 2.839615643024444580e-01 1.169140338897705078e-01 1.499490626156330109e-02 9.619411826133728027e-01
1.300000000000000000e+04 2.703368961811065674e-01 1.167969927191734314e-01 1.708500087261199951e-02 8.151414990425109863e-01 2.703368961811065674e-01 1.167969927191734314e-01 1.708500087261199951e-02 8.151414990425109863e-01
1.400000000000000000e+04 2.557601034641265869e-01 1.138890907168388367e-01 1.906175352632999420e-02 6.765347719192504883e-01 2.557601034641265869e-01 1.138890907168388367e-01 1.906175352632999420e-02 6.765347719192504883e-01
1.500000000000000000e+04 2.383463829755783081e-01 1.102094203233718872e-01 1.927514187991619110e-02 5.613582730293273926e-01 2.383463829755783081e-01 1.102094203233718872e-01 1.927514187991619110e-02 5.613582730293273926e-01
1.600000000000000000e+04 2.154218852519989014e-01 1.078217551112174988e-01 1.837110891938209534e-02 4.618792831897735596e-01 2.154218852519989014e-01 1.078217551112174988e-01 1.837110891938209534e-02 4.618792831897735596e-01
1.700000000000000000e+04 1.899646669626235962e-01 1.034300550818443298e-01 1.781362108886241913e-02 3.739110529422760010e-01 1.899646669626235962e-01 1.034300550818443298e-01 1.781362108886241913e-02 3.739110529422760010e-01
1.800000000000000000e+04 1.656513512134552002e-01 9.701102226972579956e-02 1.667941920459270477e-02 2.964058220386505127e-01 1.656513512134552002e-01 9.701102226972579956e-02 1.667941920459270477e-02 2.964058220386505127e-01
1.900000000000000000e+04 1.436045616865158081e-01 8.903048932552337646e-02 1.467070914804935455e-02 2.304787337779998779e-01 1.436045616865158081e-01 8.903048932552337646e-02 1.467070914804935455e-02 2.304787337779998779e-01
2.000000000000000000e+04 1.245462372899055481e-01 8.009863644838333130e-02 1.230748370289802551e-02 1.774525642395019531e-01 1.245462372899055481e-01 8.009863644838333130e-02 1.230748370289802551e-02 1.774525642395019531e-01
