# step, loss_train, loss_test, metrics_test
0.000000000000000000e+00 2.291258544921875000e+03 2.442030029296875000e+02 6.863480834960937500e+02 9.584898376464843750e+01 2.291258544921875000e+03 2.442030029296875000e+02 6.863480834960937500e+02 9.584898376464843750e+01
1.000000000000000000e+03 4.554163813591003418e-01 5.996288359165191650e-02 4.623199105262756348e-01 7.945219278335571289e-01 4.554163813591003418e-01 5.996288359165191650e-02 4.623199105262756348e-01 7.945219278335571289e-01
2.000000000000000000e+03 2.285074293613433838e-01 2.314308658242225647e-02 6.846321374177932739e-02 1.709479242563247681e-01 2.285074293613433838e-01 2.314308658242225647e-02 6.846321374177932739e-02 1.709479242563247681e-01
3.000000000000000000e+03 1.132090166211128235e-01 7.657412905246019363e-03 2.450219541788101196e-02 6.462093442678451538e-02 1.132090166211128235e-01 7.657412905246019363e-03 2.450219541788101196e-02 6.462093442678451538e-02
4.000000000000000000e+03 5.121888965368270874e-02 2.354293595999479294e-03 8.756975643336772919e-03 3.309069946408271790e-02 5.121888965368270874e-02 2.354293595999479294e-03 8.756975643336772919e-03 3.309069946408271790e-02
5.000000000000000000e+03 3.674833476543426514e-02 1.451156334951519966e-03 1.539726555347442627e-02 1.851430535316467285e-02 3.674833476543426514e-02 1.451156334951519966e-03 1.539726555347442627e-02 1.851430535316467285e-02
6.000000000000000000e+03 1.703145727515220642e-02 8.136708056554198265e-04 2.028618939220905304e-03 1.161261368542909622e-02 1.703145727515220642e-02 8.136708056554198265e-04 2.028618939220905304e-03 1.161261368542909622e-02
7.000000000000000000e+03 1.188817434012889862e-02 5.030179745517671108e-04 1.273261848837137222e-03 7.915776222944259644e-03 1.188817434012889862e-02 5.030179745517671108e-04 1.273261848837137222e-03 7.915776222944259644e-03
8.000000000000000000e+03 8.866601623594760895e-03 3.068607184104621410e-04 8.415650809183716774e-04 5.754145327955484390e-03 8.866601623594760895e-03 3.068607184104621410e-04 8.415650809183716774e-04 5.754145327955484390e-03
9.000000000000000000e+03 2.099569700658321381e-02 4.751071101054549217e-04 1.581506617367267609e-02 4.490667488425970078e-03 2.099569700658321381e-02 4.751071101054549217e-04 1.581506617367267609e-02 4.490667488425970078e-03
1.000000000000000000e+04 5.560493096709251404e-03 1.258473057532683015e-04 4.428470856510102749e-04 3.627102822065353394e-03 5.560493096709251404e-03 1.258473057532683015e-04 4.428470856510102749e-04 3.627102822065353394e-03
1.100000000000000000e+04 5.513341166079044342e-03 1.260868739336729050e-04 1.351887127384543419e-03 3.103283932432532310e-03 5.513341166079044342e-03 1.260868739336729050e-04 1.351887127384543419e-03 3.103283932432532310e-03
1.200000000000000000e+04 4.121779929846525192e-03 1.893267035484313965e-04 4.967713030055165291e-04 2.758758375421166420e-03 4.121779929846525192e-03 1.893267035484313965e-04 4.967713030055165291e-04 2.758758375421166420e-03
1.300000000000000000e+04 3.303077071905136108e-03 5.403358591138385236e-05 1.920400391099974513e-04 2.511513885110616684e-03 3.303077071905136108e-03 5.403358591138385236e-05 1.920400391099974513e-04 2.511513885110616684e-03
1.400000000000000000e+04 1.015617791563272476e-02 9.901845623971894383e-05 7.871259003877639771e-03 2.388381632044911385e-03 1.015617791563272476e-02 9.901845623971894383e-05 7.871259003877639771e-03 2.388381632044911385e-03
1.500000000000000000e+04 2.582649700343608856e-03 3.925870987586677074e-05 1.232326176250353456e-04 2.191667910665273666e-03 2.582649700343608856e-03 3.925870987586677074e-05 1.232326176250353456e-04 2.191667910665273666e-03
1.600000000000000000e+04 2.432874636724591255e-03 4.037286271341145039e-05 2.192487445427104831e-04 2.080786740407347679e-03 2.432874636724591255e-03 4.037286271341145039e-05 2.192487445427104831e-04 2.080786740407347679e-03
1.700000000000000000e+04 2.092890208587050438e-03 3.077212022617459297e-05 6.301014218479394913e-05 1.980073982849717140e-03 2.092890208587050438e-03 3.077212022617459297e-05 6.301014218479394913e-05 1.980073982849717140e-03
1.800000000000000000e+04 1.921443268656730652e-03 2.839477383531630039e-05 5.064364086138084531e-05 1.894873101264238358e-03 1.921443268656730652e-03 2.839477383531630039e-05 5.064364086138084531e-05 1.894873101264238358e-03
1.900000000000000000e+04 1.770795322954654694e-03 2.570403557911049575e-05 4.042978252982720733e-05 1.820764155127108097e-03 1.770795322954654694e-03 2.570403557911049575e-05 4.042978252982720733e-05 1.820764155127108097e-03
2.000000000000000000e+04 1.648226520046591759e-03 2.364849024161230773e-05 3.986675801570527256e-05 1.751836505718529224e-03 1.648226520046591759e-03 2.364849024161230773e-05 3.986675801570527256e-05 1.751836505718529224e-03
