# step, loss_train, loss_test, metrics_test
0.000000000000000000e+00 3.372626220703125000e+03 2.442030029296875000e+02 6.863480834960937500e+02 9.584898376464843750e+01 3.372626220703125000e+03 2.442030029296875000e+02 6.863480834960937500e+02 9.584898376464843750e+01
1.000000000000000000e+03 5.077319145202636719e-01 6.781145185232162476e-02 6.248903870582580566e-01 9.675403237342834473e-01 5.077319145202636719e-01 6.781145185232162476e-02 6.248903870582580566e-01 9.675403237342834473e-01
2.000000000000000000e+03 2.411609441041946411e-01 2.919633127748966217e-02 8.670642226934432983e-02 2.207042723894119263e-01 2.411609441041946411e-01 2.919633127748966217e-02 8.670642226934432983e-02 2.207042723894119263e-01
3.000000000000000000e+03 1.451286375522613525e-01 1.345466449856758118e-02 3.340407088398933411e-02 9.161360561847686768e-02 1.451286375522613525e-01 1.345466449856758118e-02 3.340407088398933411e-02 9.161360561847686768e-02
4.000000000000000000e+03 7.856569439172744751e-02 4.424524959176778793e-03 1.365350279957056046e-02 4.450351744890213013e-02 7.856569439172744751e-02 4.424524959176778793e-03 1.365350279957056046e-02 4.450351744890213013e-02
5.000000000000000000e+03 3.953524678945541382e-02 2.011085860431194305e-03 5.532152019441127777e-03 2.381368540227413177e-02 3.953524678945541382e-02 2.011085860431194305e-03 5.532152019441127777e-03 2.381368540227413177e-02
6.000000000000000000e+03 2.143113501369953156e-02 1.153228222392499447e-03 2.706855535507202148e-03 1.430097594857215881e-02 2.143113501369953156e-02 1.153228222392499447e-03 2.706855535507202148e-03 1.430097594857215881e-02
7.000000000000000000e+03 1.361429598182439804e-02 5.808731657452881336e-04 1.547266845591366291e-03 9.236182086169719696e-03 1.361429598182439804e-02 5.808731657452881336e-04 1.547266845591366291e-03 9.236182086169719696e-03
8.000000000000000000e+03 9.334998205304145813e-03 3.273046168033033609e-04 7.610208122059702873e-04 6.209791637957096100e-03 9.334998205304145813e-03 3.273046168033033609e-04 7.610208122059702873e-04 6.209791637957096100e-03
9.000000000000000000e+03 6.822650320827960968e-03 2.303675864823162556e-04 4.372732946649193764e-04 4.400997888296842575e-03 6.822650320827960968e-03 2.303675864823162556e-04 4.372732946649193764e-04 4.400997888296842575e-03
1.000000000000000000e+04 5.182042717933654785e-03 1.822975609684363008e-04 2.663472841959446669e-04 3.327613929286599159e-03 5.182042717933654785e-03 1.822975609684363008e-04 2.663472841959446669e-04 3.327613929286599159e-03
1.100000000000000000e+04 4.273110534995794296e-03 1.530801382614299655e-04 3.221230290364474058e-04 2.664440078660845757e-03 4.273110534995794296e-03 1.530801382614299655e-04 3.221230290364474058e-04 2.664440078660845757e-03
1.200000000000000000e+04 3.395722247660160065e-03 1.209418405778706074e-04 1.376310974592342973e-04 2.246716059744358063e-03 3.395722247660160065e-03 1.209418405778706074e-04 1.376310974592342973e-04 2.246716059744358063e-03
1.300000000000000000e+04 1.803520694375038147e-02 4.892244469374418259e-04 1.480114925652742386e-02 2.044768305495381355e-03 1.803520694375038147e-02 4.892244469374418259e-04 1.480114925652742386e-02 2.044768305495381355e-03
1.400000000000000000e+04 2.464622491970658302e-03 8.732310379855334759e-05 7.238558464450761676e-05 1.764224143698811531e-03 2.464622491970658302e-03 8.732310379855334759e-05 7.238558464450761676e-05 1.764224143698811531e-03
1.500000000000000000e+04 2.161770127713680267e-03 7.717585685895755887e-05 5.753767254645936191e-05 1.624460797756910324e-03 2.161770127713680267e-03 7.717585685895755887e-05 5.753767254645936191e-05 1.624460797756910324e-03
1.600000000000000000e+04 1.925166463479399681e-03 7.005024235695600510e-05 5.047361628385260701e-05 1.515813404694199562e-03 1.925166463479399681e-03 7.005024235695600510e-05 5.047361628385260701e-05 1.515813404694199562e-03
1.700000000000000000e+04 1.728465780615806580e-03 6.301305256783962250e-05 3.700736488099209964e-05 1.431354670785367489e-03 1.728465780615806580e-03 6.301305256783962250e-05 3.700736488099209964e-05 1.431354670785367489e-03
1.800000000000000000e+04 1.568024046719074249e-03 5.693425919162109494e-05 2.858994048438034952e-05 1.360477413982152939e-03 1.568024046719074249e-03 5.693425919162109494e-05 2.858994048438034952e-05 1.360477413982152939e-03
1.900000000000000000e+04 1.439424231648445129e-03 5.323135701473802328e-05 2.355666947551071644e-05 1.303625991567969322e-03 1.439424231648445129e-03 5.323135701473802328e-05 2.355666947551071644e-05 1.303625991567969322e-03
2.000000000000000000e+04 1.339689246378839016e-03 5.197890277486294508e-05 2.586194204923231155e-05 1.255330280400812626e-03 1.339689246378839016e-03 5.197890277486294508e-05 2.586194204923231155e-05 1.255330280400812626e-03
