# step, loss_train, loss_test, metrics_test
0.000000000000000000e+00 4.701439941406250000e+03 2.442030029296875000e+02 6.863480834960937500e+02 9.584898376464843750e+01 4.701439941406250000e+03 2.442030029296875000e+02 6.863480834960937500e+02 9.584898376464843750e+01
1.000000000000000000e+03 5.893536210060119629e-01 7.630518823862075806e-02 7.979503273963928223e-01 1.134895920753479004e+00 5.893536210060119629e-01 7.630518823862075806e-02 7.979503273963928223e-01 1.134895920753479004e+00
2.000000000000000000e+03 2.305875867605209351e-01 3.215152770280838013e-02 1.455664038658142090e-01 2.924112081527709961e-01 2.305875867605209351e-01 3.215152770280838013e-02 1.455664038658142090e-01 2.924112081527709961e-01
3.000000000000000000e+03 1.578717976808547974e-01 1.617417484521865845e-02 3.681577742099761963e-02 1.068150028586387634e-01 1.578717976808547974e-01 1.617417484521865845e-02 3.681577742099761963e-02 1.068150028586387634e-01
4.000000000000000000e+03 8.969195187091827393e-02 6.140551064163446426e-03 1.732576265931129456e-02 5.467187985777854919e-02 8.969195187091827393e-02 6.140551064163446426e-03 1.732576265931129456e-02 5.467187985777854919e-02
5.000000000000000000e+03 4.589270055294036865e-02 2.083356725051999092e-03 7.870926521718502045e-03 2.954762987792491913e-02 4.589270055294036865e-02 2.083356725051999092e-03 7.870926521718502045e-03 2.954762987792491913e-02
6.000000000000000000e+03 2.561207860708236694e-02 1.113845501095056534e-03 4.628214985132217407e-03 1.727326214313507080e-02 2.561207860708236694e-02 1.113845501095056534e-03 4.628214985132217407e-03 1.727326214313507080e-02
7.000000000000000000e+03 1.519289240241050720e-02 4.201717674732208252e-04 1.847472391091287136e-03 1.072361506521701813e-02 1.519289240241050720e-02 4.201717674732208252e-04 1.847472391091287136e-03 1.072361506521701813e-02
8.000000000000000000e+03 1.016266644001007080e-02 2.291137789143249393e-04 8.468893356621265411e-04 7.061692420393228531e-03 1.016266644001007080e-02 2.291137789143249393e-04 8.468893356621265411e-04 7.061692420393228531e-03
9.000000000000000000e+03 1.280497573316097260e-02 5.429926677606999874e-04 4.541750065982341766e-03 4.806797020137310028e-03 1.280497573316097260e-02 5.429926677606999874e-04 4.541750065982341766e-03 4.806797020137310028e-03
1.000000000000000000e+04 5.403835326433181763e-03 1.518585486337542534e-04 1.889996201498433948e-04 3.505773376673460007e-03 5.403835326433181763e-03 1.518585486337542534e-04 1.889996201498433948e-04 3.505773376673460007e-03
1.100000000000000000e+04 4.242484923452138901e-03 1.300390140386298299e-04 1.064032840076833963e-04 2.722831675782799721e-03 4.242484923452138901e-03 1.300390140386298299e-04 1.064032840076833963e-04 2.722831675782799721e-03
1.200000000000000000e+04 9.496876969933509827e-03 4.717536736279726028e-03 4.241132701281458139e-04 2.351268893107771873e-03 9.496876969933509827e-03 4.717536736279726028e-03 4.241132701281458139e-04 2.351268893107771873e-03
1.300000000000000000e+04 2.877742517739534378e-03 9.292412141803652048e-05 5.010823588236235082e-05 1.961580477654933929e-03 2.877742517739534378e-03 9.292412141803652048e-05 5.010823588236235082e-05 1.961580477654933929e-03
1.400000000000000000e+04 2.440582029521465302e-03 7.954575266921892762e-05 3.911275416612625122e-05 1.755565404891967773e-03 2.440582029521465302e-03 7.954575266921892762e-05 3.911275416612625122e-05 1.755565404891967773e-03
1.500000000000000000e+04 2.804037416353821754e-03 1.784660707926377654e-04 6.582425703527405858e-05 1.618842710740864277e-03 2.804037416353821754e-03 1.784660707926377654e-04 6.582425703527405858e-05 1.618842710740864277e-03
1.600000000000000000e+04 6.081100553274154663e-02 5.934349726885557175e-03 4.162663221359252930e-02 1.655209343880414963e-03 6.081100553274154663e-02 5.934349726885557175e-03 4.162663221359252930e-02 1.655209343880414963e-03
1.700000000000000000e+04 1.664949115365743637e-03 5.434066770249046385e-05 2.137723640771582723e-05 1.424372312612831593e-03 1.664949115365743637e-03 5.434066770249046385e-05 2.137723640771582723e-05 1.424372312612831593e-03
1.800000000000000000e+04 1.506953733041882515e-03 4.932461888529360294e-05 1.931433143909089267e-05 1.353928120806813240e-03 1.506953733041882515e-03 4.932461888529360294e-05 1.931433143909089267e-05 1.353928120806813240e-03
1.900000000000000000e+04 1.443311339244246483e-03 4.753523899125866592e-05 7.643443677807226777e-05 1.296553644351661205e-03 1.443311339244246483e-03 4.753523899125866592e-05 7.643443677807226777e-05 1.296553644351661205e-03
2.000000000000000000e+04 1.951167709194123745e-03 6.061934982426464558e-04 1.895269815577194095e-05 1.260208897292613983e-03 1.951167709194123745e-03 6.061934982426464558e-04 1.895269815577194095e-05 1.260208897292613983e-03
