# step, loss_train, loss_test, metrics_test
0.000000000000000000e+00 6.277700195312500000e+03 2.442030029296875000e+02 6.863480834960937500e+02 9.584898376464843750e+01 6.277700195312500000e+03 2.442030029296875000e+02 6.863480834960937500e+02 9.584898376464843750e+01
1.000000000000000000e+03 6.817800402641296387e-01 8.207814395427703857e-02 9.099821448326110840e-01 1.229330897331237793e+00 6.817800402641296387e-01 8.207814395427703857e-02 9.099821448326110840e-01 1.229330897331237793e+00
2.000000000000000000e+03 2.447632998228073120e-01 3.856701403856277466e-02 2.757121920585632324e-01 4.338876605033874512e-01 2.447632998228073120e-01 3.856701403856277466e-02 2.757121920585632324e-01 4.338876605033874512e-01
3.000000000000000000e+03 1.590393185615539551e-01 1.623344607651233673e-02 4.569230228662490845e-02 1.243882253766059875e-01 1.590393185615539551e-01 1.623344607651233673e-02 4.569230228662490845e-02 1.243882253766059875e-01
4.000000000000000000e+03 9.692221879959106445e-02 7.413274142891168594e-03 1.899054087698459625e-02 6.176758557558059692e-02 9.692221879959106445e-02 7.413274142891168594e-03 1.899054087698459625e-02 6.176758557558059692e-02
5.000000000000000000e+03 5.241691321134567261e-02 2.724515506997704506e-03 9.285587817430496216e-03 3.328323364257812500e-02 5.241691321134567261e-02 2.724515506997704506e-03 9.285587817430496216e-03 3.328323364257812500e-02
6.000000000000000000e+03 2.906100079417228699e-02 1.170963631011545658e-03 4.708998836576938629e-03 1.978120207786560059e-02 2.906100079417228699e-02 1.170963631011545658e-03 4.708998836576938629e-03 1.978120207786560059e-02
7.000000000000000000e+03 1.820131950080394745e-02 5.756681784987449646e-04 2.178539056330919266e-03 1.274046767503023148e-02 1.820131950080394745e-02 5.756681784987449646e-04 2.178539056330919266e-03 1.274046767503023148e-02
8.000000000000000000e+03 1.332834362983703613e-02 3.644612152129411697e-04 1.550561981275677681e-03 8.624313399195671082e-03 1.332834362983703613e-02 3.644612152129411697e-04 1.550561981275677681e-03 8.624313399195671082e-03
9.000000000000000000e+03 8.684705011546611786e-03 1.777989091351628304e-04 4.424949001986533403e-04 6.051593460142612457e-03 8.684705011546611786e-03 1.777989091351628304e-04 4.424949001986533403e-04 6.051593460142612457e-03
1.000000000000000000e+04 1.823339052498340607e-02 6.515682907775044441e-04 9.791858494281768799e-03 4.361170344054698944e-03 1.823339052498340607e-02 6.515682907775044441e-04 9.791858494281768799e-03 4.361170344054698944e-03
1.100000000000000000e+04 4.933837801218032837e-03 1.045508397510275245e-04 1.221620768774300814e-04 3.368875710293650627e-03 4.933837801218032837e-03 1.045508397510275245e-04 1.221620768774300814e-04 3.368875710293650627e-03
1.200000000000000000e+04 3.540290519595146179e-02 2.107047475874423981e-03 2.292752638459205627e-02 2.732066437602043152e-03 3.540290519595146179e-02 2.107047475874423981e-03 2.292752638459205627e-02 2.732066437602043152e-03
1.300000000000000000e+04 3.254770068451762199e-03 7.373742118943482637e-05 4.033426375826820731e-05 2.314024837687611580e-03 3.254770068451762199e-03 7.373742118943482637e-05 4.033426375826820731e-05 2.314024837687611580e-03
1.400000000000000000e+04 2.798515837639570236e-03 6.374563963618129492e-05 8.726371015654876828e-05 2.039797371253371239e-03 2.798515837639570236e-03 6.374563963618129492e-05 8.726371015654876828e-05 2.039797371253371239e-03
1.500000000000000000e+04 2.398142125457525253e-03 5.330675412551499903e-05 3.186408139299601316e-05 1.842785510234534740e-03 2.398142125457525253e-03 5.330675412551499903e-05 3.186408139299601316e-05 1.842785510234534740e-03
1.600000000000000000e+04 2.104580868035554886e-03 4.501861985772848129e-05 2.261763256683479995e-05 1.696897787041962147e-03 2.104580868035554886e-03 4.501861985772848129e-05 2.261763256683479995e-05 1.696897787041962147e-03
1.700000000000000000e+04 1.885094447061419487e-03 4.010241900687105954e-05 4.296207771403715014e-05 1.580323674716055393e-03 1.885094447061419487e-03 4.010241900687105954e-05 4.296207771403715014e-05 1.580323674716055393e-03
1.800000000000000000e+04 1.685680705122649670e-03 3.223990279366262257e-05 1.896675348689313978e-05 1.486040418967604637e-03 1.685680705122649670e-03 3.223990279366262257e-05 1.896675348689313978e-05 1.486040418967604637e-03
1.900000000000000000e+04 1.537448260933160782e-03 2.831394522218033671e-05 1.833078385971020907e-05 1.409015734679996967e-03 1.537448260933160782e-03 2.831394522218033671e-05 1.833078385971020907e-05 1.409015734679996967e-03
2.000000000000000000e+04 4.309801384806632996e-03 1.981936366064473987e-04 1.912511652335524559e-03 1.338569447398185730e-03 4.309801384806632996e-03 1.981936366064473987e-04 1.912511652335524559e-03 1.338569447398185730e-03
