# step, loss_train, loss_test, metrics_test
0.000000000000000000e+00 8.101405273437500000e+03 2.442030029296875000e+02 6.863480834960937500e+02 9.584898376464843750e+01 8.101405273437500000e+03 2.442030029296875000e+02 6.863480834960937500e+02 9.584898376464843750e+01
1.000000000000000000e+03 8.003417849540710449e-01 8.821385353803634644e-02 9.171165227890014648e-01 1.246347308158874512e+00 8.003417849540710449e-01 8.821385353803634644e-02 9.171165227890014648e-01 1.246347308158874512e+00
2.000000000000000000e+03 2.772327959537506104e-01 4.765775054693222046e-02 3.887795805931091309e-01 6.085480451583862305e-01 2.772327959537506104e-01 4.765775054693222046e-02 3.887795805931091309e-01 6.085480451583862305e-01
3.000000000000000000e+03 1.646808981895446777e-01 1.663526892662048340e-02 7.974975556135177612e-02 1.674201637506484985e-01 1.646808981895446777e-01 1.663526892662048340e-02 7.974975556135177612e-02 1.674201637506484985e-01
4.000000000000000000e+03 1.021066308021545410e-01 7.367080077528953552e-03 1.893985271453857422e-02 6.714551895856857300e-02 1.021066308021545410e-01 7.367080077528953552e-03 1.893985271453857422e-02 6.714551895856857300e-02
5.000000000000000000e+03 5.924886837601661682e-02 3.099522786214947701e-03 8.002342656254768372e-03 3.570679575204849243e-02 5.924886837601661682e-02 3.099522786214947701e-03 8.002342656254768372e-03 3.570679575204849243e-02
6.000000000000000000e+03 3.365080431103706360e-02 1.268074964173138142e-03 4.433207213878631592e-03 2.146329730749130249e-02 3.365080431103706360e-02 1.268074964173138142e-03 4.433207213878631592e-03 2.146329730749130249e-02
7.000000000000000000e+03 2.067856118083000183e-02 6.526885554194450378e-04 2.546578412875533104e-03 1.385779213160276413e-02 2.067856118083000183e-02 6.526885554194450378e-04 2.546578412875533104e-03 1.385779213160276413e-02
8.000000000000000000e+03 1.444913819432258606e-02 3.854016540572047234e-04 1.451379852369427681e-03 9.261258877813816071e-03 1.444913819432258606e-02 3.854016540572047234e-04 1.451379852369427681e-03 9.261258877813816071e-03
9.000000000000000000e+03 1.064473483711481094e-02 2.432941400911659002e-04 8.237127913162112236e-04 6.329262163490056992e-03 1.064473483711481094e-02 2.432941400911659002e-04 8.237127913162112236e-04 6.329262163490056992e-03
1.000000000000000000e+04 1.958011463284492493e-02 8.680774481035768986e-04 6.940560415387153625e-03 4.494206979870796204e-03 1.958011463284492493e-02 8.680774481035768986e-04 6.940560415387153625e-03 4.494206979870796204e-03
1.100000000000000000e+04 6.139728240668773651e-03 1.320814044447615743e-04 2.858506632037460804e-04 3.243050538003444672e-03 6.139728240668773651e-03 1.320814044447615743e-04 2.858506632037460804e-04 3.243050538003444672e-03
1.200000000000000000e+04 4.884847905486822128e-03 1.114599799620918930e-04 2.005189307965338230e-04 2.536421176046133041e-03 4.884847905486822128e-03 1.114599799620918930e-04 2.005189307965338230e-04 2.536421176046133041e-03
1.300000000000000000e+04 3.996929153800010681e-03 9.544777276460081339e-05 1.396889128955081105e-04 2.124952618032693863e-03 3.996929153800010681e-03 9.544777276460081339e-05 1.396889128955081105e-04 2.124952618032693863e-03
1.400000000000000000e+04 3.424810711294412613e-03 8.705061918590217829e-05 1.745246991049498320e-04 1.876072958111763000e-03 3.424810711294412613e-03 8.705061918590217829e-05 1.745246991049498320e-04 1.876072958111763000e-03
1.500000000000000000e+04 2.939634723588824272e-03 7.129955338314175606e-05 8.243969932664185762e-05 1.706785638816654682e-03 2.939634723588824272e-03 7.129955338314175606e-05 8.243969932664185762e-05 1.706785638816654682e-03
1.600000000000000000e+04 2.588368952274322510e-03 5.911433981964364648e-05 6.463388854172080755e-05 1.586197409778833389e-03 2.588368952274322510e-03 5.911433981964364648e-05 6.463388854172080755e-05 1.586197409778833389e-03
1.700000000000000000e+04 2.879411913454532623e-03 8.580824214732274413e-05 2.991661895066499710e-04 1.497735735028982162e-03 2.879411913454532623e-03 8.580824214732274413e-05 2.991661895066499710e-04 1.497735735028982162e-03
1.800000000000000000e+04 2.091498579829931259e-03 4.205181176075711846e-05 4.498066846281290054e-05 1.422345289029181004e-03 2.091498579829931259e-03 4.205181176075711846e-05 4.498066846281290054e-05 1.422345289029181004e-03
1.900000000000000000e+04 1.096177380532026291e-02 9.861550061032176018e-04 1.031481195241212845e-02 1.501198043115437031e-03 1.096177380532026291e-02 9.861550061032176018e-04 1.031481195241212845e-02 1.501198043115437031e-03
2.000000000000000000e+04 1.730647636577486992e-03 3.084305717493407428e-05 3.237220516894012690e-05 1.308563980273902416e-03 1.730647636577486992e-03 3.084305717493407428e-05 3.237220516894012690e-05 1.308563980273902416e-03
