# step, loss_train, loss_test, metrics_test
0.000000000000000000e+00 1.017255859375000000e+04 2.442030029296875000e+02 6.863480834960937500e+02 9.584898376464843750e+01 1.017255859375000000e+04 2.442030029296875000e+02 6.863480834960937500e+02 9.584898376464843750e+01
1.000000000000000000e+03 9.370225667953491211e-01 1.020155772566795349e-01 8.532527685165405273e-01 1.228783011436462402e+00 9.370225667953491211e-01 1.020155772566795349e-01 8.532527685165405273e-01 1.228783011436462402e+00
2.000000000000000000e+03 3.062441349029541016e-01 5.059788376092910767e-02 4.425910711288452148e-01 7.354643344879150391e-01 3.062441349029541016e-01 5.059788376092910767e-02 4.425910711288452148e-01 7.354643344879150391e-01
3.000000000000000000e+03 1.785872429609298706e-01 2.262241952121257782e-02 1.596323400735855103e-01 2.835360765457153320e-01 1.785872429609298706e-01 2.262241952121257782e-02 1.596323400735855103e-01 2.835360765457153320e-01
4.000000000000000000e+03 1.121408492326736450e-01 8.545161224901676178e-03 2.738465182483196259e-02 8.683965355157852173e-02 1.121408492326736450e-01 8.545161224901676178e-03 2.738465182483196259e-02 8.683965355157852173e-02
5.000000000000000000e+03 6.381959468126296997e-02 4.220007453113794327e-03 9.204861707985401154e-03 4.164822027087211609e-02 6.381959468126296997e-02 4.220007453113794327e-03 9.204861707985401154e-03 4.164822027087211609e-02
6.000000000000000000e+03 3.563852980732917786e-02 1.839537406340241432e-03 4.873192403465509415e-03 2.378202974796295166e-02 3.563852980732917786e-02 1.839537406340241432e-03 4.873192403465509415e-03 2.378202974796295166e-02
7.000000000000000000e+03 2.147892303764820099e-02 7.582564139738678932e-04 2.938451711088418961e-03 1.535107102245092392e-02 2.147892303764820099e-02 7.582564139738678932e-04 2.938451711088418961e-03 1.535107102245092392e-02
8.000000000000000000e+03 1.455768384039402008e-02 3.846365143544971943e-04 1.784101710654795170e-03 1.074874680489301682e-02 1.455768384039402008e-02 3.846365143544971943e-04 1.784101710654795170e-03 1.074874680489301682e-02
9.000000000000000000e+03 1.056447625160217285e-02 2.347933041164651513e-04 1.080638961866497993e-03 7.614527363330125809e-03 1.056447625160217285e-02 2.347933041164651513e-04 1.080638961866497993e-03 7.614527363330125809e-03
1.000000000000000000e+04 7.961209863424301147e-03 1.586008438607677817e-04 6.504952907562255859e-04 5.449130665510892868e-03 7.961209863424301147e-03 1.586008438607677817e-04 6.504952907562255859e-04 5.449130665510892868e-03
1.100000000000000000e+04 6.735723931342363358e-03 1.396341685904189944e-04 1.170251285657286644e-03 3.991529811173677444e-03 6.735723931342363358e-03 1.396341685904189944e-04 1.170251285657286644e-03 3.991529811173677444e-03
1.200000000000000000e+04 5.106303840875625610e-03 1.125218550441786647e-04 3.750051255337893963e-04 3.032807027921080589e-03 5.106303840875625610e-03 1.125218550441786647e-04 3.750051255337893963e-04 3.032807027921080589e-03
1.300000000000000000e+04 4.118441604077816010e-03 9.542904444970190525e-05 2.643176412675529718e-04 2.432743320241570473e-03 4.118441604077816010e-03 9.542904444970190525e-05 2.643176412675529718e-04 2.432743320241570473e-03
1.400000000000000000e+04 3.754437435418367386e-03 1.013987784972414374e-04 7.962408126331865788e-04 2.044090768322348595e-03 3.754437435418367386e-03 1.013987784972414374e-04 7.962408126331865788e-04 2.044090768322348595e-03
1.500000000000000000e+04 3.111210884526371956e-03 8.030026219785213470e-05 1.810714602470397949e-04 1.804596162401139736e-03 3.111210884526371956e-03 8.030026219785213470e-05 1.810714602470397949e-04 1.804596162401139736e-03
1.600000000000000000e+04 6.970603018999099731e-02 4.676713608205318451e-03 7.699622306972742081e-03 1.702789217233657837e-03 6.970603018999099731e-02 4.676713608205318451e-03 7.699622306972742081e-03 1.702789217233657837e-03
1.700000000000000000e+04 2.368010580539703369e-03 5.624102414003573358e-05 7.370599632849916816e-05 1.529856468550860882e-03 2.368010580539703369e-03 5.624102414003573358e-05 7.370599632849916816e-05 1.529856468550860882e-03
1.800000000000000000e+04 2.136682858690619469e-03 4.707540574599988759e-05 5.884990605409257114e-05 1.434459816664457321e-03 2.136682858690619469e-03 4.707540574599988759e-05 5.884990605409257114e-05 1.434459816664457321e-03
1.900000000000000000e+04 1.934437430463731289e-03 3.980005567427724600e-05 4.684887244366109371e-05 1.358975772745907307e-03 1.934437430463731289e-03 3.980005567427724600e-05 4.684887244366109371e-05 1.358975772745907307e-03
2.000000000000000000e+04 1.762625295668840408e-03 3.543309139786288142e-05 6.179190677357837558e-05 1.297473674640059471e-03 1.762625295668840408e-03 3.543309139786288142e-05 6.179190677357837558e-05 1.297473674640059471e-03
