# step, loss_train, loss_test, metrics_test
0.000000000000000000e+00 1.249115722656250000e+04 2.442030029296875000e+02 6.863480834960937500e+02 9.584898376464843750e+01 1.249115722656250000e+04 2.442030029296875000e+02 6.863480834960937500e+02 9.584898376464843750e+01
1.000000000000000000e+03 1.097415208816528320e+00 1.242460384964942932e-01 7.587319016456604004e-01 1.187705874443054199e+00 1.097415208816528320e+00 1.242460384964942932e-01 7.587319016456604004e-01 1.187705874443054199e+00
2.000000000000000000e+03 3.465763628482818604e-01 4.410140588879585266e-02 4.534956812858581543e-01 7.960057258605957031e-01 3.465763628482818604e-01 4.410140588879585266e-02 4.534956812858581543e-01 7.960057258605957031e-01
3.000000000000000000e+03 1.883491128683090210e-01 3.084918297827243805e-02 2.291328907012939453e-01 4.412452876567840576e-01 1.883491128683090210e-01 3.084918297827243805e-02 2.291328907012939453e-01 4.412452876567840576e-01
4.000000000000000000e+03 1.300363987684249878e-01 1.097257900983095169e-02 5.140490457415580750e-02 1.381215602159500122e-01 1.300363987684249878e-01 1.097257900983095169e-02 5.140490457415580750e-02 1.381215602159500122e-01
5.000000000000000000e+03 7.401440292596817017e-02 4.937933292239904404e-03 1.259722001850605011e-02 5.259247869253158569e-02 7.401440292596817017e-02 4.937933292239904404e-03 1.259722001850605011e-02 5.259247869253158569e-02
6.000000000000000000e+03 4.146714881062507629e-02 2.499134978279471397e-03 5.980728659778833389e-03 2.839604020118713379e-02 4.146714881062507629e-02 2.499134978279471397e-03 5.980728659778833389e-03 2.839604020118713379e-02
7.000000000000000000e+03 2.353405393660068512e-02 1.053316053003072739e-03 3.630537539720535278e-03 1.771467179059982300e-02 2.353405393660068512e-02 1.053316053003072739e-03 3.630537539720535278e-03 1.771467179059982300e-02
8.000000000000000000e+03 1.521202735602855682e-02 4.681592108681797981e-04 2.224705647677183151e-03 1.240357942879199982e-02 1.521202735602855682e-02 4.681592108681797981e-04 2.224705647677183151e-03 1.240357942879199982e-02
9.000000000000000000e+03 5.640938133001327515e-02 2.701371675357222557e-03 1.245124824345111847e-02 9.256502613425254822e-03 5.640938133001327515e-02 2.701371675357222557e-03 1.245124824345111847e-02 9.256502613425254822e-03
1.000000000000000000e+04 8.168572559952735901e-03 1.678563421592116356e-04 8.745325612835586071e-04 6.691805552691221237e-03 8.168572559952735901e-03 1.678563421592116356e-04 8.745325612835586071e-04 6.691805552691221237e-03
1.100000000000000000e+04 6.303002592176198959e-03 1.131256649387069046e-04 5.389288417063653469e-04 4.954242613166570663e-03 6.303002592176198959e-03 1.131256649387069046e-04 5.389288417063653469e-04 4.954242613166570663e-03
1.200000000000000000e+04 5.016348790377378464e-03 8.510967018082737923e-05 3.585423401091247797e-04 3.753830678761005402e-03 5.016348790377378464e-03 8.510967018082737923e-05 3.585423401091247797e-04 3.753830678761005402e-03
1.300000000000000000e+04 4.090973176062107086e-03 6.878992280689999461e-05 2.324683737242594361e-04 2.941921353340148926e-03 4.090973176062107086e-03 6.878992280689999461e-05 2.324683737242594361e-04 2.941921353340148926e-03
1.400000000000000000e+04 5.209408234804868698e-03 1.383014314342290163e-04 8.654551929794251919e-04 2.425771439447999001e-03 5.209408234804868698e-03 1.383014314342290163e-04 8.654551929794251919e-04 2.425771439447999001e-03
1.500000000000000000e+04 2.953579183667898178e-03 5.639958180836401880e-05 1.156308790086768568e-04 2.065371256321668625e-03 2.953579183667898178e-03 5.639958180836401880e-05 1.156308790086768568e-04 2.065371256321668625e-03
1.600000000000000000e+04 2.574757440015673637e-03 4.845172225032001734e-05 8.132694347295910120e-05 1.811857684515416622e-03 2.574757440015673637e-03 4.845172225032001734e-05 8.132694347295910120e-05 1.811857684515416622e-03
1.700000000000000000e+04 2.272482495754957199e-03 4.192880805931054056e-05 6.067088543204590678e-05 1.633250736631453037e-03 2.272482495754957199e-03 4.192880805931054056e-05 6.067088543204590678e-05 1.633250736631453037e-03
1.800000000000000000e+04 2.051516668871045113e-03 3.921085226465947926e-05 5.965761374682188034e-05 1.505639753304421902e-03 2.051516668871045113e-03 3.921085226465947926e-05 5.965761374682188034e-05 1.505639753304421902e-03
1.900000000000000000e+04 1.829513232223689556e-03 3.358437606948427856e-05 4.593511766870506108e-05 1.403404981829226017e-03 1.829513232223689556e-03 3.358437606948427856e-05 4.593511766870506108e-05 1.403404981829226017e-03
2.000000000000000000e+04 4.953657276928424835e-03 1.979117660084739327e-04 1.041613868437707424e-03 1.324967481195926666e-03 4.953657276928424835e-03 1.979117660084739327e-04 1.041613868437707424e-03 1.324967481195926666e-03
