# step, loss_train, loss_test, metrics_test
0.000000000000000000e+00 1.505720312500000000e+04 2.442030029296875000e+02 6.863480834960937500e+02 9.584898376464843750e+01 1.505720312500000000e+04 2.442030029296875000e+02 6.863480834960937500e+02 9.584898376464843750e+01
1.000000000000000000e+03 1.302159070968627930e+00 1.492782980203628540e-01 6.606588363647460938e-01 1.115771651268005371e+00 1.302159070968627930e+00 1.492782980203628540e-01 6.606588363647460938e-01 1.115771651268005371e+00
2.000000000000000000e+03 4.089834690093994141e-01 3.968693688511848450e-02 4.273335039615631104e-01 8.134230375289916992e-01 4.089834690093994141e-01 3.968693688511848450e-02 4.273335039615631104e-01 8.134230375289916992e-01
3.000000000000000000e+03 1.993886679410934448e-01 3.246349841356277466e-02 2.505933344364166260e-01 5.374042391777038574e-01 1.993886679410934448e-01 3.246349841356277466e-02 2.505933344364166260e-01 5.374042391777038574e-01
4.000000000000000000e+03 1.396298706531524658e-01 1.593230478465557098e-02 9.889698028564453125e-02 2.426066547632217407e-01 1.396298706531524658e-01 1.593230478465557098e-02 9.889698028564453125e-02 2.426066547632217407e-01
5.000000000000000000e+03 9.018183499574661255e-02 6.214120425283908844e-03 2.058424614369869232e-02 7.496792078018188477e-02 9.018183499574661255e-02 6.214120425283908844e-03 2.058424614369869232e-02 7.496792078018188477e-02
6.000000000000000000e+03 5.143188685178756714e-02 3.168768482282757759e-03 7.731977850198745728e-03 3.468436002731323242e-02 5.143188685178756714e-02 3.168768482282757759e-03 7.731977850198745728e-03 3.468436002731323242e-02
7.000000000000000000e+03 2.877090312540531158e-02 1.517067663371562958e-03 4.432890564203262329e-03 2.055787108838558197e-02 2.877090312540531158e-02 1.517067663371562958e-03 4.432890564203262329e-03 2.055787108838558197e-02
8.000000000000000000e+03 1.777651533484458923e-02 6.624003290198743343e-04 2.843508264049887657e-03 1.399965304881334305e-02 1.777651533484458923e-02 6.624003290198743343e-04 2.843508264049887657e-03 1.399965304881334305e-02
9.000000000000000000e+03 1.211150549352169037e-02 3.257170610595494509e-04 1.766498317010700703e-03 1.031152904033660889e-02 1.211150549352169037e-02 3.257170610595494509e-04 1.766498317010700703e-03 1.031152904033660889e-02
1.000000000000000000e+04 1.021172292530536652e-02 2.328281407244503498e-04 1.410510740242898464e-03 7.792422547936439514e-03 1.021172292530536652e-02 2.328281407244503498e-04 1.410510740242898464e-03 7.792422547936439514e-03
1.100000000000000000e+04 7.037627045065164566e-03 1.409312390023842454e-04 8.040823740884661674e-04 5.890466738492250443e-03 7.037627045065164566e-03 1.409312390023842454e-04 8.040823740884661674e-04 5.890466738492250443e-03
1.200000000000000000e+04 5.388148128986358643e-03 9.230461000697687268e-05 4.723996098618954420e-04 4.543173592537641525e-03 5.388148128986358643e-03 9.230461000697687268e-05 4.723996098618954420e-04 4.543173592537641525e-03
1.300000000000000000e+04 4.424232989549636841e-03 7.736839324934408069e-05 3.332447377033531666e-04 3.609465900808572769e-03 4.424232989549636841e-03 7.736839324934408069e-05 3.332447377033531666e-04 3.609465900808572769e-03
1.400000000000000000e+04 3.689714707434177399e-03 6.057462815078906715e-05 2.117315452778711915e-04 2.941807964816689491e-03 3.689714707434177399e-03 6.057462815078906715e-05 2.117315452778711915e-04 2.941807964816689491e-03
1.500000000000000000e+04 3.162509994581341743e-03 5.591777880908921361e-05 1.553294714540243149e-04 2.494339132681488991e-03 3.162509994581341743e-03 5.591777880908921361e-05 1.553294714540243149e-04 2.494339132681488991e-03
1.600000000000000000e+04 2.949697664007544518e-03 5.691517435479909182e-05 1.184193388326093554e-04 2.170950174331665039e-03 2.949697664007544518e-03 5.691517435479909182e-05 1.184193388326093554e-04 2.170950174331665039e-03
1.700000000000000000e+04 2.432196866720914841e-03 4.838872700929641724e-05 9.079673327505588531e-05 1.921801595017313957e-03 2.432196866720914841e-03 4.838872700929641724e-05 9.079673327505588531e-05 1.921801595017313957e-03
1.800000000000000000e+04 2.164251171052455902e-03 4.416096271597780287e-05 7.335247209994122386e-05 1.737063401378691196e-03 2.164251171052455902e-03 4.416096271597780287e-05 7.335247209994122386e-05 1.737063401378691196e-03
1.900000000000000000e+04 1.970940968021750450e-03 4.454306690604425967e-05 1.292032393394038081e-04 1.597531721927225590e-03 1.970940968021750450e-03 4.454306690604425967e-05 1.292032393394038081e-04 1.597531721927225590e-03
2.000000000000000000e+04 1.755476696416735649e-03 3.543890852597542107e-05 4.836659936700016260e-04 1.483883475884795189e-03 1.755476696416735649e-03 3.543890852597542107e-05 4.836659936700016260e-04 1.483883475884795189e-03
