# step, loss_train, loss_test, metrics_test
0.000000000000000000e+00 6.115549804687500000e+03 5.415068268775939941e-01 9.530733489990234375e+01 1.952068328857421875e+01 6.115549804687500000e+03 5.415068268775939941e-01 9.530733489990234375e+01 1.952068328857421875e+01
1.000000000000000000e+03 6.424938964843750000e+01 3.032943534851074219e+01 2.901180458068847656e+01 2.998038291931152344e+01 6.424938964843750000e+01 3.032943534851074219e+01 2.901180458068847656e+01 2.998038291931152344e+01
2.000000000000000000e+03 6.145758152008056641e+00 1.277776837348937988e+00 3.443104505538940430e+00 1.196172714233398438e+01 6.145758152008056641e+00 1.277776837348937988e+00 3.443104505538940430e+00 1.196172714233398438e+01
3.000000000000000000e+03 3.598037481307983398e+00 2.903521656990051270e-01 1.925820589065551758e+00 5.324058055877685547e+00 3.598037481307983398e+00 2.903521656990051270e-01 1.925820589065551758e+00 5.324058055877685547e+00
4.000000000000000000e+03 1.344708919525146484e+00 1.239707171916961670e-01 1.093145489692687988e+00 2.746931076049804688e+00 1.344708919525146484e+00 1.239707171916961670e-01 1.093145489692687988e+00 2.746931076049804688e+00
5.000000000000000000e+03 7.938479781150817871e-01 2.194876819849014282e-01 7.560065388679504395e-01 1.728203773498535156e+00 7.938479781150817871e-01 2.194876819849014282e-01 7.560065388679504395e-01 1.728203773498535156e+00
6.000000000000000000e+03 5.851466655731201172e-01 2.386670559644699097e-01 5.683798789978027344e-01 1.265048742294311523e+00 5.851466655731201172e-01 2.386670559644699097e-01 5.683798789978027344e-01 1.265048742294311523e+00
7.000000000000000000e+03 4.682214856147766113e-01 2.252201139926910400e-01 4.313336312770843506e-01 9.865221381187438965e-01 4.682214856147766113e-01 2.252201139926910400e-01 4.313336312770843506e-01 9.865221381187438965e-01
8.000000000000000000e+03 3.856954276561737061e-01 2.009917944669723511e-01 3.316026329994201660e-01 7.837795615196228027e-01 3.856954276561737061e-01 2.009917944669723511e-01 3.316026329994201660e-01 7.837795615196228027e-01
9.000000000000000000e+03 3.203624486923217773e-01 1.821026206016540527e-01 2.564693391323089600e-01 6.284763813018798828e-01 3.203624486923217773e-01 1.821026206016540527e-01 2.564693391323089600e-01 6.284763813018798828e-01
1.000000000000000000e+04 2.848904430866241455e-01 1.622208952903747559e-01 2.002908289432525635e-01 5.138335227966308594e-01 2.848904430866241455e-01 1.622208952903747559e-01 2.002908289432525635e-01 5.138335227966308594e-01
1.100000000000000000e+04 2.530910074710845947e-01 1.524087637662887573e-01 1.572975665330886841e-01 4.307335615158081055e-01 2.530910074710845947e-01 1.524087637662887573e-01 1.572975665330886841e-01 4.307335615158081055e-01
1.200000000000000000e+04 2.304318845272064209e-01 1.378393620252609253e-01 1.270298361778259277e-01 3.684218227863311768e-01 2.304318845272064209e-01 1.378393620252609253e-01 1.270298361778259277e-01 3.684218227863311768e-01
1.300000000000000000e+04 2.120201289653778076e-01 1.265754103660583496e-01 1.043928042054176331e-01 3.207144141197204590e-01 2.120201289653778076e-01 1.265754103660583496e-01 1.043928042054176331e-01 3.207144141197204590e-01
1.400000000000000000e+04 1.965916603803634644e-01 1.163728833198547363e-01 8.729790896177291870e-02 2.837139070034027100e-01 1.965916603803634644e-01 1.163728833198547363e-01 8.729790896177291870e-02 2.837139070034027100e-01
1.500000000000000000e+04 1.830570548772811890e-01 1.082946509122848511e-01 7.395300269126892090e-02 2.534654736518859863e-01 1.830570548772811890e-01 1.082946509122848511e-01 7.395300269126892090e-02 2.534654736518859863e-01
1.600000000000000000e+04 1.714877039194107056e-01 1.011070907115936279e-01 6.367423385381698608e-02 2.289680987596511841e-01 1.714877039194107056e-01 1.011070907115936279e-01 6.367423385381698608e-02 2.289680987596511841e-01
1.700000000000000000e+04 1.612482517957687378e-01 9.474400430917739868e-02 5.554061010479927063e-02 2.089213877916336060e-01 1.612482517957687378e-01 9.474400430917739868e-02 5.554061010479927063e-02 2.089213877916336060e-01
1.800000000000000000e+04 1.529597342014312744e-01 8.848655968904495239e-02 4.923177137970924377e-02 1.928944885730743408e-01 1.529597342014312744e-01 8.848655968904495239e-02 4.923177137970924377e-02 1.928944885730743408e-01
1.900000000000000000e+04 1.450542658567428589e-01 8.359923213720321655e-02 4.383280873298645020e-02 1.787533313035964966e-01 1.450542658567428589e-01 8.359923213720321655e-02 4.383280873298645020e-02 1.787533313035964966e-01
2.000000000000000000e+04 2.530880272388458252e-01 7.474511861801147461e-02 4.703066870570182800e-02 1.772204637527465820e-01 2.530880272388458252e-01 7.474511861801147461e-02 4.703066870570182800e-02 1.772204637527465820e-01
