# step, loss_train, loss_test, metrics_test
0.000000000000000000e+00 8.963791992187500000e+03 1.140390136718750000e+03 8.445175933837890625e+01 1.059694170951843262e+00 8.963791992187500000e+03 1.140390136718750000e+03 8.445175933837890625e+01 1.059694170951843262e+00
1.000000000000000000e+03 3.849598169326782227e-01 6.764785647392272949e-01 8.387706875801086426e-01 1.147329926490783691e+00 3.849598169326782227e-01 6.764785647392272949e-01 8.387706875801086426e-01 1.147329926490783691e+00
2.000000000000000000e+03 1.252437978982925415e-01 1.196971237659454346e-01 6.855113059282302856e-02 2.368740141391754150e-01 1.252437978982925415e-01 1.196971237659454346e-01 6.855113059282302856e-02 2.368740141391754150e-01
3.000000000000000000e+03 4.182201996445655823e-02 4.105960205197334290e-02 4.414070863276720047e-03 1.272134333848953247e-01 4.182201996445655823e-02 4.105960205197334290e-02 4.414070863276720047e-03 1.272134333848953247e-01
4.000000000000000000e+03 2.184159308671951294e-02 2.810640819370746613e-02 4.655150696635246277e-03 9.399866312742233276e-02 2.184159308671951294e-02 2.810640819370746613e-02 4.655150696635246277e-03 9.399866312742233276e-02
5.000000000000000000e+03 1.424130145460367203e-02 1.334305852651596069e-02 6.312434561550617218e-03 7.503198087215423584e-02 1.424130145460367203e-02 1.334305852651596069e-02 6.312434561550617218e-03 7.503198087215423584e-02
6.000000000000000000e+03 9.078390896320343018e-03 4.796349443495273590e-03 7.624302059412002563e-03 5.298559740185737610e-02 9.078390896320343018e-03 4.796349443495273590e-03 7.624302059412002563e-03 5.298559740185737610e-02
7.000000000000000000e+03 5.548979621380567551e-03 4.261989146471023560e-03 6.052218377590179443e-03 3.171169012784957886e-02 5.548979621380567551e-03 4.261989146471023560e-03 6.052218377590179443e-03 3.171169012784957886e-02
8.000000000000000000e+03 3.858761396259069443e-03 3.120734356343746185e-03 4.383345600217580795e-03 1.699562929570674896e-02 3.858761396259069443e-03 3.120734356343746185e-03 4.383345600217580795e-03 1.699562929570674896e-02
9.000000000000000000e+03 2.911226358264684677e-03 1.596160815097391605e-03 3.695860970765352249e-03 1.079284772276878357e-02 2.911226358264684677e-03 1.596160815097391605e-03 3.695860970765352249e-03 1.079284772276878357e-02
1.000000000000000000e+04 2.146356273442506790e-03 8.709519752301275730e-04 3.024831181392073631e-03 9.003832936286926270e-03 2.146356273442506790e-03 8.709519752301275730e-04 3.024831181392073631e-03 9.003832936286926270e-03
1.100000000000000000e+04 1.560472883284091949e-03 4.847320087719708681e-04 2.497933804988861084e-03 8.290859870612621307e-03 1.560472883284091949e-03 4.847320087719708681e-04 2.497933804988861084e-03 8.290859870612621307e-03
1.200000000000000000e+04 1.196363708004355431e-03 2.658682933542877436e-04 2.055599819868803024e-03 7.923283614218235016e-03 1.196363708004355431e-03 2.658682933542877436e-04 2.055599819868803024e-03 7.923283614218235016e-03
1.300000000000000000e+04 9.965705685317516327e-04 1.666301395744085312e-04 1.765087712556123734e-03 7.664106786251068115e-03 9.965705685317516327e-04 1.666301395744085312e-04 1.765087712556123734e-03 7.664106786251068115e-03
1.400000000000000000e+04 8.322533103637397289e-04 1.057088084053248167e-04 1.498628407716751099e-03 7.476761937141418457e-03 8.322533103637397289e-04 1.057088084053248167e-04 1.498628407716751099e-03 7.476761937141418457e-03
1.500000000000000000e+04 7.214802317321300507e-04 7.204462599474936724e-05 1.314932480454444885e-03 7.282677572220563889e-03 7.214802317321300507e-04 7.204462599474936724e-05 1.314932480454444885e-03 7.282677572220563889e-03
1.600000000000000000e+04 2.434128895401954651e-03 1.591577020008116961e-04 1.244430313818156719e-03 7.170283235609531403e-03 2.434128895401954651e-03 1.591577020008116961e-04 1.244430313818156719e-03 7.170283235609531403e-03
1.700000000000000000e+04 5.790384020656347275e-04 3.379569534445181489e-05 1.040056697092950344e-03 6.922175642102956772e-03 5.790384020656347275e-04 3.379569534445181489e-05 1.040056697092950344e-03 6.922175642102956772e-03
1.800000000000000000e+04 8.285929798148572445e-04 9.026283805724233389e-05 9.629325941205024719e-04 6.735685281455516815e-03 8.285929798148572445e-04 9.026283805724233389e-05 9.629325941205024719e-04 6.735685281455516815e-03
1.900000000000000000e+04 5.096836830489337444e-04 2.050018701993394643e-05 8.791455766186118126e-04 6.556068081408739090e-03 5.096836830489337444e-04 2.050018701993394643e-05 8.791455766186118126e-04 6.556068081408739090e-03
2.000000000000000000e+04 5.981636932119727135e-04 4.268380871508270502e-05 8.288170211017131805e-04 6.381424143910408020e-03 5.981636932119727135e-04 4.268380871508270502e-05 8.288170211017131805e-04 6.381424143910408020e-03
