# step, loss_train, loss_test, metrics_test
0.000000000000000000e+00 2.956803143024444580e-01 1.083034053444862366e-01 6.150949001312255859e+00 3.609926104545593262e-01 2.956803143024444580e-01 1.083034053444862366e-01 6.150949001312255859e+00 3.609926104545593262e-01
1.000000000000000000e+03 7.215683814138174057e-03 4.137679189443588257e-02 1.405378937721252441e+00 1.230252627283334732e-02 7.215683814138174057e-03 4.137679189443588257e-02 1.405378937721252441e+00 1.230252627283334732e-02
2.000000000000000000e+03 1.365880202502012253e-02 3.755165636539459229e-02 8.608472943305969238e-01 1.951196230947971344e-02 1.365880202502012253e-02 3.755165636539459229e-02 8.608472943305969238e-01 1.951196230947971344e-02
3.000000000000000000e+03 5.891242623329162598e-02 6.729748100042343140e-02 5.108661204576492310e-02 8.180601894855499268e-02 5.891242623329162598e-02 6.729748100042343140e-02 5.108661204576492310e-02 8.180601894855499268e-02
4.000000000000000000e+03 5.871939286589622498e-02 5.626733228564262390e-02 3.458311408758163452e-02 8.316366374492645264e-02 5.871939286589622498e-02 5.626733228564262390e-02 3.458311408758163452e-02 8.316366374492645264e-02
5.000000000000000000e+03 5.330304056406021118e-02 4.374796524643898010e-02 2.890510857105255127e-02 7.825101166963577271e-02 5.330304056406021118e-02 4.374796524643898010e-02 2.890510857105255127e-02 7.825101166963577271e-02
6.000000000000000000e+03 3.969133272767066956e-02 3.144397214055061340e-02 1.809265837073326111e-02 6.872265785932540894e-02 3.969133272767066956e-02 3.144397214055061340e-02 1.809265837073326111e-02 6.872265785932540894e-02
7.000000000000000000e+03 1.890938356518745422e-02 1.760310679674148560e-02 7.859459146857261658e-03 5.196990445256233215e-02 1.890938356518745422e-02 1.760310679674148560e-02 7.859459146857261658e-03 5.196990445256233215e-02
8.000000000000000000e+03 9.853349067270755768e-03 6.220377516001462936e-03 3.825514111667871475e-03 3.091174736618995667e-02 9.853349067270755768e-03 6.220377516001462936e-03 3.825514111667871475e-03 3.091174736618995667e-02
9.000000000000000000e+03 7.436771877110004425e-03 4.298116080462932587e-03 2.610736060887575150e-03 1.967232115566730499e-02 7.436771877110004425e-03 4.298116080462932587e-03 2.610736060887575150e-03 1.967232115566730499e-02
1.000000000000000000e+04 4.723099991679191589e-03 4.856991115957498550e-03 2.121508354321122169e-03 1.619913987815380096e-02 4.723099991679191589e-03 4.856991115957498550e-03 2.121508354321122169e-03 1.619913987815380096e-02
1.100000000000000000e+04 2.959466073662042618e-03 4.966637585312128067e-03 1.985778333619236946e-03 1.426779665052890778e-02 2.959466073662042618e-03 4.966637585312128067e-03 1.985778333619236946e-03 1.426779665052890778e-02
1.200000000000000000e+04 2.158045070245862007e-03 4.590687341988086700e-03 1.798077719286084175e-03 1.304023154079914093e-02 2.158045070245862007e-03 4.590687341988086700e-03 1.798077719286084175e-03 1.304023154079914093e-02
1.300000000000000000e+04 1.783029059879481792e-03 4.088397137820720673e-03 1.682104193605482578e-03 1.196247898042201996e-02 1.783029059879481792e-03 4.088397137820720673e-03 1.682104193605482578e-03 1.196247898042201996e-02
1.400000000000000000e+04 1.570518361404538155e-03 3.573160618543624878e-03 1.633383100852370262e-03 1.100495643913745880e-02 1.570518361404538155e-03 3.573160618543624878e-03 1.633383100852370262e-03 1.100495643913745880e-02
1.500000000000000000e+04 1.404126756824553013e-03 3.079280257225036621e-03 1.618876820430159569e-03 1.009413413703441620e-02 1.404126756824553013e-03 3.079280257225036621e-03 1.618876820430159569e-03 1.009413413703441620e-02
1.600000000000000000e+04 1.252945046871900558e-03 2.603789791464805603e-03 1.578687923029065132e-03 9.266122244298458099e-03 1.252945046871900558e-03 2.603789791464805603e-03 1.578687923029065132e-03 9.266122244298458099e-03
1.700000000000000000e+04 1.133015262894332409e-03 2.198569942265748978e-03 1.538681448437273502e-03 8.450992405414581299e-03 1.133015262894332409e-03 2.198569942265748978e-03 1.538681448437273502e-03 8.450992405414581299e-03
1.800000000000000000e+04 1.050197053700685501e-03 1.862585311755537987e-03 1.486711902543902397e-03 7.709629833698272705e-03 1.050197053700685501e-03 1.862585311755537987e-03 1.486711902543902397e-03 7.709629833698272705e-03
1.900000000000000000e+04 1.003079232759773731e-03 1.588298240676522255e-03 1.429061987437307835e-03 7.064129225909709930e-03 1.003079232759773731e-03 1.588298240676522255e-03 1.429061987437307835e-03 7.064129225909709930e-03
2.000000000000000000e+04 9.767652954906225204e-04 1.359785557724535465e-03 1.372444094158709049e-03 6.516875233501195908e-03 9.767652954906225204e-04 1.359785557724535465e-03 1.372444094158709049e-03 6.516875233501195908e-03
