# step, loss_train, loss_test, metrics_test
0.000000000000000000e+00 2.349686473608016968e-01 1.416956633329391479e-02 3.268475055694580078e+00 1.543491929769515991e-01 2.349686473608016968e-01 1.416956633329391479e-02 3.268475055694580078e+00 1.543491929769515991e-01
1.000000000000000000e+03 7.866243831813335419e-03 3.543101623654365540e-02 1.345922827720642090e+00 1.323452871292829514e-02 7.866243831813335419e-03 3.543101623654365540e-02 1.345922827720642090e+00 1.323452871292829514e-02
2.000000000000000000e+03 1.308258771896362305e-01 3.667868301272392273e-02 2.985804378986358643e-01 4.633608460426330566e-02 1.308258771896362305e-01 3.667868301272392273e-02 2.985804378986358643e-01 4.633608460426330566e-02
3.000000000000000000e+03 1.569551378488540649e-01 3.804121166467666626e-02 9.929762035608291626e-02 6.472936272621154785e-02 1.569551378488540649e-01 3.804121166467666626e-02 9.929762035608291626e-02 6.472936272621154785e-02
4.000000000000000000e+03 1.178608015179634094e-01 2.815984189510345459e-02 6.970740854740142822e-02 6.407065689563751221e-02 1.178608015179634094e-01 2.815984189510345459e-02 6.970740854740142822e-02 6.407065689563751221e-02
5.000000000000000000e+03 6.036303937435150146e-02 2.162028290331363678e-02 2.873357571661472321e-02 5.411941558122634888e-02 6.036303937435150146e-02 2.162028290331363678e-02 2.873357571661472321e-02 5.411941558122634888e-02
6.000000000000000000e+03 1.526558492332696915e-02 1.810690388083457947e-02 6.653154734522104263e-03 3.638602048158645630e-02 1.526558492332696915e-02 1.810690388083457947e-02 6.653154734522104263e-03 3.638602048158645630e-02
7.000000000000000000e+03 6.570487283170223236e-03 1.399644277989864349e-02 3.970679827034473419e-03 2.780244126915931702e-02 6.570487283170223236e-03 1.399644277989864349e-02 3.970679827034473419e-03 2.780244126915931702e-02
8.000000000000000000e+03 6.006435491144657135e-03 6.979731377214193344e-03 3.246696665883064270e-03 2.195421233773231506e-02 6.006435491144657135e-03 6.979731377214193344e-03 3.246696665883064270e-03 2.195421233773231506e-02
9.000000000000000000e+03 6.176645401865243912e-03 3.462070133537054062e-03 2.846262184903025627e-03 1.604262366890907288e-02 6.176645401865243912e-03 3.462070133537054062e-03 2.846262184903025627e-03 1.604262366890907288e-02
1.000000000000000000e+04 4.956635180860757828e-03 2.778379246592521667e-03 2.552302554249763489e-03 1.271192729473114014e-02 4.956635180860757828e-03 2.778379246592521667e-03 2.552302554249763489e-03 1.271192729473114014e-02
1.100000000000000000e+04 3.706174204126000404e-03 2.642883453518152237e-03 2.219539601355791092e-03 1.070004887878894806e-02 3.706174204126000404e-03 2.642883453518152237e-03 2.219539601355791092e-03 1.070004887878894806e-02
1.200000000000000000e+04 2.701576799154281616e-03 2.534554572775959969e-03 1.959823537617921829e-03 9.285465814173221588e-03 2.701576799154281616e-03 2.534554572775959969e-03 1.959823537617921829e-03 9.285465814173221588e-03
1.300000000000000000e+04 1.938106375746428967e-03 2.354949247092008591e-03 1.779000856913626194e-03 8.304782211780548096e-03 1.938106375746428967e-03 2.354949247092008591e-03 1.779000856913626194e-03 8.304782211780548096e-03
1.400000000000000000e+04 1.392797566950321198e-03 2.156381262466311455e-03 1.709710108116269112e-03 7.583368569612503052e-03 1.392797566950321198e-03 2.156381262466311455e-03 1.709710108116269112e-03 7.583368569612503052e-03
1.500000000000000000e+04 1.017605187371373177e-03 1.883265329524874687e-03 1.546878251247107983e-03 7.210525684058666229e-03 1.017605187371373177e-03 1.883265329524874687e-03 1.546878251247107983e-03 7.210525684058666229e-03
1.600000000000000000e+04 8.562512230128049850e-04 1.667156815528869629e-03 1.426988630555570126e-03 6.833027116954326630e-03 8.562512230128049850e-04 1.667156815528869629e-03 1.426988630555570126e-03 6.833027116954326630e-03
1.700000000000000000e+04 8.055134094320237637e-04 1.461690757423639297e-03 1.287972903810441494e-03 6.517672445625066757e-03 8.055134094320237637e-04 1.461690757423639297e-03 1.287972903810441494e-03 6.517672445625066757e-03
1.800000000000000000e+04 8.147876360453665257e-04 1.272649154998362064e-03 1.139484229497611523e-03 6.206662394106388092e-03 8.147876360453665257e-04 1.272649154998362064e-03 1.139484229497611523e-03 6.206662394106388092e-03
1.900000000000000000e+04 8.497581584379076958e-04 1.097912318073213100e-03 9.940671734511852264e-04 5.895161535590887070e-03 8.497581584379076958e-04 1.097912318073213100e-03 9.940671734511852264e-04 5.895161535590887070e-03
2.000000000000000000e+04 8.910913602448999882e-04 9.413146181032061577e-04 8.662816835567355156e-04 5.582009907811880112e-03 8.910913602448999882e-04 9.413146181032061577e-04 8.662816835567355156e-04 5.582009907811880112e-03
