# step, loss_train, loss_test, metrics_test
0.000000000000000000e+00 5.546520464122295380e-03 4.692071117460727692e-03 1.866580367088317871e+00 4.991611093282699585e-02 5.546520464122295380e-03 4.692071117460727692e-03 1.866580367088317871e+00 4.991611093282699585e-02
1.000000000000000000e+03 1.396557092666625977e-01 2.473814412951469421e-02 7.520121932029724121e-01 3.246251493692398071e-02 1.396557092666625977e-01 2.473814412951469421e-02 7.520121932029724121e-01 3.246251493692398071e-02
2.000000000000000000e+03 2.695611417293548584e-01 2.512556686997413635e-02 2.176841795444488525e-01 6.109715625643730164e-02 2.695611417293548584e-01 2.512556686997413635e-02 2.176841795444488525e-01 6.109715625643730164e-02
3.000000000000000000e+03 1.677270233631134033e-01 1.622292026877403259e-02 1.042993515729904175e-01 6.211386993527412415e-02 1.677270233631134033e-01 1.622292026877403259e-02 1.042993515729904175e-01 6.211386993527412415e-02
4.000000000000000000e+03 4.739185050129890442e-02 1.742713153362274170e-02 2.993271872401237488e-02 4.570193588733673096e-02 4.739185050129890442e-02 1.742713153362274170e-02 2.993271872401237488e-02 4.570193588733673096e-02
5.000000000000000000e+03 1.485264860093593597e-02 7.053454872220754623e-03 4.214649088680744171e-03 3.469786792993545532e-02 1.485264860093593597e-02 7.053454872220754623e-03 4.214649088680744171e-03 3.469786792993545532e-02
6.000000000000000000e+03 8.387400768697261810e-03 4.664336796849966049e-03 1.765592722222208977e-03 2.924718521535396576e-02 8.387400768697261810e-03 4.664336796849966049e-03 1.765592722222208977e-03 2.924718521535396576e-02
7.000000000000000000e+03 7.127280347049236298e-03 4.934796597808599472e-03 1.673374674282968044e-03 2.662830427289009094e-02 7.127280347049236298e-03 4.934796597808599472e-03 1.673374674282968044e-03 2.662830427289009094e-02
8.000000000000000000e+03 6.585795432329177856e-03 4.912388511002063751e-03 1.519787358120083809e-03 2.493792027235031128e-02 6.585795432329177856e-03 4.912388511002063751e-03 1.519787358120083809e-03 2.493792027235031128e-02
9.000000000000000000e+03 6.361608859151601791e-03 4.686738830059766769e-03 1.367662101984024048e-03 2.344093471765518188e-02 6.361608859151601791e-03 4.686738830059766769e-03 1.367662101984024048e-03 2.344093471765518188e-02
1.000000000000000000e+04 6.115571595728397369e-03 4.288638941943645477e-03 1.204376108944416046e-03 2.215268835425376892e-02 6.115571595728397369e-03 4.288638941943645477e-03 1.204376108944416046e-03 2.215268835425376892e-02
1.100000000000000000e+04 5.671541206538677216e-03 4.024970345199108124e-03 1.131490920670330524e-03 2.063043974339962006e-02 5.671541206538677216e-03 4.024970345199108124e-03 1.131490920670330524e-03 2.063043974339962006e-02
1.200000000000000000e+04 5.032667424529790878e-03 3.641018643975257874e-03 1.053108600899577141e-03 1.936699636280536652e-02 5.032667424529790878e-03 3.641018643975257874e-03 1.053108600899577141e-03 1.936699636280536652e-02
1.300000000000000000e+04 4.422670695930719376e-03 3.328139660879969597e-03 1.000894000753760338e-03 1.825444214046001434e-02 4.422670695930719376e-03 3.328139660879969597e-03 1.000894000753760338e-03 1.825444214046001434e-02
1.400000000000000000e+04 3.970666788518428802e-03 3.179287072271108627e-03 9.745346615090966225e-04 1.728397235274314880e-02 3.970666788518428802e-03 3.179287072271108627e-03 9.745346615090966225e-04 1.728397235274314880e-02
1.500000000000000000e+04 3.569863736629486084e-03 3.027927363291382790e-03 9.615704184398055077e-04 1.668343693017959595e-02 3.569863736629486084e-03 3.027927363291382790e-03 9.615704184398055077e-04 1.668343693017959595e-02
1.600000000000000000e+04 3.327029524371027946e-03 3.047032747417688370e-03 1.036943169310688972e-03 1.562371104955673218e-02 3.327029524371027946e-03 3.047032747417688370e-03 1.036943169310688972e-03 1.562371104955673218e-02
1.700000000000000000e+04 3.049290040507912636e-03 2.955060452222824097e-03 1.101687434129416943e-03 1.490798871964216232e-02 3.049290040507912636e-03 2.955060452222824097e-03 1.101687434129416943e-03 1.490798871964216232e-02
1.800000000000000000e+04 2.786100609228014946e-03 2.856592880561947823e-03 1.193181378766894341e-03 1.421201229095458984e-02 2.786100609228014946e-03 2.856592880561947823e-03 1.193181378766894341e-03 1.421201229095458984e-02
1.900000000000000000e+04 2.540675923228263855e-03 2.755234949290752411e-03 1.307310536503791809e-03 1.352931745350360870e-02 2.540675923228263855e-03 2.755234949290752411e-03 1.307310536503791809e-03 1.352931745350360870e-02
2.000000000000000000e+04 2.300456166267395020e-03 2.635779324918985367e-03 1.414792262949049473e-03 1.294308714568614960e-02 2.300456166267395020e-03 2.635779324918985367e-03 1.414792262949049473e-03 1.294308714568614960e-02
