# step, loss_train, loss_test, metrics_test
0.000000000000000000e+00 1.115160465240478516e+01 9.246383905410766602e-01 1.012656593322753906e+01 4.937930703163146973e-01 1.115160465240478516e+01 9.246383905410766602e-01 1.012656593322753906e+01 4.937930703163146973e-01
1.000000000000000000e+03 8.222618699073791504e-02 2.226587943732738495e-02 1.545125722885131836e+00 2.208895795047283173e-02 8.222618699073791504e-02 2.226587943732738495e-02 1.545125722885131836e+00 2.208895795047283173e-02
2.000000000000000000e+03 6.985789537429809570e-02 1.718425936996936798e-02 1.429060339927673340e+00 2.217172458767890930e-02 6.985789537429809570e-02 1.718425936996936798e-02 1.429060339927673340e+00 2.217172458767890930e-02
3.000000000000000000e+03 1.092918440699577332e-01 8.399749174714088440e-03 1.008796572685241699e+00 2.581047639250755310e-02 1.092918440699577332e-01 8.399749174714088440e-03 1.008796572685241699e+00 2.581047639250755310e-02
4.000000000000000000e+03 2.034386098384857178e-01 8.754609152674674988e-03 5.581504702568054199e-01 3.347150608897209167e-02 2.034386098384857178e-01 8.754609152674674988e-03 5.581504702568054199e-01 3.347150608897209167e-02
5.000000000000000000e+03 1.907452046871185303e-01 7.997726090252399445e-03 2.816411852836608887e-01 4.270947724580764771e-02 1.907452046871185303e-01 7.997726090252399445e-03 2.816411852836608887e-01 4.270947724580764771e-02
6.000000000000000000e+03 1.080438718199729919e-01 1.010979153215885162e-02 1.418300271034240723e-01 4.799841716885566711e-02 1.080438718199729919e-01 1.010979153215885162e-02 1.418300271034240723e-01 4.799841716885566711e-02
7.000000000000000000e+03 5.738002806901931763e-02 1.285643409937620163e-02 6.242413073778152466e-02 4.601661488413810730e-02 5.738002806901931763e-02 1.285643409937620163e-02 6.242413073778152466e-02 4.601661488413810730e-02
8.000000000000000000e+03 1.834369823336601257e-02 9.412880986928939819e-03 1.298023760318756104e-02 4.072808101773262024e-02 1.834369823336601257e-02 9.412880986928939819e-03 1.298023760318756104e-02 4.072808101773262024e-02
9.000000000000000000e+03 7.120297290384769440e-03 6.814097519963979721e-03 2.774952678009867668e-03 3.670531511306762695e-02 7.120297290384769440e-03 6.814097519963979721e-03 2.774952678009867668e-03 3.670531511306762695e-02
1.000000000000000000e+04 4.486902616918087006e-03 6.842004600912332535e-03 2.203290816396474838e-03 3.561744838953018188e-02 4.486902616918087006e-03 6.842004600912332535e-03 2.203290816396474838e-03 3.561744838953018188e-02
1.100000000000000000e+04 3.521170467138290405e-03 6.964265368878841400e-03 1.681053312495350838e-03 3.423852100968360901e-02 3.521170467138290405e-03 6.964265368878841400e-03 1.681053312495350838e-03 3.423852100968360901e-02
1.200000000000000000e+04 3.563242498785257339e-03 6.854636128991842270e-03 1.227595610544085503e-03 3.248118609189987183e-02 3.563242498785257339e-03 6.854636128991842270e-03 1.227595610544085503e-03 3.248118609189987183e-02
1.300000000000000000e+04 4.048202186822891235e-03 6.197487469762563705e-03 8.901965920813381672e-04 2.978819049894809723e-02 4.048202186822891235e-03 6.197487469762563705e-03 8.901965920813381672e-04 2.978819049894809723e-02
1.400000000000000000e+04 4.516995046287775040e-03 5.323421675711870193e-03 8.803983218967914581e-04 2.548752166330814362e-02 4.516995046287775040e-03 5.323421675711870193e-03 8.803983218967914581e-04 2.548752166330814362e-02
1.500000000000000000e+04 4.795462824404239655e-03 4.387558903545141220e-03 1.210484886541962624e-03 2.071808092296123505e-02 4.795462824404239655e-03 4.387558903545141220e-03 1.210484886541962624e-03 2.071808092296123505e-02
1.600000000000000000e+04 4.438727628439664841e-03 3.463705303147435188e-03 1.598455943167209625e-03 1.681991294026374817e-02 4.438727628439664841e-03 3.463705303147435188e-03 1.598455943167209625e-03 1.681991294026374817e-02
1.700000000000000000e+04 3.541826736181974411e-03 2.627354115247726440e-03 2.056707162410020828e-03 1.381308771669864655e-02 3.541826736181974411e-03 2.627354115247726440e-03 2.056707162410020828e-03 1.381308771669864655e-02
1.800000000000000000e+04 2.681364770978689194e-03 2.035926561802625656e-03 2.411381807178258896e-03 1.172816846519708633e-02 2.681364770978689194e-03 2.035926561802625656e-03 2.411381807178258896e-03 1.172816846519708633e-02
1.900000000000000000e+04 2.107833977788686752e-03 1.665409887209534645e-03 2.540695015341043472e-03 1.032049395143985748e-02 2.107833977788686752e-03 1.665409887209534645e-03 2.540695015341043472e-03 1.032049395143985748e-02
2.000000000000000000e+04 1.743918750435113907e-03 1.418512547388672829e-03 2.498432761058211327e-03 9.319906122982501984e-03 1.743918750435113907e-03 1.418512547388672829e-03 2.498432761058211327e-03 9.319906122982501984e-03
