# step, loss_train, loss_test, metrics_test
0.000000000000000000e+00 1.445775628089904785e+00 3.872825205326080322e-02 4.278416633605957031e+00 2.267732173204421997e-01 1.445775628089904785e+00 3.872825205326080322e-02 4.278416633605957031e+00 2.267732173204421997e-01
1.000000000000000000e+03 9.678298979997634888e-02 1.432553213089704514e-02 1.623094558715820312e+00 2.974820695817470551e-02 9.678298979997634888e-02 1.432553213089704514e-02 1.623094558715820312e+00 2.974820695817470551e-02
2.000000000000000000e+03 8.535024523735046387e-02 6.856263615190982819e-03 1.302030324935913086e+00 2.804043889045715332e-02 8.535024523735046387e-02 6.856263615190982819e-03 1.302030324935913086e+00 2.804043889045715332e-02
3.000000000000000000e+03 2.849231362342834473e-01 5.643373820930719376e-03 5.065746903419494629e-01 4.008990526199340820e-02 2.849231362342834473e-01 5.643373820930719376e-03 5.065746903419494629e-01 4.008990526199340820e-02
4.000000000000000000e+03 1.733818799257278442e-01 2.989366883412003517e-03 2.781193256378173828e-01 4.735895246267318726e-02 1.733818799257278442e-01 2.989366883412003517e-03 2.781193256378173828e-01 4.735895246267318726e-02
5.000000000000000000e+03 6.336116045713424683e-02 7.386356592178344727e-03 1.507554352283477783e-01 5.028620362281799316e-02 6.336116045713424683e-02 7.386356592178344727e-03 1.507554352283477783e-01 5.028620362281799316e-02
6.000000000000000000e+03 4.734217375516891479e-02 8.801957592368125916e-03 7.439086586236953735e-02 4.732101038098335266e-02 4.734217375516891479e-02 8.801957592368125916e-03 7.439086586236953735e-02 4.732101038098335266e-02
7.000000000000000000e+03 1.451329700648784637e-02 4.654115531593561172e-03 1.488518435508012772e-02 4.150272160768508911e-02 1.451329700648784637e-02 4.654115531593561172e-03 1.488518435508012772e-02 4.150272160768508911e-02
8.000000000000000000e+03 5.671307910233736038e-03 4.625979345291852951e-03 2.428585197776556015e-03 3.815353289246559143e-02 5.671307910233736038e-03 4.625979345291852951e-03 2.428585197776556015e-03 3.815353289246559143e-02
9.000000000000000000e+03 3.092176048085093498e-03 5.010631866753101349e-03 1.454898389056324959e-03 3.594570979475975037e-02 3.092176048085093498e-03 5.010631866753101349e-03 1.454898389056324959e-03 3.594570979475975037e-02
1.000000000000000000e+04 2.980206860229372978e-03 4.824828822165727615e-03 1.293006003834307194e-03 3.335170075297355652e-02 2.980206860229372978e-03 4.824828822165727615e-03 1.293006003834307194e-03 3.335170075297355652e-02
1.100000000000000000e+04 3.655088599771261215e-03 4.501963965594768524e-03 1.460628584027290344e-03 2.953771874308586121e-02 3.655088599771261215e-03 4.501963965594768524e-03 1.460628584027290344e-03 2.953771874308586121e-02
1.200000000000000000e+04 4.495973233133554459e-03 4.237615503370761871e-03 1.864323043264448643e-03 2.544623240828514099e-02 4.495973233133554459e-03 4.237615503370761871e-03 1.864323043264448643e-03 2.544623240828514099e-02
1.300000000000000000e+04 4.557076841592788696e-03 3.809957997873425484e-03 2.140146680176258087e-03 2.148466370999813080e-02 4.557076841592788696e-03 3.809957997873425484e-03 2.140146680176258087e-03 2.148466370999813080e-02
1.400000000000000000e+04 3.822216764092445374e-03 3.274563001468777657e-03 2.360235666856169701e-03 1.669862493872642517e-02 3.822216764092445374e-03 3.274563001468777657e-03 2.360235666856169701e-03 1.669862493872642517e-02
1.500000000000000000e+04 3.204192500561475754e-03 2.931527793407440186e-03 2.167197410017251968e-03 1.185836456716060638e-02 3.204192500561475754e-03 2.931527793407440186e-03 2.167197410017251968e-03 1.185836456716060638e-02
1.600000000000000000e+04 2.825195668265223503e-03 2.565890317782759666e-03 1.582454307936131954e-03 9.164904244244098663e-03 2.825195668265223503e-03 2.565890317782759666e-03 1.582454307936131954e-03 9.164904244244098663e-03
1.700000000000000000e+04 2.420618431642651558e-03 2.187043894082307816e-03 1.157536287792026997e-03 7.929636165499687195e-03 2.420618431642651558e-03 2.187043894082307816e-03 1.157536287792026997e-03 7.929636165499687195e-03
1.800000000000000000e+04 2.043119631707668304e-03 1.789244823157787323e-03 9.116943692788481712e-04 7.289989851415157318e-03 2.043119631707668304e-03 1.789244823157787323e-03 9.116943692788481712e-04 7.289989851415157318e-03
1.900000000000000000e+04 1.769523718394339085e-03 1.471686526201665401e-03 7.661366835236549377e-04 6.905495189130306244e-03 1.769523718394339085e-03 1.471686526201665401e-03 7.661366835236549377e-04 6.905495189130306244e-03
2.000000000000000000e+04 1.557502197101712227e-03 1.290360698476433754e-03 6.585413357242941856e-04 6.633504293859004974e-03 1.557502197101712227e-03 1.290360698476433754e-03 6.585413357242941856e-04 6.633504293859004974e-03
