# step, loss_train, loss_test, metrics_test
0.000000000000000000e+00 4.674177169799804688e+01 1.322790503501892090e+00 3.138689613342285156e+01 2.016533613204956055e+00 4.674177169799804688e+01 1.322790503501892090e+00 3.138689613342285156e+01 2.016533613204956055e+00
1.000000000000000000e+03 1.054678335785865784e-01 1.041040010750293732e-02 1.701707601547241211e+00 3.618208318948745728e-02 1.054678335785865784e-01 1.041040010750293732e-02 1.701707601547241211e+00 3.618208318948745728e-02
2.000000000000000000e+03 1.030309498310089111e-01 9.859741665422916412e-03 1.672520279884338379e+00 3.624584153294563293e-02 1.030309498310089111e-01 9.859741665422916412e-03 1.672520279884338379e+00 3.624584153294563293e-02
3.000000000000000000e+03 1.001384556293487549e-01 8.827070705592632294e-03 1.616380691528320312e+00 3.642429038882255554e-02 1.001384556293487549e-01 8.827070705592632294e-03 1.616380691528320312e+00 3.642429038882255554e-02
4.000000000000000000e+03 1.063449829816818237e-01 6.584897637367248535e-03 1.468475461006164551e+00 3.692482411861419678e-02 1.063449829816818237e-01 6.584897637367248535e-03 1.468475461006164551e+00 3.692482411861419678e-02
5.000000000000000000e+03 2.043136507272720337e-01 4.362919833511114120e-03 1.097796678543090820e+00 3.798561543226242065e-02 2.043136507272720337e-01 4.362919833511114120e-03 1.097796678543090820e+00 3.798561543226242065e-02
6.000000000000000000e+03 2.861824333667755127e-01 4.226112738251686096e-03 7.509199380874633789e-01 3.600860759615898132e-02 2.861824333667755127e-01 4.226112738251686096e-03 7.509199380874633789e-01 3.600860759615898132e-02
7.000000000000000000e+03 2.576580643653869629e-01 3.048085840418934822e-03 4.891692698001861572e-01 3.864169120788574219e-02 2.576580643653869629e-01 3.048085840418934822e-03 4.891692698001861572e-01 3.864169120788574219e-02
8.000000000000000000e+03 1.494960933923721313e-01 3.969372250139713287e-03 2.587297558784484863e-01 4.613372310996055603e-02 1.494960933923721313e-01 3.969372250139713287e-03 2.587297558784484863e-01 4.613372310996055603e-02
9.000000000000000000e+03 8.128454536199569702e-02 6.601322442293167114e-03 1.216183528304100037e-01 4.818078503012657166e-02 8.128454536199569702e-02 6.601322442293167114e-03 1.216183528304100037e-01 4.818078503012657166e-02
1.000000000000000000e+04 3.412974253296852112e-02 4.573381040245294571e-03 3.704391047358512878e-02 4.464709386229515076e-02 3.412974253296852112e-02 4.573381040245294571e-03 3.704391047358512878e-02 4.464709386229515076e-02
1.100000000000000000e+04 1.221853308379650116e-02 2.844043541699647903e-03 5.474320147186517715e-03 4.164405539631843567e-02 1.221853308379650116e-02 2.844043541699647903e-03 5.474320147186517715e-03 4.164405539631843567e-02
1.200000000000000000e+04 5.875931121408939362e-03 3.106735181063413620e-03 2.349836286157369614e-03 4.038844257593154907e-02 5.875931121408939362e-03 3.106735181063413620e-03 2.349836286157369614e-03 4.038844257593154907e-02
1.300000000000000000e+04 3.728684270754456520e-03 3.393689868971705437e-03 1.694428035989403725e-03 3.935994952917098999e-02 3.728684270754456520e-03 3.393689868971705437e-03 1.694428035989403725e-03 3.935994952917098999e-02
1.400000000000000000e+04 3.013392677530646324e-03 3.514945972710847855e-03 1.346427248790860176e-03 3.818774968385696411e-02 3.013392677530646324e-03 3.514945972710847855e-03 1.346427248790860176e-03 3.818774968385696411e-02
1.500000000000000000e+04 2.819159068167209625e-03 3.473166376352310181e-03 1.229416928254067898e-03 3.683317452669143677e-02 2.819159068167209625e-03 3.473166376352310181e-03 1.229416928254067898e-03 3.683317452669143677e-02
1.600000000000000000e+04 3.015429014340043068e-03 3.367717610672116280e-03 1.248000538907945156e-03 3.516973555088043213e-02 3.015429014340043068e-03 3.367717610672116280e-03 1.248000538907945156e-03 3.516973555088043213e-02
1.700000000000000000e+04 3.455881727859377861e-03 3.244975116103887558e-03 1.336579793132841587e-03 3.340966999530792236e-02 3.455881727859377861e-03 3.244975116103887558e-03 1.336579793132841587e-03 3.340966999530792236e-02
1.800000000000000000e+04 3.871257882565259933e-03 3.124820766970515251e-03 1.435773679986596107e-03 3.179923817515373230e-02 3.871257882565259933e-03 3.124820766970515251e-03 1.435773679986596107e-03 3.179923817515373230e-02
1.900000000000000000e+04 4.149005282670259476e-03 3.023845609277486801e-03 1.527629792690277100e-03 3.034261800348758698e-02 4.149005282670259476e-03 3.023845609277486801e-03 1.527629792690277100e-03 3.034261800348758698e-02
2.000000000000000000e+04 4.332975484430789948e-03 2.937387675046920776e-03 1.608266262337565422e-03 2.893030643463134766e-02 4.332975484430789948e-03 2.937387675046920776e-03 1.608266262337565422e-03 2.893030643463134766e-02
