# step, loss_train, loss_test, metrics_test
0.000000000000000000e+00 4.936906051635742188e+01 1.189720392227172852e+00 1.382046031951904297e+01 6.895448565483093262e-01 4.936906051635742188e+01 1.189720392227172852e+00 1.382046031951904297e+01 6.895448565483093262e-01
1.000000000000000000e+03 1.002660989761352539e-01 7.513340562582015991e-03 1.743582487106323242e+00 4.069518670439720154e-02 1.002660989761352539e-01 7.513340562582015991e-03 1.743582487106323242e+00 4.069518670439720154e-02
2.000000000000000000e+03 9.865800291299819946e-02 7.110436446964740753e-03 1.717500448226928711e+00 4.089296981692314148e-02 9.865800291299819946e-02 7.110436446964740753e-03 1.717500448226928711e+00 4.089296981692314148e-02
3.000000000000000000e+03 9.679804742336273193e-02 6.101258564740419388e-03 1.650697946548461914e+00 4.148558899760246277e-02 9.679804742336273193e-02 6.101258564740419388e-03 1.650697946548461914e+00 4.148558899760246277e-02
4.000000000000000000e+03 1.150793433189392090e-01 3.399731125682592392e-03 1.435858249664306641e+00 4.406021907925605774e-02 1.150793433189392090e-01 3.399731125682592392e-03 1.435858249664306641e+00 4.406021907925605774e-02
5.000000000000000000e+03 2.069926112890243530e-01 1.366985961794853210e-03 1.036395192146301270e+00 4.702190682291984558e-02 2.069926112890243530e-01 1.366985961794853210e-03 1.036395192146301270e+00 4.702190682291984558e-02
6.000000000000000000e+03 2.289987057447433472e-01 7.940032519400119781e-04 6.623094677925109863e-01 4.854561015963554382e-02 2.289987057447433472e-01 7.940032519400119781e-04 6.623094677925109863e-01 4.854561015963554382e-02
7.000000000000000000e+03 1.169874668121337891e-01 9.297997457906603813e-04 3.616617321968078613e-01 4.890779033303260803e-02 1.169874668121337891e-01 9.297997457906603813e-04 3.616617321968078613e-01 4.890779033303260803e-02
8.000000000000000000e+03 6.152329593896865845e-02 3.693551989272236824e-03 1.802545189857482910e-01 5.082456022500991821e-02 6.152329593896865845e-02 3.693551989272236824e-03 1.802545189857482910e-01 5.082456022500991821e-02
9.000000000000000000e+03 4.419659823179244995e-02 3.218305530026555061e-03 1.008406654000282288e-01 5.158299207687377930e-02 4.419659823179244995e-02 3.218305530026555061e-03 1.008406654000282288e-01 5.158299207687377930e-02
1.000000000000000000e+04 1.855937391519546509e-02 2.004063688218593597e-03 2.539120987057685852e-02 4.779767245054244995e-02 1.855937391519546509e-02 2.004063688218593597e-03 2.539120987057685852e-02 4.779767245054244995e-02
1.100000000000000000e+04 7.716407533735036850e-03 2.817267086356878281e-03 5.393962841480970383e-03 4.574986174702644348e-02 7.716407533735036850e-03 2.817267086356878281e-03 5.393962841480970383e-03 4.574986174702644348e-02
1.200000000000000000e+04 4.289994481950998306e-03 3.064962569624185562e-03 1.986242597922682762e-03 4.505891725420951843e-02 4.289994481950998306e-03 3.064962569624185562e-03 1.986242597922682762e-03 4.505891725420951843e-02
1.300000000000000000e+04 3.044212237000465393e-03 2.937068464234471321e-03 9.889027569442987442e-04 4.437278211116790771e-02 3.044212237000465393e-03 2.937068464234471321e-03 9.889027569442987442e-04 4.437278211116790771e-02
1.400000000000000000e+04 2.526424592360854149e-03 2.755393041297793388e-03 7.360159652307629585e-04 4.328357428312301636e-02 2.526424592360854149e-03 2.755393041297793388e-03 7.360159652307629585e-04 4.328357428312301636e-02
1.500000000000000000e+04 2.486996352672576904e-03 2.670802641659975052e-03 8.343957597389817238e-04 4.183908551931381226e-02 2.486996352672576904e-03 2.670802641659975052e-03 8.343957597389817238e-04 4.183908551931381226e-02
1.600000000000000000e+04 2.762768883258104324e-03 2.648025751113891602e-03 1.056287088431417942e-03 4.029770940542221069e-02 2.762768883258104324e-03 2.648025751113891602e-03 1.056287088431417942e-03 4.029770940542221069e-02
1.700000000000000000e+04 3.084739670157432556e-03 2.649358008056879044e-03 1.249821158125996590e-03 3.889991715550422668e-02 3.084739670157432556e-03 2.649358008056879044e-03 1.249821158125996590e-03 3.889991715550422668e-02
1.800000000000000000e+04 3.352893749251961708e-03 2.648919587954878807e-03 1.356598688289523125e-03 3.757274150848388672e-02 3.352893749251961708e-03 2.648919587954878807e-03 1.356598688289523125e-03 3.757274150848388672e-02
1.900000000000000000e+04 3.655663225799798965e-03 2.702928148210048676e-03 1.445343019440770149e-03 3.595256060361862183e-02 3.655663225799798965e-03 2.702928148210048676e-03 1.445343019440770149e-03 3.595256060361862183e-02
2.000000000000000000e+04 3.847463987767696381e-03 2.745257224887609482e-03 1.450289739295840263e-03 3.420688211917877197e-02 3.847463987767696381e-03 2.745257224887609482e-03 1.450289739295840263e-03 3.420688211917877197e-02
