# step, loss_train, loss_test, metrics_test
0.000000000000000000e+00 1.379609489440917969e+01 2.705183029174804688e-01 2.984162807464599609e+00 7.516020536422729492e-02 1.379609489440917969e+01 2.705183029174804688e-01 2.984162807464599609e+00 7.516020536422729492e-02
1.000000000000000000e+03 9.317037463188171387e-02 5.183852277696132660e-03 1.779376268386840820e+00 4.564205557107925415e-02 9.317037463188171387e-02 5.183852277696132660e-03 1.779376268386840820e+00 4.564205557107925415e-02
2.000000000000000000e+03 9.151805937290191650e-02 3.766705747693777084e-03 1.686898231506347656e+00 4.707733541727066040e-02 9.151805937290191650e-02 3.766705747693777084e-03 1.686898231506347656e+00 4.707733541727066040e-02
3.000000000000000000e+03 1.590443402528762817e-01 1.306332182139158249e-03 1.353272914886474609e+00 5.104582384228706360e-02 1.590443402528762817e-01 1.306332182139158249e-03 1.353272914886474609e+00 5.104582384228706360e-02
4.000000000000000000e+03 2.868208289146423340e-01 1.407674746587872505e-03 9.415987133979797363e-01 5.221915990114212036e-02 2.868208289146423340e-01 1.407674746587872505e-03 9.415987133979797363e-01 5.221915990114212036e-02
5.000000000000000000e+03 2.581697404384613037e-01 8.104577427729964256e-04 5.566805601119995117e-01 5.219700187444686890e-02 2.581697404384613037e-01 8.104577427729964256e-04 5.566805601119995117e-01 5.219700187444686890e-02
6.000000000000000000e+03 7.304605096578598022e-02 3.028153441846370697e-03 2.140851318836212158e-01 5.254966020584106445e-02 7.304605096578598022e-02 3.028153441846370697e-03 2.140851318836212158e-01 5.254966020584106445e-02
7.000000000000000000e+03 4.968215152621269226e-02 3.393712220713496208e-03 1.414877921342849731e-01 5.327547341585159302e-02 4.968215152621269226e-02 3.393712220713496208e-03 1.414877921342849731e-01 5.327547341585159302e-02
8.000000000000000000e+03 3.011131845414638519e-02 2.505134558305144310e-03 7.288023829460144043e-02 5.103866010904312134e-02 3.011131845414638519e-02 2.505134558305144310e-03 7.288023829460144043e-02 5.103866010904312134e-02
9.000000000000000000e+03 1.678767800331115723e-02 1.920070499181747437e-03 1.793580688536167145e-02 4.680370539426803589e-02 1.678767800331115723e-02 1.920070499181747437e-03 1.793580688536167145e-02 4.680370539426803589e-02
1.000000000000000000e+04 7.447708863765001297e-03 2.099878387525677681e-03 5.787432659417390823e-03 4.500672221183776855e-02 7.447708863765001297e-03 2.099878387525677681e-03 5.787432659417390823e-03 4.500672221183776855e-02
1.100000000000000000e+04 4.675984848290681839e-03 2.134693088009953499e-03 2.807536395266652107e-03 4.401196539402008057e-02 4.675984848290681839e-03 2.134693088009953499e-03 2.807536395266652107e-03 4.401196539402008057e-02
1.200000000000000000e+04 3.825059859082102776e-03 2.070438349619507790e-03 1.574472291395068169e-03 4.276664555072784424e-02 3.825059859082102776e-03 2.070438349619507790e-03 1.574472291395068169e-03 4.276664555072784424e-02
1.300000000000000000e+04 3.594217589125037193e-03 1.984095200896263123e-03 1.146070659160614014e-03 4.146457463502883911e-02 3.594217589125037193e-03 1.984095200896263123e-03 1.146070659160614014e-03 4.146457463502883911e-02
1.400000000000000000e+04 3.711664583534002304e-03 1.961286645382642746e-03 1.097647473216056824e-03 3.995677083730697632e-02 3.711664583534002304e-03 1.961286645382642746e-03 1.097647473216056824e-03 3.995677083730697632e-02
1.500000000000000000e+04 3.721365705132484436e-03 1.899128546938300133e-03 1.111855497583746910e-03 3.866887092590332031e-02 3.721365705132484436e-03 1.899128546938300133e-03 1.111855497583746910e-03 3.866887092590332031e-02
1.600000000000000000e+04 3.710726508870720863e-03 1.855153357610106468e-03 1.172295073047280312e-03 3.716316819190979004e-02 3.710726508870720863e-03 1.855153357610106468e-03 1.172295073047280312e-03 3.716316819190979004e-02
1.700000000000000000e+04 3.721599467098712921e-03 1.847083331085741520e-03 1.280390890315175056e-03 3.506993129849433899e-02 3.721599467098712921e-03 1.847083331085741520e-03 1.280390890315175056e-03 3.506993129849433899e-02
1.800000000000000000e+04 3.599270945414900780e-03 1.774075208231806755e-03 1.346405944786965847e-03 3.246292471885681152e-02 3.599270945414900780e-03 1.774075208231806755e-03 1.346405944786965847e-03 3.246292471885681152e-02
1.900000000000000000e+04 3.800613339990377426e-03 1.819629571400582790e-03 1.478297519497573376e-03 2.847291529178619385e-02 3.800613339990377426e-03 1.819629571400582790e-03 1.478297519497573376e-03 2.847291529178619385e-02
2.000000000000000000e+04 4.259907174855470657e-03 1.825394108891487122e-03 1.505597261711955070e-03 2.434269897639751434e-02 4.259907174855470657e-03 1.825394108891487122e-03 1.505597261711955070e-03 2.434269897639751434e-02
