# step, loss_train, loss_test, metrics_test
0.000000000000000000e+00 2.884450912475585938e+01 2.223337650299072266e+00 2.789941406250000000e+01 1.523836851119995117e+00 2.884450912475585938e+01 2.223337650299072266e+00 2.789941406250000000e+01 1.523836851119995117e+00
1.000000000000000000e+03 7.459030300378799438e-02 1.898157037794589996e-02 1.585631132125854492e+00 2.338931895792484283e-02 7.459030300378799438e-02 1.898157037794589996e-02 1.585631132125854492e+00 2.338931895792484283e-02
2.000000000000000000e+03 7.225269824266433716e-02 1.845734193921089172e-02 1.560214281082153320e+00 2.300227060914039612e-02 7.225269824266433716e-02 1.845734193921089172e-02 1.560214281082153320e+00 2.300227060914039612e-02
3.000000000000000000e+03 6.691665202379226685e-02 1.694718562066555023e-02 1.491506576538085938e+00 2.207350730895996094e-02 6.691665202379226685e-02 1.694718562066555023e-02 1.491506576538085938e+00 2.207350730895996094e-02
4.000000000000000000e+03 6.373906135559082031e-02 1.165028009563684464e-02 1.227391839027404785e+00 2.034161984920501709e-02 6.373906135559082031e-02 1.165028009563684464e-02 1.227391839027404785e+00 2.034161984920501709e-02
5.000000000000000000e+03 1.959613710641860962e-01 1.012284308671951294e-02 6.435345411300659180e-01 2.582604810595512390e-02 1.959613710641860962e-01 1.012284308671951294e-02 6.435345411300659180e-01 2.582604810595512390e-02
6.000000000000000000e+03 2.434739321470260620e-01 9.826077148318290710e-03 3.780190050601959229e-01 3.584945201873779297e-02 2.434739321470260620e-01 9.826077148318290710e-03 3.780190050601959229e-01 3.584945201873779297e-02
7.000000000000000000e+03 1.910500377416610718e-01 6.491770036518573761e-03 2.547881007194519043e-01 4.416600614786148071e-02 1.910500377416610718e-01 6.491770036518573761e-03 2.547881007194519043e-01 4.416600614786148071e-02
8.000000000000000000e+03 1.087689101696014404e-01 7.300169672816991806e-03 1.314608603715896606e-01 4.873399809002876282e-02 1.087689101696014404e-01 7.300169672816991806e-03 1.314608603715896606e-01 4.873399809002876282e-02
9.000000000000000000e+03 4.009259119629859924e-02 1.011999044567346573e-02 3.114063106477260590e-02 4.168431833386421204e-02 4.009259119629859924e-02 1.011999044567346573e-02 3.114063106477260590e-02 4.168431833386421204e-02
1.000000000000000000e+04 1.004553958773612976e-02 7.220516446977853775e-03 4.337759222835302353e-03 3.469260782003402710e-02 1.004553958773612976e-02 7.220516446977853775e-03 4.337759222835302353e-03 3.469260782003402710e-02
1.100000000000000000e+04 5.203899927437305450e-03 6.408440880477428436e-03 2.870692638680338860e-03 3.225417062640190125e-02 5.203899927437305450e-03 6.408440880477428436e-03 2.870692638680338860e-03 3.225417062640190125e-02
1.200000000000000000e+04 3.802672959864139557e-03 6.057593505829572678e-03 2.303653862327337265e-03 3.033569455146789551e-02 3.802672959864139557e-03 6.057593505829572678e-03 2.303653862327337265e-03 3.033569455146789551e-02
1.300000000000000000e+04 3.584807040169835091e-03 5.652816034853458405e-03 2.008272800594568253e-03 2.753497101366519928e-02 3.584807040169835091e-03 5.652816034853458405e-03 2.008272800594568253e-03 2.753497101366519928e-02
1.400000000000000000e+04 3.949582111090421677e-03 4.947950132191181183e-03 2.016837708652019501e-03 2.319405786693096161e-02 3.949582111090421677e-03 4.947950132191181183e-03 2.016837708652019501e-03 2.319405786693096161e-02
1.500000000000000000e+04 4.320301115512847900e-03 4.161394201219081879e-03 2.146682236343622208e-03 1.886758580803871155e-02 4.320301115512847900e-03 4.161394201219081879e-03 2.146682236343622208e-03 1.886758580803871155e-02
1.600000000000000000e+04 4.122340586036443710e-03 3.376060398295521736e-03 2.241164678707718849e-03 1.557116024196147919e-02 4.122340586036443710e-03 3.376060398295521736e-03 2.241164678707718849e-03 1.557116024196147919e-02
1.700000000000000000e+04 3.462985157966613770e-03 2.706764731556177139e-03 2.242909744381904602e-03 1.283887773752212524e-02 3.462985157966613770e-03 2.706764731556177139e-03 2.242909744381904602e-03 1.283887773752212524e-02
1.800000000000000000e+04 2.723621902987360954e-03 2.264214679598808289e-03 2.123066456988453865e-03 1.071916334331035614e-02 2.723621902987360954e-03 2.264214679598808289e-03 2.123066456988453865e-03 1.071916334331035614e-02
1.900000000000000000e+04 2.167769242078065872e-03 2.014464465901255608e-03 1.942348317243158817e-03 9.313208982348442078e-03 2.167769242078065872e-03 2.014464465901255608e-03 1.942348317243158817e-03 9.313208982348442078e-03
2.000000000000000000e+04 1.777471159584820271e-03 1.866738894023001194e-03 1.741919433698058128e-03 8.451806381344795227e-03 1.777471159584820271e-03 1.866738894023001194e-03 1.741919433698058128e-03 8.451806381344795227e-03
