# step, loss_train, loss_test, metrics_test
0.000000000000000000e+00 5.829206109046936035e-01 1.579555273056030273e-01 1.613189339637756348e+00 8.361931145191192627e-02 5.829206109046936035e-01 1.579555273056030273e-01 1.613189339637756348e+00 8.361931145191192627e-02
1.000000000000000000e+03 3.329940140247344971e-03 9.540019673295319080e-04 2.930664457380771637e-03 9.071077220141887665e-03 3.329940140247344971e-03 9.540019673295319080e-04 2.930664457380771637e-03 9.071077220141887665e-03
2.000000000000000000e+03 2.531549893319606781e-03 9.520862950012087822e-04 2.177848713472485542e-03 4.714435897767543793e-03 2.531549893319606781e-03 9.520862950012087822e-04 2.177848713472485542e-03 4.714435897767543793e-03
3.000000000000000000e+03 1.715939142741262913e-03 1.754023978719487786e-04 1.407892093993723392e-03 2.654690295457839966e-03 1.715939142741262913e-03 1.754023978719487786e-04 1.407892093993723392e-03 2.654690295457839966e-03
4.000000000000000000e+03 2.180628478527069092e-03 2.601060623419471085e-05 7.310502696782350540e-04 1.834821305237710476e-03 2.180628478527069092e-03 2.601060623419471085e-05 7.310502696782350540e-04 1.834821305237710476e-03
5.000000000000000000e+03 7.745160255581140518e-04 2.533501719881314784e-05 5.064349970780313015e-04 1.642545685172080994e-03 7.745160255581140518e-04 2.533501719881314784e-05 5.064349970780313015e-04 1.642545685172080994e-03
6.000000000000000000e+03 6.822635186836123466e-04 2.369838330196216702e-05 4.124313127249479294e-04 1.553861424326896667e-03 6.822635186836123466e-04 2.369838330196216702e-05 4.124313127249479294e-04 1.553861424326896667e-03
7.000000000000000000e+03 8.183199679479002953e-04 5.611316737486049533e-05 3.612821747083216906e-04 1.420251326635479927e-03 8.183199679479002953e-04 5.611316737486049533e-05 3.612821747083216906e-04 1.420251326635479927e-03
8.000000000000000000e+03 5.049408064223825932e-04 4.848707612836733460e-05 3.030034422408789396e-04 1.303408876992762089e-03 5.049408064223825932e-04 4.848707612836733460e-05 3.030034422408789396e-04 1.303408876992762089e-03
9.000000000000000000e+03 4.322505556046962738e-04 5.181930464459583163e-05 2.900586987379938364e-04 1.171718584373593330e-03 4.322505556046962738e-04 5.181930464459583163e-05 2.900586987379938364e-04 1.171718584373593330e-03
1.000000000000000000e+04 5.785351386293768883e-04 4.329841249273158610e-05 2.508329926058650017e-04 1.091424841433763504e-03 5.785351386293768883e-04 4.329841249273158610e-05 2.508329926058650017e-04 1.091424841433763504e-03
1.100000000000000000e+04 6.118860328570008278e-04 5.182272070669569075e-05 2.139620046364143491e-04 1.022280659526586533e-03 6.118860328570008278e-04 5.182272070669569075e-05 2.139620046364143491e-04 1.022280659526586533e-03
1.200000000000000000e+04 9.327657753601670265e-04 5.287855674396269023e-05 1.956423511728644371e-04 9.259054204449057579e-04 9.327657753601670265e-04 5.287855674396269023e-05 1.956423511728644371e-04 9.259054204449057579e-04
1.300000000000000000e+04 3.576397430151700974e-04 6.187036342453211546e-05 1.707378542050719261e-04 8.298894390463829041e-04 3.576397430151700974e-04 6.187036342453211546e-05 1.707378542050719261e-04 8.298894390463829041e-04
1.400000000000000000e+04 4.837010346818715334e-04 7.863527571316808462e-05 1.490335562266409397e-04 7.339403382502496243e-04 4.837010346818715334e-04 7.863527571316808462e-05 1.490335562266409397e-04 7.339403382502496243e-04
1.500000000000000000e+04 2.848806034307926893e-04 7.476651080651208758e-05 1.457156467949971557e-04 6.443060701712965965e-04 2.848806034307926893e-04 7.476651080651208758e-05 1.457156467949971557e-04 6.443060701712965965e-04
1.600000000000000000e+04 7.365947822108864784e-04 6.083810512791387737e-05 1.240607380168512464e-04 5.860903766006231308e-04 7.365947822108864784e-04 6.083810512791387737e-05 1.240607380168512464e-04 5.860903766006231308e-04
1.700000000000000000e+04 3.966130316257476807e-04 1.094009712687693536e-04 1.177210215246304870e-04 5.281153717078268528e-04 3.966130316257476807e-04 1.094009712687693536e-04 1.177210215246304870e-04 5.281153717078268528e-04
1.800000000000000000e+04 3.195798199158161879e-04 7.500279025407508016e-05 1.052167863235808909e-04 4.884228110313415527e-04 3.195798199158161879e-04 7.500279025407508016e-05 1.052167863235808909e-04 4.884228110313415527e-04
1.900000000000000000e+04 2.770712017081677914e-04 6.154823495307937264e-05 1.035237000905908644e-04 4.297733830753713846e-04 2.770712017081677914e-04 6.154823495307937264e-05 1.035237000905908644e-04 4.297733830753713846e-04
2.000000000000000000e+04 3.658754576463252306e-04 5.203064938541501760e-05 1.030604616971686482e-04 3.947446239180862904e-04 3.658754576463252306e-04 5.203064938541501760e-05 1.030604616971686482e-04 3.947446239180862904e-04
