  0.00   0.00   0.00000000
  0.25   0.00   0.00000000
  0.50   0.00   0.00000000
  0.75   0.00   0.00000000
  1.00   0.00   0.00000000
  0.00   0.25   0.00000000
  0.25   0.25   0.46890245
  0.50   0.25   0.73592488
  0.75   0.25   0.83374557
  1.00   0.25   0.71468259
  0.00   0.50   0.00000000
  0.25   0.50   0.54215503
  0.50   0.50   0.87057389
  0.75   0.50   1.00874882
  1.00   0.50   0.90368990
  0.00   0.75   0.00000000
  0.25   0.75   0.55739593
  0.50   0.75   0.89872440
  0.75   0.75   1.04551227
  1.00   0.75   0.94347342
  0.00   1.00   0.00000000
  0.25   1.00   0.56056933
  0.50   1.00   0.90459011
  0.75   1.00   1.05317968
  1.00   1.00   0.95177445
