  0.00   0.00   0.00000000
  0.25   0.00   0.23750000
  0.50   0.00   0.35000000
  0.75   0.00   0.33750000
  1.00   0.00   0.20000000
  0.00   0.25   0.00000000
  0.25   0.25   0.48764148
  0.50   0.25   0.76561339
  0.75   0.25   0.86204932
  1.00   0.25   0.72984905
  0.00   0.50   0.00000000
  0.25   0.50   0.54380201
  0.50   0.50   0.87318331
  0.75   0.50   1.01123756
  1.00   0.50   0.90502428
  0.00   0.75   0.00000000
  0.25   0.75   0.55752900
  0.50   0.75   0.89893451
  0.75   0.75   1.04571445
  1.00   0.75   0.94358358
  0.00   1.00   0.00000000
  0.25   1.00   0.56058315
  0.50   1.00   0.90461120
  0.75   1.00   1.05320109
  1.00   1.00   0.95178729
