# step, loss_train, loss_test, metrics_test
0.000000000000000000e+00 6.217426300048828125e+00 6.064439192414283752e-03 2.086525261402130127e-01 3.802736682700924575e-05 6.217426300048828125e+00 6.064439192414283752e-03 2.086525261402130127e-01 3.802736682700924575e-05
1.000000000000000000e+03 7.315666880458593369e-03 2.258770167827606201e-03 2.230474259704351425e-03 2.472868887707591057e-03 7.315666880458593369e-03 2.258770167827606201e-03 2.230474259704351425e-03 2.472868887707591057e-03
2.000000000000000000e+03 1.672374433837831020e-03 9.864353341981768608e-04 6.718066288158297539e-04 6.712164031341671944e-04 1.672374433837831020e-03 9.864353341981768608e-04 6.718066288158297539e-04 6.712164031341671944e-04
3.000000000000000000e+03 1.236739684827625751e-03 2.349293936276808381e-04 2.438171941321343184e-04 2.206750650657340884e-04 1.236739684827625751e-03 2.349293936276808381e-04 2.438171941321343184e-04 2.206750650657340884e-04
4.000000000000000000e+03 1.090410398319363594e-03 1.737769343890249729e-04 2.113861846737563610e-04 1.730561343720182776e-04 1.090410398319363594e-03 1.737769343890249729e-04 2.113861846737563610e-04 1.730561343720182776e-04
5.000000000000000000e+03 9.352178312838077545e-04 1.606702571734786034e-04 2.082385326502844691e-04 1.557709911139681935e-04 9.352178312838077545e-04 1.606702571734786034e-04 2.082385326502844691e-04 1.557709911139681935e-04
6.000000000000000000e+03 8.266845252364873886e-04 1.509850408183410764e-04 2.015500213019549847e-04 1.398113963659852743e-04 8.266845252364873886e-04 1.509850408183410764e-04 2.015500213019549847e-04 1.398113963659852743e-04
7.000000000000000000e+03 7.255738601088523865e-04 1.453541481168940663e-04 1.867827668320387602e-04 1.308119972236454487e-04 7.255738601088523865e-04 1.453541481168940663e-04 1.867827668320387602e-04 1.308119972236454487e-04
8.000000000000000000e+03 6.253275205381214619e-04 1.336866844212636352e-04 1.782503532012924552e-04 1.128810690715909004e-04 6.253275205381214619e-04 1.336866844212636352e-04 1.782503532012924552e-04 1.128810690715909004e-04
9.000000000000000000e+03 5.132189835421741009e-04 1.275272952625527978e-04 1.495029573561623693e-04 1.004138757707551122e-04 5.132189835421741009e-04 1.275272952625527978e-04 1.495029573561623693e-04 1.004138757707551122e-04
1.000000000000000000e+04 2.456442220136523247e-03 1.423752255504950881e-04 1.498277182690799236e-03 6.491094827651977539e-04 2.456442220136523247e-03 1.423752255504950881e-04 1.498277182690799236e-03 6.491094827651977539e-04
1.100000000000000000e+04 3.435725520830601454e-04 1.161198088084347546e-04 1.030186685966327786e-04 7.851756527088582516e-05 3.435725520830601454e-04 1.161198088084347546e-04 1.030186685966327786e-04 7.851756527088582516e-05
1.200000000000000000e+04 4.173671186435967684e-04 1.702598528936505318e-04 1.148146766354329884e-04 7.505364192184060812e-05 4.173671186435967684e-04 1.702598528936505318e-04 1.148146766354329884e-04 7.505364192184060812e-05
1.300000000000000000e+04 2.793885942082852125e-04 9.887482156045734882e-05 5.908269667997956276e-05 6.233646126929670572e-05 2.793885942082852125e-04 9.887482156045734882e-05 5.908269667997956276e-05 6.233646126929670572e-05
1.400000000000000000e+04 3.566371160559356213e-04 1.136490391218103468e-04 8.178400457836687565e-05 7.608652958879247308e-05 3.566371160559356213e-04 1.136490391218103468e-04 8.178400457836687565e-05 7.608652958879247308e-05
1.500000000000000000e+04 2.772910811472684145e-04 8.516642265021800995e-05 4.303872992750257254e-05 5.659090675180777907e-05 2.772910811472684145e-04 8.516642265021800995e-05 4.303872992750257254e-05 5.659090675180777907e-05
1.600000000000000000e+04 2.452375367283821106e-03 1.380960311507806182e-04 4.667444445658475161e-04 4.594554775394499302e-04 2.452375367283821106e-03 1.380960311507806182e-04 4.667444445658475161e-04 4.594554775394499302e-04
1.700000000000000000e+04 2.813018800225108862e-04 7.379242015304043889e-05 3.647222911240532994e-05 5.468166637001559138e-05 2.813018800225108862e-04 7.379242015304043889e-05 3.647222911240532994e-05 5.468166637001559138e-05
1.800000000000000000e+04 2.722041681408882141e-02 4.481290932744741440e-03 7.838835881557315588e-05 4.282691515982151031e-03 2.722041681408882141e-02 4.481290932744741440e-03 7.838835881557315588e-05 4.282691515982151031e-03
1.900000000000000000e+04 2.904137363657355309e-04 6.633204611716791987e-05 3.735582504305057228e-05 5.489824252435937524e-05 2.904137363657355309e-04 6.633204611716791987e-05 3.735582504305057228e-05 5.489824252435937524e-05
2.000000000000000000e+04 1.583164324983954430e-03 9.269462316296994686e-04 2.171763218939304352e-03 2.911725023295730352e-04 1.583164324983954430e-03 9.269462316296994686e-04 2.171763218939304352e-03 2.911725023295730352e-04
