# step, loss_train, loss_test, metrics_test
0.000000000000000000e+00 6.386333465576171875e+00 4.891306906938552856e-02 3.522724211215972900e-01 5.063459277153015137e-02 6.386333465576171875e+00 4.891306906938552856e-02 3.522724211215972900e-01 5.063459277153015137e-02
1.000000000000000000e+03 1.532493531703948975e-01 3.261778131127357483e-02 4.082510620355606079e-02 3.800908848643302917e-02 1.532493531703948975e-01 3.261778131127357483e-02 4.082510620355606079e-02 3.800908848643302917e-02
2.000000000000000000e+03 8.573642373085021973e-02 2.345370128750801086e-02 2.299578860402107239e-02 3.222360834479331970e-02 8.573642373085021973e-02 2.345370128750801086e-02 2.299578860402107239e-02 3.222360834479331970e-02
3.000000000000000000e+03 7.622595131397247314e-02 1.577379368245601654e-02 1.522407773882150650e-02 2.496252022683620453e-02 7.622595131397247314e-02 1.577379368245601654e-02 1.522407773882150650e-02 2.496252022683620453e-02
4.000000000000000000e+03 5.183741077780723572e-02 1.096022222191095352e-02 8.273527957499027252e-03 2.030384913086891174e-02 5.183741077780723572e-02 1.096022222191095352e-02 8.273527957499027252e-03 2.030384913086891174e-02
5.000000000000000000e+03 4.732872918248176575e-02 8.406318724155426025e-03 7.577816955745220184e-03 1.765236072242259979e-02 4.732872918248176575e-02 8.406318724155426025e-03 7.577816955745220184e-03 1.765236072242259979e-02
6.000000000000000000e+03 5.220467597246170044e-02 4.158611409366130829e-03 7.606656290590763092e-03 1.175995077937841415e-02 5.220467597246170044e-02 4.158611409366130829e-03 7.606656290590763092e-03 1.175995077937841415e-02
7.000000000000000000e+03 5.383928120136260986e-02 3.663739655166864395e-03 7.128456141799688339e-03 9.449530392885208130e-03 5.383928120136260986e-02 3.663739655166864395e-03 7.128456141799688339e-03 9.449530392885208130e-03
8.000000000000000000e+03 4.409346729516983032e-02 5.940810777246952057e-03 6.270292215049266815e-03 8.482360281050205231e-03 4.409346729516983032e-02 5.940810777246952057e-03 6.270292215049266815e-03 8.482360281050205231e-03
9.000000000000000000e+03 3.442319482564926147e-02 3.007747232913970947e-03 5.340632516890764236e-03 7.370678242295980453e-03 3.442319482564926147e-02 3.007747232913970947e-03 5.340632516890764236e-03 7.370678242295980453e-03
1.000000000000000000e+04 3.619222715497016907e-02 4.699841607362031937e-03 5.559726618230342865e-03 7.573550101369619370e-03 3.619222715497016907e-02 4.699841607362031937e-03 5.559726618230342865e-03 7.573550101369619370e-03
1.100000000000000000e+04 3.169163316488265991e-02 4.942074418067932129e-03 4.429006017744541168e-03 7.497018668800592422e-03 3.169163316488265991e-02 4.942074418067932129e-03 4.429006017744541168e-03 7.497018668800592422e-03
1.200000000000000000e+04 3.142951801419258118e-02 4.533398896455764771e-03 4.225854296237230301e-03 6.760406773537397385e-03 3.142951801419258118e-02 4.533398896455764771e-03 4.225854296237230301e-03 6.760406773537397385e-03
1.300000000000000000e+04 2.921986579895019531e-02 2.452588872984051704e-03 4.091727081686258316e-03 5.697528365999460220e-03 2.921986579895019531e-02 2.452588872984051704e-03 4.091727081686258316e-03 5.697528365999460220e-03
1.400000000000000000e+04 2.960094623267650604e-02 3.528804052621126175e-03 3.680862486362457275e-03 6.306509021669626236e-03 2.960094623267650604e-02 3.528804052621126175e-03 3.680862486362457275e-03 6.306509021669626236e-03
1.500000000000000000e+04 2.476260811090469360e-02 1.681299414485692978e-03 3.388034179806709290e-03 5.007577594369649887e-03 2.476260811090469360e-02 1.681299414485692978e-03 3.388034179806709290e-03 5.007577594369649887e-03
1.600000000000000000e+04 2.328206598758697510e-02 1.475643133744597435e-03 3.168060677126049995e-03 4.662690684199333191e-03 2.328206598758697510e-02 1.475643133744597435e-03 3.168060677126049995e-03 4.662690684199333191e-03
1.700000000000000000e+04 2.780914679169654846e-02 3.413190599530935287e-03 3.159733954817056656e-03 6.127037107944488525e-03 2.780914679169654846e-02 3.413190599530935287e-03 3.159733954817056656e-03 6.127037107944488525e-03
1.800000000000000000e+04 2.534624934196472168e-02 2.733309520408511162e-03 2.980205928906798363e-03 5.644548218697309494e-03 2.534624934196472168e-02 2.733309520408511162e-03 2.980205928906798363e-03 5.644548218697309494e-03
1.900000000000000000e+04 2.138829044997692108e-02 1.743747619912028313e-03 3.037821967154741287e-03 4.864962305873632431e-03 2.138829044997692108e-02 1.743747619912028313e-03 3.037821967154741287e-03 4.864962305873632431e-03
2.000000000000000000e+04 2.217673324048519135e-02 1.889646169729530811e-03 2.966615371406078339e-03 5.195209290832281113e-03 2.217673324048519135e-02 1.889646169729530811e-03 2.966615371406078339e-03 5.195209290832281113e-03
