# step, loss_train, loss_test, metrics_test
0.000000000000000000e+00 4.199503173828125000e+02 6.424599647521972656e+00 5.733261871337890625e+01 1.686251521110534668e+00 4.199503173828125000e+02 6.424599647521972656e+00 5.733261871337890625e+01 1.686251521110534668e+00
1.000000000000000000e+03 1.078570932149887085e-01 6.405808031558990479e-02 6.052570044994354248e-02 4.843935370445251465e-01 1.078570932149887085e-01 6.405808031558990479e-02 6.052570044994354248e-02 4.843935370445251465e-01
2.000000000000000000e+03 4.141902551054954529e-02 4.567224532365798950e-02 7.593985646963119507e-02 4.113424420356750488e-01 4.141902551054954529e-02 4.567224532365798950e-02 7.593985646963119507e-02 4.113424420356750488e-01
3.000000000000000000e+03 2.003486454486846924e-02 4.088518396019935608e-02 7.991492748260498047e-02 3.681059479713439941e-01 2.003486454486846924e-02 4.088518396019935608e-02 7.991492748260498047e-02 3.681059479713439941e-01
4.000000000000000000e+03 1.507208030670881271e-02 2.643223479390144348e-02 6.028060242533683777e-02 2.899111807346343994e-01 1.507208030670881271e-02 2.643223479390144348e-02 6.028060242533683777e-02 2.899111807346343994e-01
5.000000000000000000e+03 2.013931982219219208e-02 1.069445814937353134e-02 5.985389929264783859e-03 4.934639111161231995e-02 2.013931982219219208e-02 1.069445814937353134e-02 5.985389929264783859e-03 4.934639111161231995e-02
6.000000000000000000e+03 1.087392400950193405e-02 1.049114950001239777e-02 1.777550671249628067e-03 1.500972546637058258e-02 1.087392400950193405e-02 1.049114950001239777e-02 1.777550671249628067e-03 1.500972546637058258e-02
7.000000000000000000e+03 7.498216815292835236e-03 7.140508387237787247e-03 9.765371796675026417e-04 8.569936268031597137e-03 7.498216815292835236e-03 7.140508387237787247e-03 9.765371796675026417e-04 8.569936268031597137e-03
8.000000000000000000e+03 5.222775042057037354e-03 4.214540123939514160e-03 7.457316387444734573e-04 5.254280753433704376e-03 5.222775042057037354e-03 4.214540123939514160e-03 7.457316387444734573e-04 5.254280753433704376e-03
9.000000000000000000e+03 3.393135033547878265e-03 2.358976518735289574e-03 6.320163956843316555e-04 3.893116023391485214e-03 3.393135033547878265e-03 2.358976518735289574e-03 6.320163956843316555e-04 3.893116023391485214e-03
1.000000000000000000e+04 2.353295218199491501e-03 1.474426826462149620e-03 1.169274095445871353e-03 3.489377675577998161e-03 2.353295218199491501e-03 1.474426826462149620e-03 1.169274095445871353e-03 3.489377675577998161e-03
1.100000000000000000e+04 1.647464348934590816e-03 1.022123615257441998e-03 4.192612250335514545e-04 3.399159992113709450e-03 1.647464348934590816e-03 1.022123615257441998e-03 4.192612250335514545e-04 3.399159992113709450e-03
1.200000000000000000e+04 1.448593102395534515e-03 7.526184199377894402e-04 9.411270730197429657e-04 3.298265859484672546e-03 1.448593102395534515e-03 7.526184199377894402e-04 9.411270730197429657e-04 3.298265859484672546e-03
1.300000000000000000e+04 1.021253876388072968e-03 5.473718629218637943e-04 2.545443421695381403e-04 3.277590498328208923e-03 1.021253876388072968e-03 5.473718629218637943e-04 2.545443421695381403e-04 3.277590498328208923e-03
1.400000000000000000e+04 1.426832983270287514e-03 5.259949830360710621e-04 5.999968852847814560e-03 3.335980698466300964e-03 1.426832983270287514e-03 5.259949830360710621e-04 5.999968852847814560e-03 3.335980698466300964e-03
1.500000000000000000e+04 7.326745544560253620e-04 2.907283487729728222e-04 1.596595393493771553e-04 3.203964093700051308e-03 7.326745544560253620e-04 2.907283487729728222e-04 1.596595393493771553e-04 3.203964093700051308e-03
1.600000000000000000e+04 6.406974280253052711e-04 2.126062172465026379e-04 1.273288653464987874e-04 3.178767161443829536e-03 6.406974280253052711e-04 2.126062172465026379e-04 1.273288653464987874e-04 3.178767161443829536e-03
1.700000000000000000e+04 5.708047538064420223e-04 1.564639242133125663e-04 1.080854999599978328e-04 3.158220555633306503e-03 5.708047538064420223e-04 1.564639242133125663e-04 1.080854999599978328e-04 3.158220555633306503e-03
1.800000000000000000e+04 1.518108882009983063e-03 2.486772136762738228e-04 6.075580604374408722e-03 3.260106779634952545e-03 1.518108882009983063e-03 2.486772136762738228e-04 6.075580604374408722e-03 3.260106779634952545e-03
1.900000000000000000e+04 4.539870424196124077e-04 8.802639786154031754e-05 6.828572077210992575e-05 3.132672514766454697e-03 4.539870424196124077e-04 8.802639786154031754e-05 6.828572077210992575e-05 3.132672514766454697e-03
2.000000000000000000e+04 4.366332432255148888e-04 7.362202450167387724e-05 5.112165817990899086e-04 3.126675728708505630e-03 4.366332432255148888e-04 7.362202450167387724e-05 5.112165817990899086e-04 3.126675728708505630e-03
