# step, loss_train, loss_test, metrics_test
0.000000000000000000e+00 4.322864990234375000e+02 6.424599647521972656e+00 5.733261871337890625e+01 1.686251521110534668e+00 4.322864990234375000e+02 6.424599647521972656e+00 5.733261871337890625e+01 1.686251521110534668e+00
1.000000000000000000e+03 1.116850152611732483e-01 6.398234516382217407e-02 6.016518920660018921e-02 4.900159537792205811e-01 1.116850152611732483e-01 6.398234516382217407e-02 6.016518920660018921e-02 4.900159537792205811e-01
2.000000000000000000e+03 4.293650761246681213e-02 4.554574936628341675e-02 7.549027353525161743e-02 4.168285429477691650e-01 4.293650761246681213e-02 4.554574936628341675e-02 7.549027353525161743e-02 4.168285429477691650e-01
3.000000000000000000e+03 2.047087997198104858e-02 4.082373157143592834e-02 8.014979213476181030e-02 3.728240132331848145e-01 2.047087997198104858e-02 4.082373157143592834e-02 8.014979213476181030e-02 3.728240132331848145e-01
4.000000000000000000e+03 1.559787429869174957e-02 2.649081870913505554e-02 6.035742163658142090e-02 2.929219305515289307e-01 1.559787429869174957e-02 2.649081870913505554e-02 6.035742163658142090e-02 2.929219305515289307e-01
5.000000000000000000e+03 1.990823447704315186e-02 1.032274961471557617e-02 5.494485609233379364e-03 4.779928922653198242e-02 1.990823447704315186e-02 1.032274961471557617e-02 5.494485609233379364e-03 4.779928922653198242e-02
6.000000000000000000e+03 1.100600045174360275e-02 1.018097996711730957e-02 2.071358961984515190e-03 1.476663444191217422e-02 1.100600045174360275e-02 1.018097996711730957e-02 2.071358961984515190e-03 1.476663444191217422e-02
7.000000000000000000e+03 7.672446779906749725e-03 7.280766963958740234e-03 8.963329019024968147e-04 8.623045869171619415e-03 7.672446779906749725e-03 7.280766963958740234e-03 8.963329019024968147e-04 8.623045869171619415e-03
8.000000000000000000e+03 5.538894329220056534e-03 4.687180742621421814e-03 6.716917851008474827e-04 5.293192341923713684e-03 5.538894329220056534e-03 4.687180742621421814e-03 6.716917851008474827e-04 5.293192341923713684e-03
9.000000000000000000e+03 3.748930292204022408e-03 2.802712377160787582e-03 5.687744123861193657e-04 3.635278902947902679e-03 3.748930292204022408e-03 2.802712377160787582e-03 5.687744123861193657e-04 3.635278902947902679e-03
1.000000000000000000e+04 2.499132184311747551e-03 1.744739478453993797e-03 4.947698907926678658e-04 3.085509408265352249e-03 2.499132184311747551e-03 1.744739478453993797e-03 4.947698907926678658e-04 3.085509408265352249e-03
1.100000000000000000e+04 1.776791410520672798e-03 1.187343732453882694e-03 4.120469966437667608e-04 2.922988496720790863e-03 1.776791410520672798e-03 1.187343732453882694e-03 4.120469966437667608e-04 2.922988496720790863e-03
1.200000000000000000e+04 1.344867167063057423e-03 8.595589897595345974e-04 3.248299763072282076e-04 2.849004697054624557e-03 1.344867167063057423e-03 8.595589897595345974e-04 3.248299763072282076e-04 2.849004697054624557e-03
1.300000000000000000e+04 1.122422865591943264e-03 6.408203043974936008e-04 6.471081869676709175e-04 2.787521574646234512e-03 1.122422865591943264e-03 6.408203043974936008e-04 6.471081869676709175e-04 2.787521574646234512e-03
1.400000000000000000e+04 9.060330921784043312e-04 4.694332892540842295e-04 2.043761196546256542e-04 2.760416362434625626e-03 9.060330921784043312e-04 4.694332892540842295e-04 2.043761196546256542e-04 2.760416362434625626e-03
1.500000000000000000e+04 7.772335084155201912e-04 3.470815136097371578e-04 1.645551965339109302e-04 2.728518564254045486e-03 7.772335084155201912e-04 3.470815136097371578e-04 1.645551965339109302e-04 2.728518564254045486e-03
1.600000000000000000e+04 6.778497481718659401e-04 2.538974804338067770e-04 1.337982685072347522e-04 2.702608471736311913e-03 6.778497481718659401e-04 2.538974804338067770e-04 1.337982685072347522e-04 2.702608471736311913e-03
1.700000000000000000e+04 6.034665857441723347e-04 1.859915500972419977e-04 1.407685485901311040e-04 2.683160826563835144e-03 6.034665857441723347e-04 1.859915500972419977e-04 1.407685485901311040e-04 2.683160826563835144e-03
1.800000000000000000e+04 8.389628492295742035e-04 1.396506559103727341e-04 6.257923087105154991e-04 2.637050580233335495e-03 8.389628492295742035e-04 1.396506559103727341e-04 6.257923087105154991e-04 2.637050580233335495e-03
1.900000000000000000e+04 4.760430601891130209e-04 1.008837862173095345e-04 7.579269004054367542e-05 2.653551753610372543e-03 4.760430601891130209e-04 1.008837862173095345e-04 7.579269004054367542e-05 2.653551753610372543e-03
2.000000000000000000e+04 4.893654258921742439e-04 8.499964314978569746e-05 4.729875654447823763e-04 2.630427479743957520e-03 4.893654258921742439e-04 8.499964314978569746e-05 4.729875654447823763e-04 2.630427479743957520e-03
