# step, loss_train, loss_test, metrics_test
0.000000000000000000e+00 4.448975830078125000e+02 6.424599647521972656e+00 5.733261871337890625e+01 1.686251521110534668e+00 4.448975830078125000e+02 6.424599647521972656e+00 5.733261871337890625e+01 1.686251521110534668e+00
1.000000000000000000e+03 1.160877197980880737e-01 6.389538943767547607e-02 5.978486686944961548e-02 4.957160353660583496e-01 1.160877197980880737e-01 6.389538943767547607e-02 5.978486686944961548e-02 4.957160353660583496e-01
2.000000000000000000e+03 4.476522281765937805e-02 4.532614350318908691e-02 7.505537569522857666e-02 4.227576851844787598e-01 4.476522281765937805e-02 4.532614350318908691e-02 7.505537569522857666e-02 4.227576851844787598e-01
3.000000000000000000e+03 2.106326073408126831e-02 4.075493663549423218e-02 8.045785129070281982e-02 3.783848285675048828e-01 2.106326073408126831e-02 4.075493663549423218e-02 8.045785129070281982e-02 3.783848285675048828e-01
4.000000000000000000e+03 1.449937932193279266e-02 2.736353129148483276e-02 6.158157438039779663e-02 2.976677417755126953e-01 1.449937932193279266e-02 2.736353129148483276e-02 6.158157438039779663e-02 2.976677417755126953e-01
5.000000000000000000e+03 2.009827829897403717e-02 9.736901149153709412e-03 5.522042978554964066e-03 4.823110997676849365e-02 2.009827829897403717e-02 9.736901149153709412e-03 5.522042978554964066e-03 4.823110997676849365e-02
6.000000000000000000e+03 1.120143011212348938e-02 9.765731170773506165e-03 1.829363289289176464e-03 1.449997350573539734e-02 1.120143011212348938e-02 9.765731170773506165e-03 1.829363289289176464e-03 1.449997350573539734e-02
7.000000000000000000e+03 7.816203869879245758e-03 7.298485375940799713e-03 1.622844836674630642e-03 8.633171208202838898e-03 7.816203869879245758e-03 7.298485375940799713e-03 1.622844836674630642e-03 8.633171208202838898e-03
8.000000000000000000e+03 5.761581473052501678e-03 4.924463573843240738e-03 1.223394065164029598e-03 5.207410547882318497e-03 5.761581473052501678e-03 4.924463573843240738e-03 1.223394065164029598e-03 5.207410547882318497e-03
9.000000000000000000e+03 3.966666758060455322e-03 3.083497053012251854e-03 5.153889651410281658e-04 3.404034534469246864e-03 3.966666758060455322e-03 3.083497053012251854e-03 5.153889651410281658e-04 3.404034534469246864e-03
1.000000000000000000e+04 2.671542577445507050e-03 1.910826889798045158e-03 4.530105507001280785e-04 2.689429791644215584e-03 2.671542577445507050e-03 1.910826889798045158e-03 4.530105507001280785e-04 2.689429791644215584e-03
1.100000000000000000e+04 1.877497415989637375e-03 1.278871553950011730e-03 5.830881418660283089e-04 2.495006658136844635e-03 1.877497415989637375e-03 1.278871553950011730e-03 5.830881418660283089e-04 2.495006658136844635e-03
1.200000000000000000e+04 1.412681187503039837e-03 9.100743918679654598e-04 3.190590650774538517e-04 2.406065352261066437e-03 1.412681187503039837e-03 9.100743918679654598e-04 3.190590650774538517e-04 2.406065352261066437e-03
1.300000000000000000e+04 1.130193937569856644e-03 6.667605484835803509e-04 2.557393745519220829e-04 2.358957193791866302e-03 1.130193937569856644e-03 6.667605484835803509e-04 2.557393745519220829e-04 2.358957193791866302e-03
1.400000000000000000e+04 9.399279952049255371e-04 4.918331978842616081e-04 2.040562249021604657e-04 2.321186941117048264e-03 9.399279952049255371e-04 4.918331978842616081e-04 2.040562249021604657e-04 2.321186941117048264e-03
1.500000000000000000e+04 8.444652194157242775e-04 3.650937869679182768e-04 4.684606974478811026e-04 2.280782209709286690e-03 8.444652194157242775e-04 3.650937869679182768e-04 4.684606974478811026e-04 2.280782209709286690e-03
1.600000000000000000e+04 7.394163985736668110e-04 2.667335211299359798e-04 3.725426795426756144e-04 2.258873078972101212e-03 7.394163985736668110e-04 2.667335211299359798e-04 3.725426795426756144e-04 2.258873078972101212e-03
1.700000000000000000e+04 6.159159238450229168e-04 1.909899292513728142e-04 1.131201133830472827e-04 2.248282078653573990e-03 6.159159238450229168e-04 1.909899292513728142e-04 1.131201133830472827e-04 2.248282078653573990e-03
1.800000000000000000e+04 5.481615662574768066e-04 1.367075310554355383e-04 9.184207010548561811e-05 2.234644023701548576e-03 5.481615662574768066e-04 1.367075310554355383e-04 9.184207010548561811e-05 2.234644023701548576e-03
1.900000000000000000e+04 5.092834471724927425e-04 9.723164839670062065e-05 9.669864812167361379e-05 2.217910718172788620e-03 5.092834471724927425e-04 9.723164839670062065e-05 9.669864812167361379e-05 2.217910718172788620e-03
2.000000000000000000e+04 4.431253182701766491e-04 7.249593181768432260e-05 6.636324542341753840e-05 2.212747698649764061e-03 4.431253182701766491e-04 7.249593181768432260e-05 6.636324542341753840e-05 2.212747698649764061e-03
