# step, loss_train, loss_test, metrics_test
0.000000000000000000e+00 4.577836914062500000e+02 6.424599647521972656e+00 5.733261871337890625e+01 1.686251521110534668e+00 4.577836914062500000e+02 6.424599647521972656e+00 5.733261871337890625e+01 1.686251521110534668e+00
1.000000000000000000e+03 1.212941780686378479e-01 6.385549157857894897e-02 5.935823917388916016e-02 5.012614727020263672e-01 1.212941780686378479e-01 6.385549157857894897e-02 5.935823917388916016e-02 5.012614727020263672e-01
2.000000000000000000e+03 4.693666845560073853e-02 4.507636278867721558e-02 7.456860691308975220e-02 4.287440776824951172e-01 4.693666845560073853e-02 4.507636278867721558e-02 7.456860691308975220e-02 4.287440776824951172e-01
3.000000000000000000e+03 2.178428135812282562e-02 4.064751416444778442e-02 8.070851117372512817e-02 3.840024769306182861e-01 2.178428135812282562e-02 4.064751416444778442e-02 8.070851117372512817e-02 3.840024769306182861e-01
4.000000000000000000e+03 1.431753672659397125e-02 2.806358411908149719e-02 6.258735805749893188e-02 3.031480312347412109e-01 1.431753672659397125e-02 2.806358411908149719e-02 6.258735805749893188e-02 3.031480312347412109e-01
5.000000000000000000e+03 2.052819915115833282e-02 9.188475087285041809e-03 5.455694627016782761e-03 4.825654253363609314e-02 2.052819915115833282e-02 9.188475087285041809e-03 5.455694627016782761e-03 4.825654253363609314e-02
6.000000000000000000e+03 1.153912767767906189e-02 9.291456080973148346e-03 1.481699175201356411e-03 1.409632433205842972e-02 1.153912767767906189e-02 9.291456080973148346e-03 1.481699175201356411e-03 1.409632433205842972e-02
7.000000000000000000e+03 7.943907752633094788e-03 7.103003095835447311e-03 8.064603316597640514e-04 8.379776962101459503e-03 7.943907752633094788e-03 7.103003095835447311e-03 8.064603316597640514e-04 8.379776962101459503e-03
8.000000000000000000e+03 5.862731486558914185e-03 5.028768442571163177e-03 5.909046158194541931e-04 5.160418339073657990e-03 5.862731486558914185e-03 5.028768442571163177e-03 5.909046158194541931e-04 5.160418339073657990e-03
9.000000000000000000e+03 4.168114159256219864e-03 3.256146097555756569e-03 4.601640102919191122e-04 3.192581469193100929e-03 4.168114159256219864e-03 3.256146097555756569e-03 4.601640102919191122e-04 3.192581469193100929e-03
1.000000000000000000e+04 2.830280223861336708e-03 1.962647307664155960e-03 4.065578978043049574e-04 2.318882383406162262e-03 2.830280223861336708e-03 1.962647307664155960e-03 4.065578978043049574e-04 2.318882383406162262e-03
1.100000000000000000e+04 1.957306638360023499e-03 1.225879066623747349e-03 5.177633138373494148e-04 2.060901839286088943e-03 1.957306638360023499e-03 1.225879066623747349e-03 5.177633138373494148e-04 2.060901839286088943e-03
1.200000000000000000e+04 9.312173351645469666e-03 2.716840477660298347e-03 1.063469499349594116e-01 2.130546141415834427e-03 9.312173351645469666e-03 2.716840477660298347e-03 1.063469499349594116e-01 2.130546141415834427e-03
1.300000000000000000e+04 1.147591741755604744e-03 5.946695455349981785e-04 2.470175677444785833e-04 1.950646867044270039e-03 1.147591741755604744e-03 5.946695455349981785e-04 2.470175677444785833e-04 1.950646867044270039e-03
1.400000000000000000e+04 9.486292838118970394e-04 4.317447310313582420e-04 1.989291340578347445e-04 1.917967922054231167e-03 9.486292838118970394e-04 4.317447310313582420e-04 1.989291340578347445e-04 1.917967922054231167e-03
1.500000000000000000e+04 8.074262877926230431e-04 3.123962087556719780e-04 1.623721764190122485e-04 1.892258762381970882e-03 8.074262877926230431e-04 3.123962087556719780e-04 1.623721764190122485e-04 1.892258762381970882e-03
1.600000000000000000e+04 7.008069660514593124e-04 2.244171773781999946e-04 1.339216833002865314e-04 1.871728687547147274e-03 7.008069660514593124e-04 2.244171773781999946e-04 1.339216833002865314e-04 1.871728687547147274e-03
1.700000000000000000e+04 6.151678389869630337e-04 1.601106050657108426e-04 1.114922124543227255e-04 1.855966169387102127e-03 6.151678389869630337e-04 1.601106050657108426e-04 1.114922124543227255e-04 1.855966169387102127e-03
1.800000000000000000e+04 5.453125922940671444e-04 1.139737723860889673e-04 9.392283391207456589e-05 1.843243604525923729e-03 5.453125922940671444e-04 1.139737723860889673e-04 9.392283391207456589e-05 1.843243604525923729e-03
1.900000000000000000e+04 2.441435353830456734e-03 5.270752008073031902e-04 2.333481982350349426e-02 2.043456537649035454e-03 2.441435353830456734e-03 5.270752008073031902e-04 2.333481982350349426e-02 2.043456537649035454e-03
2.000000000000000000e+04 4.417085438035428524e-04 5.937456444371491671e-05 1.701180881354957819e-04 1.831521280109882355e-03 4.417085438035428524e-04 5.937456444371491671e-05 1.701180881354957819e-04 1.831521280109882355e-03
