# step, loss_train, loss_test, metrics_test
0.000000000000000000e+00 4.709447021484375000e+02 6.424599647521972656e+00 5.733261871337890625e+01 1.686251521110534668e+00 4.709447021484375000e+02 6.424599647521972656e+00 5.733261871337890625e+01 1.686251521110534668e+00
1.000000000000000000e+03 1.271902322769165039e-01 6.406317651271820068e-02 5.892889946699142456e-02 5.067685246467590332e-01 1.271902322769165039e-01 6.406317651271820068e-02 5.892889946699142456e-02 5.067685246467590332e-01
2.000000000000000000e+03 4.937745630741119385e-02 4.489523544907569885e-02 7.411082088947296143e-02 4.347999691963195801e-01 4.937745630741119385e-02 4.489523544907569885e-02 7.411082088947296143e-02 4.347999691963195801e-01
3.000000000000000000e+03 2.261848375201225281e-02 4.057924449443817139e-02 8.087487518787384033e-02 3.898247480392456055e-01 2.261848375201225281e-02 4.057924449443817139e-02 8.087487518787384033e-02 3.898247480392456055e-01
4.000000000000000000e+03 1.430994551628828049e-02 2.873389422893524170e-02 6.337930262088775635e-02 3.088527023792266846e-01 1.430994551628828049e-02 2.873389422893524170e-02 6.337930262088775635e-02 3.088527023792266846e-01
5.000000000000000000e+03 2.115537784993648529e-02 8.694522082805633545e-03 5.507426336407661438e-03 4.873370751738548279e-02 2.115537784993648529e-02 8.694522082805633545e-03 5.507426336407661438e-03 4.873370751738548279e-02
6.000000000000000000e+03 1.191443204879760742e-02 8.832706138491630554e-03 1.447571208700537682e-03 1.384533476084470749e-02 1.191443204879760742e-02 8.832706138491630554e-03 1.447571208700537682e-03 1.384533476084470749e-02
7.000000000000000000e+03 8.096741512417793274e-03 6.916145328432321548e-03 7.727676420472562313e-04 8.225182071328163147e-03 8.096741512417793274e-03 6.916145328432321548e-03 7.727676420472562313e-04 8.225182071328163147e-03
8.000000000000000000e+03 5.982130765914916992e-03 5.039726383984088898e-03 5.459181265905499458e-04 5.072267726063728333e-03 5.982130765914916992e-03 5.039726383984088898e-03 5.459181265905499458e-04 5.072267726063728333e-03
9.000000000000000000e+03 4.331508651375770569e-03 3.333880798891186714e-03 4.179343231953680515e-04 3.015820402652025223e-03 4.331508651375770569e-03 3.333880798891186714e-03 4.179343231953680515e-04 3.015820402652025223e-03
1.000000000000000000e+04 2.949241083115339279e-03 1.945435884408652782e-03 3.649213467724621296e-04 1.996185164898633957e-03 2.949241083115339279e-03 1.945435884408652782e-03 3.649213467724621296e-04 1.996185164898633957e-03
1.100000000000000000e+04 1.989340642467141151e-03 1.120060449466109276e-03 3.378119727130979300e-04 1.700006192550063133e-03 1.989340642467141151e-03 1.120060449466109276e-03 3.378119727130979300e-04 1.700006192550063133e-03
1.200000000000000000e+04 1.442286418750882149e-03 7.138911169022321701e-04 3.159144253004342318e-04 1.637528184801340103e-03 1.442286418750882149e-03 7.138911169022321701e-04 3.159144253004342318e-04 1.637528184801340103e-03
1.300000000000000000e+04 1.129550510086119175e-03 4.968077410012483597e-04 2.380324585828930140e-04 1.590839587152004242e-03 1.129550510086119175e-03 4.968077410012483597e-04 2.380324585828930140e-04 1.590839587152004242e-03
1.400000000000000000e+04 9.243564563803374767e-04 3.584574733395129442e-04 1.962297246791422367e-04 1.564179779961705208e-03 9.243564563803374767e-04 3.584574733395129442e-04 1.962297246791422367e-04 1.564179779961705208e-03
1.500000000000000000e+04 9.360267431475222111e-04 2.634756965562701225e-04 4.995728377252817154e-04 1.524148276075720787e-03 9.360267431475222111e-04 2.634756965562701225e-04 4.995728377252817154e-04 1.524148276075720787e-03
1.600000000000000000e+04 6.832487415522336960e-04 1.894954766612499952e-04 1.408772513968870044e-04 1.522262580692768097e-03 6.832487415522336960e-04 1.894954766612499952e-04 1.408772513968870044e-04 1.522262580692768097e-03
1.700000000000000000e+04 6.009996286593377590e-04 1.381711626891046762e-04 1.123414403991773725e-04 1.510431407950818539e-03 6.009996286593377590e-04 1.381711626891046762e-04 1.123414403991773725e-04 1.510431407950818539e-03
1.800000000000000000e+04 5.375288310460746288e-04 1.010850392049178481e-04 9.969608072424307466e-05 1.499808742664754391e-03 5.375288310460746288e-04 1.010850392049178481e-04 9.969608072424307466e-05 1.499808742664754391e-03
1.900000000000000000e+04 1.134659629315137863e-03 1.467433612560853362e-04 5.190742667764425278e-03 1.470237970352172852e-03 1.134659629315137863e-03 1.467433612560853362e-04 5.190742667764425278e-03 1.470237970352172852e-03
2.000000000000000000e+04 4.344116314314305782e-04 5.637715003103949130e-05 1.404770882800221443e-04 1.490552444010972977e-03 4.344116314314305782e-04 5.637715003103949130e-05 1.404770882800221443e-04 1.490552444010972977e-03
