# step, loss_train, loss_test, metrics_test
0.000000000000000000e+00 4.843807067871093750e+02 6.424599647521972656e+00 5.733261871337890625e+01 1.686251521110534668e+00 4.843807067871093750e+02 6.424599647521972656e+00 5.733261871337890625e+01 1.686251521110534668e+00
1.000000000000000000e+03 1.333985328674316406e-01 6.452046334743499756e-02 5.851343646645545959e-02 5.124825239181518555e-01 1.333985328674316406e-01 6.452046334743499756e-02 5.851343646645545959e-02 5.124825239181518555e-01
2.000000000000000000e+03 5.199670419096946716e-02 4.483254626393318176e-02 7.359413802623748779e-02 4.411621093750000000e-01 5.199670419096946716e-02 4.483254626393318176e-02 7.359413802623748779e-02 4.411621093750000000e-01
3.000000000000000000e+03 2.356622926890850067e-02 4.054968431591987610e-02 8.099555224180221558e-02 3.959271907806396484e-01 2.356622926890850067e-02 4.054968431591987610e-02 8.099555224180221558e-02 3.959271907806396484e-01
4.000000000000000000e+03 1.443926058709621429e-02 2.929768525063991547e-02 6.405576318502426147e-02 3.142662942409515381e-01 1.443926058709621429e-02 2.929768525063991547e-02 6.405576318502426147e-02 3.142662942409515381e-01
5.000000000000000000e+03 2.197668701410293579e-02 8.157668635249137878e-03 7.535301614552736282e-03 4.855311661958694458e-02 2.197668701410293579e-02 8.157668635249137878e-03 7.535301614552736282e-03 4.855311661958694458e-02
6.000000000000000000e+03 1.335419993847608566e-02 8.583559654653072357e-03 2.305273711681365967e-02 1.302445307374000549e-02 1.335419993847608566e-02 8.583559654653072357e-03 2.305273711681365967e-02 1.302445307374000549e-02
7.000000000000000000e+03 8.208844810724258423e-03 6.680434104055166245e-03 7.624289719387888908e-04 8.035426028072834015e-03 8.208844810724258423e-03 6.680434104055166245e-03 7.624289719387888908e-04 8.035426028072834015e-03
8.000000000000000000e+03 6.040658336132764816e-03 4.976610187441110611e-03 5.309590487740933895e-04 4.979118239134550095e-03 6.040658336132764816e-03 4.976610187441110611e-03 5.309590487740933895e-04 4.979118239134550095e-03
9.000000000000000000e+03 4.425815772265195847e-03 3.357746638357639313e-03 3.956057189498096704e-04 2.871384145691990852e-03 4.425815772265195847e-03 3.357746638357639313e-03 3.956057189498096704e-04 2.871384145691990852e-03
1.000000000000000000e+04 3.073115367442369461e-03 1.953646773472428322e-03 7.361182360909879208e-04 1.775738550350070000e-03 3.073115367442369461e-03 1.953646773472428322e-03 7.361182360909879208e-04 1.775738550350070000e-03
1.100000000000000000e+04 2.024561632424592972e-03 1.061504241079092026e-03 3.181834181305021048e-04 1.399950240738689899e-03 2.024561632424592972e-03 1.061504241079092026e-03 3.181834181305021048e-04 1.399950240738689899e-03
1.200000000000000000e+04 1.445211935788393021e-03 6.549915415234863758e-04 2.802813542075455189e-04 1.330001745373010635e-03 1.445211935788393021e-03 6.549915415234863758e-04 2.802813542075455189e-04 1.330001745373010635e-03
1.300000000000000000e+04 1.552478875964879990e-03 4.628472088370472193e-04 1.431606942787766457e-03 1.270338660106062889e-03 1.552478875964879990e-03 4.628472088370472193e-04 1.431606942787766457e-03 1.270338660106062889e-03
1.400000000000000000e+04 1.741614658385515213e-03 3.544370410963892937e-04 4.003002250101417303e-04 1.246504136361181736e-03 1.741614658385515213e-03 3.544370410963892937e-04 4.003002250101417303e-04 1.246504136361181736e-03
1.500000000000000000e+04 7.775400881655514240e-04 2.474781067576259375e-04 1.591615728102624416e-04 1.249107066541910172e-03 7.775400881655514240e-04 2.474781067576259375e-04 1.591615728102624416e-04 1.249107066541910172e-03
1.600000000000000000e+04 6.845013122074306011e-04 1.842462370404973626e-04 1.448627444915473461e-04 1.234780298545956612e-03 6.845013122074306011e-04 1.842462370404973626e-04 1.448627444915473461e-04 1.234780298545956612e-03
1.700000000000000000e+04 5.954003427177667618e-04 1.368869125144556165e-04 1.146861468441784382e-04 1.219533500261604786e-03 5.954003427177667618e-04 1.368869125144556165e-04 1.146861468441784382e-04 1.219533500261604786e-03
1.800000000000000000e+04 5.316038150340318680e-04 1.018971597659401596e-04 9.971426334232091904e-05 1.210105838254094124e-03 5.316038150340318680e-04 1.018971597659401596e-04 9.971426334232091904e-05 1.210105838254094124e-03
1.900000000000000000e+04 8.588093332946300507e-04 2.178496943088248372e-04 7.577137090265750885e-03 1.271864864975214005e-03 8.588093332946300507e-04 2.178496943088248372e-04 7.577137090265750885e-03 1.271864864975214005e-03
2.000000000000000000e+04 5.337238544598221779e-04 8.347102993866428733e-05 1.522942329756915569e-03 1.219023601152002811e-03 5.337238544598221779e-04 8.347102993866428733e-05 1.522942329756915569e-03 1.219023601152002811e-03
