# step, loss_train, loss_test, metrics_test
0.000000000000000000e+00 4.980916442871093750e+02 6.424599647521972656e+00 5.733261871337890625e+01 1.686251521110534668e+00 4.980916442871093750e+02 6.424599647521972656e+00 5.733261871337890625e+01 1.686251521110534668e+00
1.000000000000000000e+03 1.399656683206558228e-01 6.508670002222061157e-02 5.801380425691604614e-02 5.181564688682556152e-01 1.399656683206558228e-01 6.508670002222061157e-02 5.801380425691604614e-02 5.181564688682556152e-01
2.000000000000000000e+03 5.475081130862236023e-02 4.480681568384170532e-02 7.296346873044967651e-02 4.473494291305541992e-01 5.475081130862236023e-02 4.480681568384170532e-02 7.296346873044967651e-02 4.473494291305541992e-01
3.000000000000000000e+03 2.454994060099124908e-02 4.054770618677139282e-02 8.098894357681274414e-02 4.018903076648712158e-01 2.454994060099124908e-02 4.054770618677139282e-02 8.098894357681274414e-02 4.018903076648712158e-01
4.000000000000000000e+03 1.432166062295436859e-02 2.993341721594333649e-02 7.082603126764297485e-02 3.165653944015502930e-01 1.432166062295436859e-02 2.993341721594333649e-02 7.082603126764297485e-02 3.165653944015502930e-01
5.000000000000000000e+03 2.303264848887920380e-02 7.758142426609992981e-03 6.406062748283147812e-03 4.986694082617759705e-02 2.303264848887920380e-02 7.758142426609992981e-03 6.406062748283147812e-03 4.986694082617759705e-02
6.000000000000000000e+03 1.278666965663433075e-02 7.990901358425617218e-03 4.889959003776311874e-03 1.351861190050840378e-02 1.278666965663433075e-02 7.990901358425617218e-03 4.889959003776311874e-03 1.351861190050840378e-02
7.000000000000000000e+03 8.316028863191604614e-03 6.382017396390438080e-03 8.430068846791982651e-04 7.898757234215736389e-03 8.316028863191604614e-03 6.382017396390438080e-03 8.430068846791982651e-04 7.898757234215736389e-03
8.000000000000000000e+03 6.079441867768764496e-03 4.896997939795255661e-03 5.028379382565617561e-04 4.896920640021562576e-03 6.079441867768764496e-03 4.896997939795255661e-03 5.028379382565617561e-04 4.896920640021562576e-03
9.000000000000000000e+03 4.500032868236303329e-03 3.341427538543939590e-03 3.683596150949597359e-04 2.759996568784117699e-03 4.500032868236303329e-03 3.341427538543939590e-03 3.683596150949597359e-04 2.759996568784117699e-03
1.000000000000000000e+04 3.094580955803394318e-03 1.888067345134913921e-03 3.130947879981249571e-04 1.522269914858043194e-03 3.094580955803394318e-03 1.888067345134913921e-03 3.130947879981249571e-04 1.522269914858043194e-03
1.100000000000000000e+04 2.042734995484352112e-03 9.705624543130397797e-04 2.981244178954511881e-04 1.145261107012629509e-03 2.042734995484352112e-03 9.705624543130397797e-04 2.981244178954511881e-04 1.145261107012629509e-03
1.200000000000000000e+04 1.514110714197158813e-03 6.398049299605190754e-04 3.081687027588486671e-03 1.060569309629499912e-03 1.514110714197158813e-03 6.398049299605190754e-04 3.081687027588486671e-03 1.060569309629499912e-03
1.300000000000000000e+04 1.104562543332576752e-03 4.002752539236098528e-04 2.232638798886910081e-04 1.047206576913595200e-03 1.104562543332576752e-03 4.002752539236098528e-04 2.232638798886910081e-04 1.047206576913595200e-03
1.400000000000000000e+04 9.015948162414133549e-04 2.982473815791308880e-04 1.857605093391612172e-04 1.022408832795917988e-03 9.015948162414133549e-04 2.982473815791308880e-04 1.857605093391612172e-04 1.022408832795917988e-03
1.500000000000000000e+04 7.623772253282368183e-04 2.255433209938928485e-04 1.648605248192325234e-04 1.003292622044682503e-03 7.623772253282368183e-04 2.255433209938928485e-04 1.648605248192325234e-04 1.003292622044682503e-03
1.600000000000000000e+04 6.641068030148744583e-04 1.717334671411663294e-04 1.340539165539667010e-04 9.864169405773282051e-04 6.641068030148744583e-04 1.717334671411663294e-04 1.340539165539667010e-04 9.864169405773282051e-04
1.700000000000000000e+04 5.841432721354067326e-04 1.303168392041698098e-04 1.160749598057009280e-04 9.738823282532393932e-04 5.841432721354067326e-04 1.303168392041698098e-04 1.160749598057009280e-04 9.738823282532393932e-04
1.800000000000000000e+04 5.239490419626235962e-04 9.966582729248329997e-05 1.102163587347604334e-04 9.664800600148737431e-04 5.239490419626235962e-04 9.966582729248329997e-05 1.102163587347604334e-04 9.664800600148737431e-04
1.900000000000000000e+04 7.006763480603694916e-04 1.266950275748968124e-04 3.411058336496353149e-03 9.963044431060552597e-04 7.006763480603694916e-04 1.266950275748968124e-04 3.411058336496353149e-03 9.963044431060552597e-04
2.000000000000000000e+04 4.231735656503587961e-04 5.894174682907760143e-05 8.605964831076562405e-05 9.512338438071310520e-04 4.231735656503587961e-04 5.894174682907760143e-05 8.605964831076562405e-05 9.512338438071310520e-04
