# step, loss_train, loss_test, metrics_test
0.000000000000000000e+00 5.120775146484375000e+02 6.424599647521972656e+00 5.733261871337890625e+01 1.686251521110534668e+00 5.120775146484375000e+02 6.424599647521972656e+00 5.733261871337890625e+01 1.686251521110534668e+00
1.000000000000000000e+03 1.467622965574264526e-01 6.576517224311828613e-02 5.741029605269432068e-02 5.238935351371765137e-01 1.467622965574264526e-01 6.576517224311828613e-02 5.741029605269432068e-02 5.238935351371765137e-01
2.000000000000000000e+03 5.767741426825523376e-02 4.477190971374511719e-02 7.221100479364395142e-02 4.535766541957855225e-01 5.767741426825523376e-02 4.477190971374511719e-02 7.221100479364395142e-02 4.535766541957855225e-01
3.000000000000000000e+03 2.561384998261928558e-02 4.055765271186828613e-02 8.086293935775756836e-02 4.080686569213867188e-01 2.561384998261928558e-02 4.055765271186828613e-02 8.086293935775756836e-02 4.080686569213867188e-01
4.000000000000000000e+03 1.502374745905399323e-02 3.049866296350955963e-02 6.469156593084335327e-02 3.257595300674438477e-01 1.502374745905399323e-02 3.049866296350955963e-02 6.469156593084335327e-02 3.257595300674438477e-01
5.000000000000000000e+03 2.406198345124721527e-02 7.213623262941837311e-03 5.728447809815406799e-03 5.068894475698471069e-02 2.406198345124721527e-02 7.213623262941837311e-03 5.728447809815406799e-03 5.068894475698471069e-02
6.000000000000000000e+03 1.308326981961727142e-02 7.425187621265649796e-03 1.351267681457102299e-03 1.311208494007587433e-02 1.308326981961727142e-02 7.425187621265649796e-03 1.351267681457102299e-03 1.311208494007587433e-02
7.000000000000000000e+03 8.412505500018596649e-03 6.195805501192808151e-03 7.099384092725813389e-04 7.761721499264240265e-03 8.412505500018596649e-03 6.195805501192808151e-03 7.099384092725813389e-04 7.761721499264240265e-03
8.000000000000000000e+03 6.083272397518157959e-03 4.801200702786445618e-03 4.823582421522587538e-04 4.881436005234718323e-03 6.083272397518157959e-03 4.801200702786445618e-03 4.823582421522587538e-04 4.881436005234718323e-03
9.000000000000000000e+03 4.540576599538326263e-03 3.330770879983901978e-03 3.411484649404883385e-04 2.731466665863990784e-03 4.540576599538326263e-03 3.330770879983901978e-03 3.411484649404883385e-04 2.731466665863990784e-03
1.000000000000000000e+04 3.173744073137640953e-03 1.863038982264697552e-03 2.849316515494138002e-04 1.383779686875641346e-03 3.173744073137640953e-03 1.863038982264697552e-03 2.849316515494138002e-04 1.383779686875641346e-03
1.100000000000000000e+04 2.749934326857328415e-03 1.366254873573780060e-03 2.636612579226493835e-02 1.175336539745330811e-03 2.749934326857328415e-03 1.366254873573780060e-03 2.636612579226493835e-02 1.175336539745330811e-03
1.200000000000000000e+04 1.445466303266584873e-03 5.102624418213963509e-04 2.515238593332469463e-04 8.754657465033233166e-04 1.445466303266584873e-03 5.102624418213963509e-04 2.515238593332469463e-04 8.754657465033233166e-04
1.300000000000000000e+04 1.112902304157614708e-03 3.666287229862064123e-04 6.792219937779009342e-04 8.527927566319704056e-04 1.112902304157614708e-03 3.666287229862064123e-04 6.792219937779009342e-04 8.527927566319704056e-04
1.400000000000000000e+04 8.899988606572151184e-04 2.692947746254503727e-04 1.838796888478100300e-04 8.202680037356913090e-04 8.899988606572151184e-04 2.692947746254503727e-04 1.838796888478100300e-04 8.202680037356913090e-04
1.500000000000000000e+04 7.650129846297204494e-04 2.079145197058096528e-04 1.534003095002844930e-04 7.973150932230055332e-04 7.650129846297204494e-04 2.079145197058096528e-04 1.534003095002844930e-04 7.973150932230055332e-04
1.600000000000000000e+04 6.950246752239763737e-04 1.780554885044693947e-04 1.126057235524058342e-03 7.995931082405149937e-04 6.950246752239763737e-04 1.780554885044693947e-04 1.126057235524058342e-03 7.995931082405149937e-04
1.700000000000000000e+04 1.018208800815045834e-03 2.349260757910087705e-04 6.810260005295276642e-03 8.339645573869347572e-04 1.018208800815045834e-03 2.349260757910087705e-04 6.810260005295276642e-03 8.339645573869347572e-04
1.800000000000000000e+04 5.860203527845442295e-04 2.388584980508312583e-04 5.904835183173418045e-03 7.906720275059342384e-04 5.860203527845442295e-04 2.388584980508312583e-04 5.904835183173418045e-03 7.906720275059342384e-04
1.900000000000000000e+04 4.565804847516119480e-04 7.381151226582005620e-05 9.115047578234225512e-05 7.556324708275496960e-04 4.565804847516119480e-04 7.381151226582005620e-05 9.115047578234225512e-05 7.556324708275496960e-04
2.000000000000000000e+04 4.145899729337543249e-04 5.763809167547151446e-05 8.110682392725721002e-05 7.498817285522818565e-04 4.145899729337543249e-04 5.763809167547151446e-05 8.110682392725721002e-05 7.498817285522818565e-04
