# step, loss_train, loss_test, metrics_test
0.000000000000000000e+00 6.171936988830566406e+00 3.171095997095108032e-02 1.308412456512451172e+01 5.923960357904434204e-02 6.171936988830566406e+00 3.171095997095108032e-02 1.308412456512451172e+01 5.923960357904434204e-02
1.000000000000000000e+03 6.665276829153299332e-03 2.430087421089410782e-03 2.595617203041911125e-03 2.633629553020000458e-02 6.665276829153299332e-03 2.430087421089410782e-03 2.595617203041911125e-03 2.633629553020000458e-02
2.000000000000000000e+03 3.980251494795084000e-03 2.114249626174569130e-03 2.785011194646358490e-03 2.512404695153236389e-02 3.980251494795084000e-03 2.114249626174569130e-03 2.785011194646358490e-03 2.512404695153236389e-02
3.000000000000000000e+03 2.431260421872138977e-03 1.760669285431504250e-03 2.806526608765125275e-03 2.438651211559772491e-02 2.431260421872138977e-03 1.760669285431504250e-03 2.806526608765125275e-03 2.438651211559772491e-02
4.000000000000000000e+03 1.378263230435550213e-03 1.278225332498550415e-03 2.904211403802037239e-03 2.342893928289413452e-02 1.378263230435550213e-03 1.278225332498550415e-03 2.904211403802037239e-03 2.342893928289413452e-02
5.000000000000000000e+03 1.145108137279748917e-03 8.623665198683738708e-04 2.992330584675073624e-03 2.254783734679222107e-02 1.145108137279748917e-03 8.623665198683738708e-04 2.992330584675073624e-03 2.254783734679222107e-02
6.000000000000000000e+03 1.046067685820162296e-03 5.390499718487262726e-04 3.115746425464749336e-03 2.160136587917804718e-02 1.046067685820162296e-03 5.390499718487262726e-04 3.115746425464749336e-03 2.160136587917804718e-02
7.000000000000000000e+03 1.007484388537704945e-03 3.365967131685465574e-04 3.289781045168638229e-03 2.038884535431861877e-02 1.007484388537704945e-03 3.365967131685465574e-04 3.289781045168638229e-03 2.038884535431861877e-02
8.000000000000000000e+03 1.028938684612512589e-03 2.201818861067295074e-04 3.457939019426703453e-03 1.874428801238536835e-02 1.028938684612512589e-03 2.201818861067295074e-04 3.457939019426703453e-03 1.874428801238536835e-02
9.000000000000000000e+03 1.137663261033594608e-03 1.725361507851630449e-04 3.782583400607109070e-03 1.601811312139034271e-02 1.137663261033594608e-03 1.725361507851630449e-04 3.782583400607109070e-03 1.601811312139034271e-02
1.000000000000000000e+04 4.592435434460639954e-03 1.091797137632966042e-03 6.888829171657562256e-02 1.057020667940378189e-02 4.592435434460639954e-03 1.091797137632966042e-03 6.888829171657562256e-02 1.057020667940378189e-02
1.100000000000000000e+04 8.067159797064960003e-04 1.905186218209564686e-04 4.731072578579187393e-03 9.921178221702575684e-03 8.067159797064960003e-04 1.905186218209564686e-04 4.731072578579187393e-03 9.921178221702575684e-03
1.200000000000000000e+04 5.441569373942911625e-04 2.553284284658730030e-04 4.430257249623537064e-03 6.922920700162649155e-03 5.441569373942911625e-04 2.553284284658730030e-04 4.430257249623537064e-03 6.922920700162649155e-03
1.300000000000000000e+04 4.433267458807677031e-04 3.169507544953376055e-04 3.477225545793771744e-03 4.971200134605169296e-03 4.433267458807677031e-04 3.169507544953376055e-04 3.477225545793771744e-03 4.971200134605169296e-03
1.400000000000000000e+04 5.010656896047294140e-04 3.825114690698683262e-04 2.440511016175150871e-03 3.825592575594782829e-03 5.010656896047294140e-04 3.825114690698683262e-04 2.440511016175150871e-03 3.825592575594782829e-03
1.500000000000000000e+04 6.906946655362844467e-04 3.023567260242998600e-04 2.591517986729741096e-03 3.429639386013150215e-03 6.906946655362844467e-04 3.023567260242998600e-04 2.591517986729741096e-03 3.429639386013150215e-03
1.600000000000000000e+04 7.083859527483582497e-04 4.686047323048114777e-04 1.091556507162749767e-03 2.890886273235082626e-03 7.083859527483582497e-04 4.686047323048114777e-04 1.091556507162749767e-03 2.890886273235082626e-03
1.700000000000000000e+04 7.322445744648575783e-04 4.844370414502918720e-04 7.349081570282578468e-04 2.684493316337466240e-03 7.322445744648575783e-04 4.844370414502918720e-04 7.349081570282578468e-04 2.684493316337466240e-03
1.800000000000000000e+04 7.675708620809018612e-04 5.023737903684377670e-04 4.972129245288670063e-04 2.564082853496074677e-03 7.675708620809018612e-04 5.023737903684377670e-04 4.972129245288670063e-04 2.564082853496074677e-03
1.900000000000000000e+04 7.884295773692429066e-04 5.086140590719878674e-04 3.458092687651515007e-04 2.461762167513370514e-03 7.884295773692429066e-04 5.086140590719878674e-04 3.458092687651515007e-04 2.461762167513370514e-03
2.000000000000000000e+04 1.077543827705085278e-03 8.731966372579336166e-04 5.949650891125202179e-03 2.441784134134650230e-03 1.077543827705085278e-03 8.731966372579336166e-04 5.949650891125202179e-03 2.441784134134650230e-03
