# step, loss_train, loss_test, metrics_test
0.000000000000000000e+00 6.189685821533203125e+00 9.244487434625625610e-02 8.861189842224121094e+00 1.236377954483032227e-01 6.189685821533203125e+00 9.244487434625625610e-02 8.861189842224121094e+00 1.236377954483032227e-01
1.000000000000000000e+03 7.012479007244110107e-03 1.998700667172670364e-03 3.122913651168346405e-03 2.761965431272983551e-02 7.012479007244110107e-03 1.998700667172670364e-03 3.122913651168346405e-03 2.761965431272983551e-02
2.000000000000000000e+03 4.037831444293260574e-03 2.231993479654192924e-03 3.669776953756809235e-03 2.587012387812137604e-02 4.037831444293260574e-03 2.231993479654192924e-03 3.669776953756809235e-03 2.587012387812137604e-02
3.000000000000000000e+03 3.467984963208436966e-03 2.170812804251909256e-03 3.057912224903702736e-03 2.586888708174228668e-02 3.467984963208436966e-03 2.170812804251909256e-03 3.057912224903702736e-03 2.586888708174228668e-02
4.000000000000000000e+03 3.229106077924370766e-03 2.143596298992633820e-03 2.982038771733641624e-03 2.538807317614555359e-02 3.229106077924370766e-03 2.143596298992633820e-03 2.982038771733641624e-03 2.538807317614555359e-02
5.000000000000000000e+03 3.039114875718951225e-03 2.052795374765992165e-03 2.830392448231577873e-03 2.471960894763469696e-02 3.039114875718951225e-03 2.052795374765992165e-03 2.830392448231577873e-03 2.471960894763469696e-02
6.000000000000000000e+03 2.682141959667205811e-03 1.917660585604608059e-03 2.656587632372975349e-03 2.403881959617137909e-02 2.682141959667205811e-03 1.917660585604608059e-03 2.656587632372975349e-03 2.403881959617137909e-02
7.000000000000000000e+03 2.356742043048143387e-03 1.595123321749269962e-03 2.764167496934533119e-03 2.351709641516208649e-02 2.356742043048143387e-03 1.595123321749269962e-03 2.764167496934533119e-03 2.351709641516208649e-02
8.000000000000000000e+03 2.472834894433617592e-03 1.364627270959317684e-03 8.518816903233528137e-03 2.135101333260536194e-02 2.472834894433617592e-03 1.364627270959317684e-03 8.518816903233528137e-03 2.135101333260536194e-02
9.000000000000000000e+03 2.906002569943666458e-03 1.042305491864681244e-03 2.306036092340946198e-02 1.949218474328517914e-02 2.906002569943666458e-03 1.042305491864681244e-03 2.306036092340946198e-02 1.949218474328517914e-02
1.000000000000000000e+04 1.577335409820079803e-03 4.452189023140817881e-04 3.251275280490517616e-03 2.168303728103637695e-02 1.577335409820079803e-03 4.452189023140817881e-04 3.251275280490517616e-03 2.168303728103637695e-02
1.100000000000000000e+04 1.393754966557025909e-03 3.101600741501897573e-04 4.083517473191022873e-03 2.057431638240814209e-02 1.393754966557025909e-03 3.101600741501897573e-04 4.083517473191022873e-03 2.057431638240814209e-02
1.200000000000000000e+04 1.320358715020120144e-03 2.325305249541997910e-04 3.678884590044617653e-03 1.815089024603366852e-02 1.320358715020120144e-03 2.325305249541997910e-04 3.678884590044617653e-03 1.815089024603366852e-02
1.300000000000000000e+04 1.183975487947463989e-03 2.231739927083253860e-04 4.110289737582206726e-03 1.595332287251949310e-02 1.183975487947463989e-03 2.231739927083253860e-04 4.110289737582206726e-03 1.595332287251949310e-02
1.400000000000000000e+04 1.222111284732818604e-03 2.832539903465658426e-04 8.702903985977172852e-03 1.251455582678318024e-02 1.222111284732818604e-03 2.832539903465658426e-04 8.702903985977172852e-03 1.251455582678318024e-02
1.500000000000000000e+04 7.725367322564125061e-04 2.353061572648584843e-04 4.594291560351848602e-03 1.004604622721672058e-02 7.725367322564125061e-04 2.353061572648584843e-04 4.594291560351848602e-03 1.004604622721672058e-02
1.600000000000000000e+04 6.778964307159185410e-04 2.832390600815415382e-04 3.999037668108940125e-03 7.373440079391002655e-03 6.778964307159185410e-04 2.832390600815415382e-04 3.999037668108940125e-03 7.373440079391002655e-03
1.700000000000000000e+04 7.341651362366974354e-04 3.930514212697744370e-04 2.896049292758107185e-03 5.409880541265010834e-03 7.341651362366974354e-04 3.930514212697744370e-04 2.896049292758107185e-03 5.409880541265010834e-03
1.800000000000000000e+04 8.504897123202681541e-04 4.219743423163890839e-04 2.239377470687031746e-03 4.332995042204856873e-03 8.504897123202681541e-04 4.219743423163890839e-04 2.239377470687031746e-03 4.332995042204856873e-03
1.900000000000000000e+04 9.454163955524563789e-04 5.268510431051254272e-04 1.330750645138323307e-03 3.718958003446459770e-03 9.454163955524563789e-04 5.268510431051254272e-04 1.330750645138323307e-03 3.718958003446459770e-03
2.000000000000000000e+04 1.034114509820938110e-03 5.546911270357668400e-04 8.877274813130497932e-04 3.417194355279207230e-03 1.034114509820938110e-03 5.546911270357668400e-04 8.877274813130497932e-04 3.417194355279207230e-03
