# step, loss_train, loss_test, metrics_test
0.000000000000000000e+00 1.190935668945312500e+03 2.168053436279296875e+01 7.049075317382812500e+01 1.597442865371704102e+00 1.190935668945312500e+03 2.168053436279296875e+01 7.049075317382812500e+01 1.597442865371704102e+00
1.000000000000000000e+03 1.055137217044830322e-01 1.938605308532714844e-01 2.298512160778045654e-01 1.575130820274353027e-01 1.055137217044830322e-01 1.938605308532714844e-01 2.298512160778045654e-01 1.575130820274353027e-01
2.000000000000000000e+03 4.109257832169532776e-02 6.428130716085433960e-02 3.470200672745704651e-02 4.298921674489974976e-02 4.109257832169532776e-02 6.428130716085433960e-02 3.470200672745704651e-02 4.298921674489974976e-02
3.000000000000000000e+03 2.913419902324676514e-02 2.389116212725639343e-02 9.852853603661060333e-03 1.292299013584852219e-02 2.913419902324676514e-02 2.389116212725639343e-02 9.852853603661060333e-03 1.292299013584852219e-02
4.000000000000000000e+03 1.319260429590940475e-02 8.858544752001762390e-03 4.068632144480943680e-03 4.561676643788814545e-03 1.319260429590940475e-02 8.858544752001762390e-03 4.068632144480943680e-03 4.561676643788814545e-03
5.000000000000000000e+03 5.117737688124179840e-03 2.908775350078940392e-03 1.332146930508315563e-03 1.947557320818305016e-03 5.117737688124179840e-03 2.908775350078940392e-03 1.332146930508315563e-03 1.947557320818305016e-03
6.000000000000000000e+03 2.708201063796877861e-03 1.497019315138459206e-03 3.769724280573427677e-04 1.150026218965649605e-03 2.708201063796877861e-03 1.497019315138459206e-03 3.769724280573427677e-04 1.150026218965649605e-03
7.000000000000000000e+03 1.502343337051570415e-03 8.665033383294939995e-04 1.138726584031246603e-04 8.773404406383633614e-04 1.502343337051570415e-03 8.665033383294939995e-04 1.138726584031246603e-04 8.773404406383633614e-04
8.000000000000000000e+03 9.645193931646645069e-04 5.353057640604674816e-04 9.140277688857167959e-05 7.516916375607252121e-04 9.645193931646645069e-04 5.353057640604674816e-04 9.140277688857167959e-05 7.516916375607252121e-04
9.000000000000000000e+03 6.289058364927768707e-04 3.850846551358699799e-04 1.054589956765994430e-04 6.620507920160889626e-04 6.289058364927768707e-04 3.850846551358699799e-04 1.054589956765994430e-04 6.620507920160889626e-04
1.000000000000000000e+04 4.156280483584851027e-04 3.039205330424010754e-04 1.148857263615354896e-04 5.981925642117857933e-04 4.156280483584851027e-04 3.039205330424010754e-04 1.148857263615354896e-04 5.981925642117857933e-04
1.100000000000000000e+04 2.959669509436935186e-04 2.483455173205584288e-04 1.149529998656362295e-04 5.490220501087605953e-04 2.959669509436935186e-04 2.483455173205584288e-04 1.149529998656362295e-04 5.490220501087605953e-04
1.200000000000000000e+04 2.035791403613984585e-04 2.057657839031890035e-04 9.883446182357147336e-05 5.153480451554059982e-04 2.035791403613984585e-04 2.057657839031890035e-04 9.883446182357147336e-05 5.153480451554059982e-04
1.300000000000000000e+04 2.569914504420012236e-04 1.816368749132379889e-04 9.434048843104392290e-05 4.904865636490285397e-04 2.569914504420012236e-04 1.816368749132379889e-04 9.434048843104392290e-05 4.904865636490285397e-04
1.400000000000000000e+04 1.566067658131942153e-04 1.502412778791040182e-04 7.355050183832645416e-05 4.676976241171360016e-04 1.566067658131942153e-04 1.502412778791040182e-04 7.355050183832645416e-05 4.676976241171360016e-04
1.500000000000000000e+04 1.240686106029897928e-04 1.316378329647704959e-04 6.062809552531689405e-05 4.497780755627900362e-04 1.240686106029897928e-04 1.316378329647704959e-04 6.062809552531689405e-05 4.497780755627900362e-04
1.600000000000000000e+04 1.124429691117256880e-04 1.173335913335904479e-04 5.105988384457305074e-05 4.357314901426434517e-04 1.124429691117256880e-04 1.173335913335904479e-04 5.105988384457305074e-05 4.357314901426434517e-04
1.700000000000000000e+04 1.088557110051624477e-04 1.056378096109256148e-04 4.360678940429352224e-05 4.246057069394737482e-04 1.088557110051624477e-04 1.056378096109256148e-04 4.360678940429352224e-05 4.246057069394737482e-04
1.800000000000000000e+04 2.776084002107381821e-03 1.547665306134149432e-04 3.514490381348878145e-04 4.195723740849643946e-04 2.776084002107381821e-03 1.547665306134149432e-04 3.514490381348878145e-04 4.195723740849643946e-04
1.900000000000000000e+04 1.008174367598257959e-04 8.895937935449182987e-05 3.395229941816069186e-05 4.065291432198137045e-04 1.008174367598257959e-04 8.895937935449182987e-05 3.395229941816069186e-05 4.065291432198137045e-04
2.000000000000000000e+04 1.024082957883365452e-04 8.255176362581551075e-05 3.102590562775731087e-05 3.992975689470767975e-04 1.024082957883365452e-04 8.255176362581551075e-05 3.102590562775731087e-05 3.992975689470767975e-04
