# step, loss_train, loss_test, metrics_test
0.000000000000000000e+00 1.370517909526824951e-01 3.992601871490478516e+00 6.462202668190002441e-01 1.370517909526824951e-01 3.992601871490478516e+00 6.462202668190002441e-01
1.000000000000000000e+03 1.063020527362823486e-02 1.441797427833080292e-02 1.852460205554962158e-02 1.063020527362823486e-02 1.441797427833080292e-02 1.852460205554962158e-02
2.000000000000000000e+03 5.851121619343757629e-03 6.351909134536981583e-03 1.175993122160434723e-02 5.851121619343757629e-03 6.351909134536981583e-03 1.175993122160434723e-02
3.000000000000000000e+03 4.806526936590671539e-03 5.239710211753845215e-03 9.964332915842533112e-03 4.806526936590671539e-03 5.239710211753845215e-03 9.964332915842533112e-03
4.000000000000000000e+03 4.007412586361169815e-03 4.317926708608865738e-03 8.515104651451110840e-03 4.007412586361169815e-03 4.317926708608865738e-03 8.515104651451110840e-03
5.000000000000000000e+03 3.508579917252063751e-03 3.482120111584663391e-03 6.906884722411632538e-03 3.508579917252063751e-03 3.482120111584663391e-03 6.906884722411632538e-03
6.000000000000000000e+03 3.220906481146812439e-03 2.879150211811065674e-03 5.622366908937692642e-03 3.220906481146812439e-03 2.879150211811065674e-03 5.622366908937692642e-03
7.000000000000000000e+03 2.975065028294920921e-03 2.297129947692155838e-03 4.691601730883121490e-03 2.975065028294920921e-03 2.297129947692155838e-03 4.691601730883121490e-03
8.000000000000000000e+03 2.853265265002846718e-03 1.760590006597340107e-03 3.941169939935207367e-03 2.853265265002846718e-03 1.760590006597340107e-03 3.941169939935207367e-03
9.000000000000000000e+03 2.807158278301358223e-03 1.459044986404478550e-03 3.386586904525756836e-03 2.807158278301358223e-03 1.459044986404478550e-03 3.386586904525756836e-03
1.000000000000000000e+04 2.776278182864189148e-03 1.049016369506716728e-03 2.750166459009051323e-03 2.776278182864189148e-03 1.049016369506716728e-03 2.750166459009051323e-03
1.100000000000000000e+04 2.827992197126150131e-03 1.046263519674539566e-02 1.259106956422328949e-02 2.827992197126150131e-03 1.046263519674539566e-02 1.259106956422328949e-02
1.200000000000000000e+04 2.511779544875025749e-03 7.041585631668567657e-04 2.046639332547783852e-03 2.511779544875025749e-03 7.041585631668567657e-04 2.046639332547783852e-03
1.300000000000000000e+04 2.307065995410084724e-03 5.928013706579804420e-04 1.807571970857679844e-03 2.307065995410084724e-03 5.928013706579804420e-04 1.807571970857679844e-03
1.400000000000000000e+04 2.095795003697276115e-03 5.163415335118770599e-04 1.614277949556708336e-03 2.095795003697276115e-03 5.163415335118770599e-04 1.614277949556708336e-03
1.500000000000000000e+04 1.899277674965560436e-03 4.383830819278955460e-04 1.436956459656357765e-03 1.899277674965560436e-03 4.383830819278955460e-04 1.436956459656357765e-03
1.600000000000000000e+04 1.722881919704377651e-03 3.847452753689140081e-04 1.311686821281909943e-03 1.722881919704377651e-03 3.847452753689140081e-04 1.311686821281909943e-03
1.700000000000000000e+04 1.578749972395598888e-03 3.288286679890006781e-04 1.189317787066102028e-03 1.578749972395598888e-03 3.288286679890006781e-04 1.189317787066102028e-03
1.800000000000000000e+04 1.451962976716458797e-03 2.923500142060220242e-04 1.092963269911706448e-03 1.451962976716458797e-03 2.923500142060220242e-04 1.092963269911706448e-03
1.900000000000000000e+04 1.339472597464919090e-03 2.683892962522804737e-04 1.014176406897604465e-03 1.339472597464919090e-03 2.683892962522804737e-04 1.014176406897604465e-03
2.000000000000000000e+04 1.241961028426885605e-03 2.580436412245035172e-04 9.428935591131448746e-04 1.241961028426885605e-03 2.580436412245035172e-04 9.428935591131448746e-04
