# step, loss_train, loss_test, metrics_test
0.000000000000000000e+00 3.436893820762634277e-01 3.992601871490478516e+00 6.462202668190002441e-01 3.436893820762634277e-01 3.992601871490478516e+00 6.462202668190002441e-01
1.000000000000000000e+03 1.403618883341550827e-02 1.338881067931652069e-02 1.793988049030303955e-02 1.403618883341550827e-02 1.338881067931652069e-02 1.793988049030303955e-02
2.000000000000000000e+03 7.614349015057086945e-03 7.199594751000404358e-03 1.112697273492813110e-02 7.614349015057086945e-03 7.199594751000404358e-03 1.112697273492813110e-02
3.000000000000000000e+03 5.683281924575567245e-03 5.574183072894811630e-03 8.486327715218067169e-03 5.683281924575567245e-03 5.574183072894811630e-03 8.486327715218067169e-03
4.000000000000000000e+03 5.036359187215566635e-03 4.448440857231616974e-03 7.131438702344894409e-03 5.036359187215566635e-03 4.448440857231616974e-03 7.131438702344894409e-03
5.000000000000000000e+03 4.314609803259372711e-03 3.364572767168283463e-03 6.235931999981403351e-03 4.314609803259372711e-03 3.364572767168283463e-03 6.235931999981403351e-03
6.000000000000000000e+03 3.558177268132567406e-03 2.331223106011748314e-03 5.210250150412321091e-03 3.558177268132567406e-03 2.331223106011748314e-03 5.210250150412321091e-03
7.000000000000000000e+03 2.882616827264428139e-03 1.398560591042041779e-03 3.899875096976757050e-03 2.882616827264428139e-03 1.398560591042041779e-03 3.899875096976757050e-03
8.000000000000000000e+03 2.358132041990756989e-03 8.241169271059334278e-04 2.745802747085690498e-03 2.358132041990756989e-03 8.241169271059334278e-04 2.745802747085690498e-03
9.000000000000000000e+03 1.987507333979010582e-03 6.072216201573610306e-04 2.090791938826441765e-03 1.987507333979010582e-03 6.072216201573610306e-04 2.090791938826441765e-03
1.000000000000000000e+04 1.787254237569868565e-03 5.075992085039615631e-04 1.748966169543564320e-03 1.787254237569868565e-03 5.075992085039615631e-04 1.748966169543564320e-03
1.100000000000000000e+04 1.641341717913746834e-03 4.412569978740066290e-04 1.501071732491254807e-03 1.641341717913746834e-03 4.412569978740066290e-04 1.501071732491254807e-03
1.200000000000000000e+04 1.478094491176307201e-03 3.814043593592941761e-04 1.304156961850821972e-03 1.478094491176307201e-03 3.814043593592941761e-04 1.304156961850821972e-03
1.300000000000000000e+04 1.317382557317614555e-03 3.311021719127893448e-04 1.121112611144781113e-03 1.317382557317614555e-03 3.311021719127893448e-04 1.121112611144781113e-03
1.400000000000000000e+04 1.159605220891535282e-03 5.340081988833844662e-04 1.278169918805360794e-03 1.159605220891535282e-03 5.340081988833844662e-04 1.278169918805360794e-03
1.500000000000000000e+04 1.029792241752147675e-03 2.667254593688994646e-04 8.389676804654300213e-04 1.029792241752147675e-03 2.667254593688994646e-04 8.389676804654300213e-04
1.600000000000000000e+04 9.172516874969005585e-04 4.707188054453581572e-04 9.887388441711664200e-04 9.172516874969005585e-04 4.707188054453581572e-04 9.887388441711664200e-04
1.700000000000000000e+04 8.300960180349647999e-04 2.424791600788012147e-04 6.744712009094655514e-04 8.300960180349647999e-04 2.424791600788012147e-04 6.744712009094655514e-04
1.800000000000000000e+04 7.629096508026123047e-04 2.350283029954880476e-04 6.168853724375367165e-04 7.629096508026123047e-04 2.350283029954880476e-04 6.168853724375367165e-04
1.900000000000000000e+04 7.010693079791963100e-04 2.277948660776019096e-04 5.745220696553587914e-04 7.010693079791963100e-04 2.277948660776019096e-04 5.745220696553587914e-04
2.000000000000000000e+04 6.523183546960353851e-04 2.208967343904078007e-04 5.347130354493856430e-04 6.523183546960353851e-04 2.208967343904078007e-04 5.347130354493856430e-04
