# step, loss_train, loss_test, metrics_test
0.000000000000000000e+00 6.611624360084533691e-01 3.992601871490478516e+00 6.462202668190002441e-01 6.611624360084533691e-01 3.992601871490478516e+00 6.462202668190002441e-01
1.000000000000000000e+03 1.960235647857189178e-02 1.521180756390094757e-02 1.833582296967506409e-02 1.960235647857189178e-02 1.521180756390094757e-02 1.833582296967506409e-02
2.000000000000000000e+03 7.958337664604187012e-03 8.121766149997711182e-03 1.154329720884561539e-02 7.958337664604187012e-03 8.121766149997711182e-03 1.154329720884561539e-02
3.000000000000000000e+03 4.955971147865056992e-03 6.060349289327859879e-03 8.753129281103610992e-03 4.955971147865056992e-03 6.060349289327859879e-03 8.753129281103610992e-03
4.000000000000000000e+03 4.093266092240810394e-03 4.909572657197713852e-03 7.620877120643854141e-03 4.093266092240810394e-03 4.909572657197713852e-03 7.620877120643854141e-03
5.000000000000000000e+03 3.594006178900599480e-03 3.803914412856101990e-03 6.706167943775653839e-03 3.594006178900599480e-03 3.803914412856101990e-03 6.706167943775653839e-03
6.000000000000000000e+03 3.144459566101431847e-03 3.116474254056811333e-03 6.276531144976615906e-03 3.144459566101431847e-03 3.116474254056811333e-03 6.276531144976615906e-03
7.000000000000000000e+03 2.826652256771922112e-03 1.576978946104645729e-03 4.169355146586894989e-03 2.826652256771922112e-03 1.576978946104645729e-03 4.169355146586894989e-03
8.000000000000000000e+03 2.556046936661005020e-03 9.676534100435674191e-04 3.048168262466788292e-03 2.556046936661005020e-03 9.676534100435674191e-04 3.048168262466788292e-03
9.000000000000000000e+03 2.233919454738497734e-03 6.185540114529430866e-04 2.262105932459235191e-03 2.233919454738497734e-03 6.185540114529430866e-04 2.262105932459235191e-03
1.000000000000000000e+04 1.857476425357162952e-03 7.393902051262557507e-04 2.118765842169523239e-03 1.857476425357162952e-03 7.393902051262557507e-04 2.118765842169523239e-03
1.100000000000000000e+04 1.588007900863885880e-03 3.576799936126917601e-04 1.285315142013132572e-03 1.588007900863885880e-03 3.576799936126917601e-04 1.285315142013132572e-03
1.200000000000000000e+04 1.388808013871312141e-03 2.882891276385635138e-04 1.053455285727977753e-03 1.388808013871312141e-03 2.882891276385635138e-04 1.053455285727977753e-03
1.300000000000000000e+04 1.224501174874603748e-03 2.426310384180396795e-04 8.936253143474459648e-04 1.224501174874603748e-03 2.426310384180396795e-04 8.936253143474459648e-04
1.400000000000000000e+04 1.077179331332445145e-03 2.196308050770312548e-04 7.878299802541732788e-04 1.077179331332445145e-03 2.196308050770312548e-04 7.878299802541732788e-04
1.500000000000000000e+04 9.452760568819940090e-04 1.984065747819840908e-04 6.720405654050409794e-04 9.452760568819940090e-04 1.984065747819840908e-04 6.720405654050409794e-04
1.600000000000000000e+04 8.296753512695431709e-04 1.905921672005206347e-04 5.941962008364498615e-04 8.296753512695431709e-04 1.905921672005206347e-04 5.941962008364498615e-04
1.700000000000000000e+04 7.367267389781773090e-04 1.863016077550128102e-04 5.257518496364355087e-04 7.367267389781773090e-04 1.863016077550128102e-04 5.257518496364355087e-04
1.800000000000000000e+04 6.657912163063883781e-04 2.069301408482715487e-04 4.810791870113462210e-04 6.657912163063883781e-04 2.069301408482715487e-04 4.810791870113462210e-04
1.900000000000000000e+04 6.071358802728354931e-04 1.850616827141493559e-04 4.334590921644121408e-04 6.071358802728354931e-04 1.850616827141493559e-04 4.334590921644121408e-04
2.000000000000000000e+04 5.640747258439660072e-04 1.842073688749223948e-04 4.026667738799005747e-04 5.640747258439660072e-04 1.842073688749223948e-04 4.026667738799005747e-04
