# step, loss_train, loss_test, metrics_test
0.000000000000000000e+00 1.089470863342285156e+00 3.992601871490478516e+00 6.462202668190002441e-01 1.089470863342285156e+00 3.992601871490478516e+00 6.462202668190002441e-01
1.000000000000000000e+03 2.450265921652317047e-02 1.742701604962348938e-02 1.841213554143905640e-02 2.450265921652317047e-02 1.742701604962348938e-02 1.841213554143905640e-02
2.000000000000000000e+03 8.564460091292858124e-03 8.040541782975196838e-03 1.177495904266834259e-02 8.564460091292858124e-03 8.040541782975196838e-03 1.177495904266834259e-02
3.000000000000000000e+03 4.728541243821382523e-03 6.134081631898880005e-03 9.277852252125740051e-03 4.728541243821382523e-03 6.134081631898880005e-03 9.277852252125740051e-03
4.000000000000000000e+03 3.882012097164988518e-03 4.519036971032619476e-03 7.827187888324260712e-03 3.882012097164988518e-03 4.519036971032619476e-03 7.827187888324260712e-03
5.000000000000000000e+03 3.224942367523908615e-03 3.219270380213856697e-03 6.568690761923789978e-03 3.224942367523908615e-03 3.219270380213856697e-03 6.568690761923789978e-03
6.000000000000000000e+03 2.727939980104565620e-03 2.010419964790344238e-03 5.143397487699985504e-03 2.727939980104565620e-03 2.010419964790344238e-03 5.143397487699985504e-03
7.000000000000000000e+03 2.427539089694619179e-03 1.220383681356906891e-03 3.860218450427055359e-03 2.427539089694619179e-03 1.220383681356906891e-03 3.860218450427055359e-03
8.000000000000000000e+03 2.150669228285551071e-03 7.193856872618198395e-04 2.819556742906570435e-03 2.150669228285551071e-03 7.193856872618198395e-04 2.819556742906570435e-03
9.000000000000000000e+03 1.902258605696260929e-03 7.463943911716341972e-04 2.436077455058693886e-03 1.902258605696260929e-03 7.463943911716341972e-04 2.436077455058693886e-03
1.000000000000000000e+04 1.657287008129060268e-03 3.341747506055980921e-04 1.575119676999747753e-03 1.657287008129060268e-03 3.341747506055980921e-04 1.575119676999747753e-03
1.100000000000000000e+04 1.461736625060439110e-03 2.832453465089201927e-04 1.280715223401784897e-03 1.461736625060439110e-03 2.832453465089201927e-04 1.280715223401784897e-03
1.200000000000000000e+04 1.303522731177508831e-03 2.636848657857626677e-04 1.076244865544140339e-03 1.303522731177508831e-03 2.636848657857626677e-04 1.076244865544140339e-03
1.300000000000000000e+04 1.326971570961177349e-03 3.590025706216692924e-03 4.317268263548612595e-03 1.326971570961177349e-03 3.590025706216692924e-03 4.317268263548612595e-03
1.400000000000000000e+04 1.012122840620577335e-03 2.287232637172564864e-04 8.240013848990201950e-04 1.012122840620577335e-03 2.287232637172564864e-04 8.240013848990201950e-04
1.500000000000000000e+04 8.889805176295340061e-04 2.198217698605731130e-04 7.326210616156458855e-04 8.889805176295340061e-04 2.198217698605731130e-04 7.326210616156458855e-04
1.600000000000000000e+04 7.767382776364684105e-04 2.099090488627552986e-04 6.600117776542901993e-04 7.767382776364684105e-04 2.099090488627552986e-04 6.600117776542901993e-04
1.700000000000000000e+04 6.891660159453749657e-04 1.979780208785086870e-04 6.000158609822392464e-04 6.891660159453749657e-04 1.979780208785086870e-04 6.000158609822392464e-04
1.800000000000000000e+04 6.226702826097607613e-04 2.050300245173275471e-04 5.738676991313695908e-04 6.226702826097607613e-04 2.050300245173275471e-04 5.738676991313695908e-04
1.900000000000000000e+04 5.721610505133867264e-04 1.754393451847136021e-04 5.085818702355027199e-04 5.721610505133867264e-04 1.754393451847136021e-04 5.085818702355027199e-04
2.000000000000000000e+04 5.370691651478409767e-04 1.866577222244814038e-04 5.002772668376564980e-04 5.370691651478409767e-04 1.866577222244814038e-04 5.002772668376564980e-04
