# step, loss_train, loss_test, metrics_test
0.000000000000000000e+00 1.628614783287048340e+00 3.992601871490478516e+00 6.462202668190002441e-01 1.628614783287048340e+00 3.992601871490478516e+00 6.462202668190002441e-01
1.000000000000000000e+03 3.026274964213371277e-02 2.182174660265445709e-02 1.993214339017868042e-02 3.026274964213371277e-02 2.182174660265445709e-02 1.993214339017868042e-02
2.000000000000000000e+03 8.861704729497432709e-03 8.547397330403327942e-03 1.317270100116729736e-02 8.861704729497432709e-03 8.547397330403327942e-03 1.317270100116729736e-02
3.000000000000000000e+03 4.502566065639257431e-03 6.286162417382001877e-03 1.198002509772777557e-02 4.502566065639257431e-03 6.286162417382001877e-03 1.198002509772777557e-02
4.000000000000000000e+03 3.826097352430224419e-03 5.329773761332035065e-03 1.049552951008081436e-02 3.826097352430224419e-03 5.329773761332035065e-03 1.049552951008081436e-02
5.000000000000000000e+03 3.270677290856838226e-03 4.175161477178335190e-03 8.727675303816795349e-03 3.270677290856838226e-03 4.175161477178335190e-03 8.727675303816795349e-03
6.000000000000000000e+03 2.967591164633631706e-03 3.196634585037827492e-03 6.738804746419191360e-03 2.967591164633631706e-03 3.196634585037827492e-03 6.738804746419191360e-03
7.000000000000000000e+03 2.782264957204461098e-03 2.257407177239656448e-03 5.251135211437940598e-03 2.782264957204461098e-03 2.257407177239656448e-03 5.251135211437940598e-03
8.000000000000000000e+03 2.535751089453697205e-03 1.528635155409574509e-03 4.201677162200212479e-03 2.535751089453697205e-03 1.528635155409574509e-03 4.201677162200212479e-03
9.000000000000000000e+03 2.206695731729269028e-03 1.032151165418326855e-03 3.362900577485561371e-03 2.206695731729269028e-03 1.032151165418326855e-03 3.362900577485561371e-03
1.000000000000000000e+04 1.895807450637221336e-03 7.115668850019574165e-04 2.653839066624641418e-03 1.895807450637221336e-03 7.115668850019574165e-04 2.653839066624641418e-03
1.100000000000000000e+04 1.653973245993256569e-03 5.132792284712195396e-04 2.102537546306848526e-03 1.653973245993256569e-03 5.132792284712195396e-04 2.102537546306848526e-03
1.200000000000000000e+04 1.426242874003946781e-03 3.885678015649318695e-04 1.680019544437527657e-03 1.426242874003946781e-03 3.885678015649318695e-04 1.680019544437527657e-03
1.300000000000000000e+04 1.194947864860296249e-03 3.075422719120979309e-04 1.347251120023429394e-03 1.194947864860296249e-03 3.075422719120979309e-04 1.347251120023429394e-03
1.400000000000000000e+04 9.868893539533019066e-04 2.527716278564184904e-04 1.083907554857432842e-03 9.868893539533019066e-04 2.527716278564184904e-04 1.083907554857432842e-03
1.500000000000000000e+04 8.809137507341802120e-04 9.166720556095242500e-04 1.619187649339437485e-03 8.809137507341802120e-04 9.166720556095242500e-04 1.619187649339437485e-03
1.600000000000000000e+04 7.131005404517054558e-04 2.151725639123469591e-04 7.263903389684855938e-04 7.131005404517054558e-04 2.151725639123469591e-04 7.263903389684855938e-04
1.700000000000000000e+04 6.316243670880794525e-04 2.069439506158232689e-04 6.177588365972042084e-04 6.316243670880794525e-04 2.069439506158232689e-04 6.177588365972042084e-04
1.800000000000000000e+04 5.693481070920825005e-04 2.046363224508240819e-04 5.497492966242134571e-04 5.693481070920825005e-04 2.046363224508240819e-04 5.497492966242134571e-04
1.900000000000000000e+04 5.224058404564857483e-04 2.206776844104751945e-04 5.165287293493747711e-04 5.224058404564857483e-04 2.206776844104751945e-04 5.165287293493747711e-04
2.000000000000000000e+04 4.836926527786999941e-04 1.982552785193547606e-04 4.657104145735502243e-04 4.836926527786999941e-04 1.982552785193547606e-04 4.657104145735502243e-04
