# step, loss_train, loss_test, metrics_test
0.000000000000000000e+00 2.278594255447387695e+00 3.992601871490478516e+00 6.462202668190002441e-01 2.278594255447387695e+00 3.992601871490478516e+00 6.462202668190002441e-01
1.000000000000000000e+03 3.416337072849273682e-02 2.250260114669799805e-02 2.162432298064231873e-02 3.416337072849273682e-02 2.250260114669799805e-02 2.162432298064231873e-02
2.000000000000000000e+03 9.813951328396797180e-03 9.700438939034938812e-03 1.420444156974554062e-02 9.813951328396797180e-03 9.700438939034938812e-03 1.420444156974554062e-02
3.000000000000000000e+03 4.997622687369585037e-03 1.441732794046401978e-02 1.690635085105895996e-02 4.997622687369585037e-03 1.441732794046401978e-02 1.690635085105895996e-02
4.000000000000000000e+03 3.721863264217972755e-03 4.923825152218341827e-03 1.105957943946123123e-02 3.721863264217972755e-03 4.923825152218341827e-03 1.105957943946123123e-02
5.000000000000000000e+03 3.485559718683362007e-03 4.046378191560506821e-03 9.232012555003166199e-03 3.485559718683362007e-03 4.046378191560506821e-03 9.232012555003166199e-03
6.000000000000000000e+03 3.319329582154750824e-03 3.012137254700064659e-03 7.470394484698772430e-03 3.319329582154750824e-03 3.012137254700064659e-03 7.470394484698772430e-03
7.000000000000000000e+03 2.932322910055518150e-03 2.081524115055799484e-03 5.902735050767660141e-03 2.932322910055518150e-03 2.081524115055799484e-03 5.902735050767660141e-03
8.000000000000000000e+03 2.434118185192346573e-03 1.491867471486330032e-03 4.522743634879589081e-03 2.434118185192346573e-03 1.491867471486330032e-03 4.522743634879589081e-03
9.000000000000000000e+03 2.044967841356992722e-03 9.303257102146744728e-04 3.376600565388798714e-03 2.044967841356992722e-03 9.303257102146744728e-04 3.376600565388798714e-03
1.000000000000000000e+04 1.812994480133056641e-03 6.306424620561301708e-04 2.570206299424171448e-03 1.812994480133056641e-03 6.306424620561301708e-04 2.570206299424171448e-03
1.100000000000000000e+04 1.585886115208268166e-03 4.532837192527949810e-04 2.018050523474812508e-03 1.585886115208268166e-03 4.532837192527949810e-04 2.018050523474812508e-03
1.200000000000000000e+04 1.364372903481125832e-03 3.503156476654112339e-04 1.637597102671861649e-03 1.364372903481125832e-03 3.503156476654112339e-04 1.637597102671861649e-03
1.300000000000000000e+04 1.156291342340409756e-03 2.952615323010832071e-04 1.363908988423645496e-03 1.156291342340409756e-03 2.952615323010832071e-04 1.363908988423645496e-03
1.400000000000000000e+04 9.709372534416615963e-04 2.591690572444349527e-04 1.161185326054692268e-03 9.709372534416615963e-04 2.591690572444349527e-04 1.161185326054692268e-03
1.500000000000000000e+04 8.311369456350803375e-04 2.417609211988747120e-04 9.941256139427423477e-04 8.311369456350803375e-04 2.417609211988747120e-04 9.941256139427423477e-04
1.600000000000000000e+04 7.267488399520516396e-04 2.323787484783679247e-04 8.660129387862980366e-04 7.267488399520516396e-04 2.323787484783679247e-04 8.660129387862980366e-04
1.700000000000000000e+04 6.657519261352717876e-04 3.316197253298014402e-04 8.933935314416885376e-04 6.657519261352717876e-04 3.316197253298014402e-04 8.933935314416885376e-04
1.800000000000000000e+04 6.104039493948221207e-04 2.278583560837432742e-04 6.907266215421259403e-04 6.104039493948221207e-04 2.278583560837432742e-04 6.907266215421259403e-04
1.900000000000000000e+04 5.811727605760097504e-04 4.575399507302790880e-04 8.913505589589476585e-04 5.811727605760097504e-04 4.575399507302790880e-04 8.913505589589476585e-04
2.000000000000000000e+04 5.435804487206041813e-04 2.531135105527937412e-04 6.235428154468536377e-04 5.435804487206041813e-04 2.531135105527937412e-04 6.235428154468536377e-04
