# step, loss_train, loss_test, metrics_test
0.000000000000000000e+00 3.039409160614013672e+00 3.992601871490478516e+00 6.462202668190002441e-01 3.039409160614013672e+00 3.992601871490478516e+00 6.462202668190002441e-01
1.000000000000000000e+03 3.603632375597953796e-02 2.139465324580669403e-02 2.355876378715038300e-02 3.603632375597953796e-02 2.139465324580669403e-02 2.355876378715038300e-02
2.000000000000000000e+03 1.122757885605096817e-02 1.212950889021158218e-02 1.609508134424686432e-02 1.122757885605096817e-02 1.212950889021158218e-02 1.609508134424686432e-02
3.000000000000000000e+03 5.500765517354011536e-03 7.335558999329805374e-03 1.361943315714597702e-02 5.500765517354011536e-03 7.335558999329805374e-03 1.361943315714597702e-02
4.000000000000000000e+03 3.712223842740058899e-03 5.423679482191801071e-03 1.194616779685020447e-02 3.712223842740058899e-03 5.423679482191801071e-03 1.194616779685020447e-02
5.000000000000000000e+03 3.066195640712976456e-03 4.475388210266828537e-03 9.975820779800415039e-03 3.066195640712976456e-03 4.475388210266828537e-03 9.975820779800415039e-03
6.000000000000000000e+03 2.927723806351423264e-03 3.011171240359544754e-03 7.654585875570774078e-03 2.927723806351423264e-03 3.011171240359544754e-03 7.654585875570774078e-03
7.000000000000000000e+03 2.705900929868221283e-03 2.577699488028883934e-03 6.721753161400556564e-03 2.705900929868221283e-03 2.577699488028883934e-03 6.721753161400556564e-03
8.000000000000000000e+03 2.446583006531000137e-03 8.988916524685919285e-04 3.782828571274876595e-03 2.446583006531000137e-03 8.988916524685919285e-04 3.782828571274876595e-03
9.000000000000000000e+03 2.079466124996542931e-03 5.554480594582855701e-04 2.712491899728775024e-03 2.079466124996542931e-03 5.554480594582855701e-04 2.712491899728775024e-03
1.000000000000000000e+04 1.699707005172967911e-03 4.212174098938703537e-04 1.950656063854694366e-03 1.699707005172967911e-03 4.212174098938703537e-04 1.950656063854694366e-03
1.100000000000000000e+04 1.360225491225719452e-03 3.959721652790904045e-04 1.456873724237084389e-03 1.360225491225719452e-03 3.959721652790904045e-04 1.456873724237084389e-03
1.200000000000000000e+04 1.100409543141722679e-03 3.826111205853521824e-04 1.118154148571193218e-03 1.100409543141722679e-03 3.826111205853521824e-04 1.118154148571193218e-03
1.300000000000000000e+04 9.180070483125746250e-04 4.243047442287206650e-04 9.516435093246400356e-04 9.180070483125746250e-04 4.243047442287206650e-04 9.516435093246400356e-04
1.400000000000000000e+04 7.746097398921847343e-04 3.365662996657192707e-04 7.665305747650563717e-04 7.746097398921847343e-04 3.365662996657192707e-04 7.665305747650563717e-04
1.500000000000000000e+04 8.273234125226736069e-04 2.584643196314573288e-03 2.906480105593800545e-03 8.273234125226736069e-04 2.584643196314573288e-03 2.906480105593800545e-03
1.600000000000000000e+04 5.864618578925728798e-04 2.593053213786333799e-04 6.071947864256799221e-04 5.864618578925728798e-04 2.593053213786333799e-04 6.071947864256799221e-04
1.700000000000000000e+04 5.155895487405359745e-04 2.194339758716523647e-04 5.537286051549017429e-04 5.155895487405359745e-04 2.194339758716523647e-04 5.537286051549017429e-04
1.800000000000000000e+04 4.629984614439308643e-04 1.816563017200678587e-04 4.984953557141125202e-04 4.629984614439308643e-04 1.816563017200678587e-04 4.984953557141125202e-04
1.900000000000000000e+04 4.197063099127262831e-04 1.498415367677807808e-04 4.511486622504889965e-04 4.197063099127262831e-04 1.498415367677807808e-04 4.511486622504889965e-04
2.000000000000000000e+04 4.844190261792391539e-04 1.071925042197108269e-03 1.291412045247852802e-03 4.844190261792391539e-04 1.071925042197108269e-03 1.291412045247852802e-03
