# step, loss_train, loss_test, metrics_test
0.000000000000000000e+00 3.911059379577636719e+00 3.992601871490478516e+00 6.462202668190002441e-01 3.911059379577636719e+00 3.992601871490478516e+00 6.462202668190002441e-01
1.000000000000000000e+03 3.855068981647491455e-02 1.998444274067878723e-02 2.608517743647098541e-02 3.855068981647491455e-02 1.998444274067878723e-02 2.608517743647098541e-02
2.000000000000000000e+03 1.066056545823812485e-02 1.329376641660928726e-02 1.755073852837085724e-02 1.066056545823812485e-02 1.329376641660928726e-02 1.755073852837085724e-02
3.000000000000000000e+03 6.272642407566308975e-03 9.381936863064765930e-03 1.547866128385066986e-02 6.272642407566308975e-03 9.381936863064765930e-03 1.547866128385066986e-02
4.000000000000000000e+03 5.498018115758895874e-03 1.007900852710008621e-02 1.412698812782764435e-02 5.498018115758895874e-03 1.007900852710008621e-02 1.412698812782764435e-02
5.000000000000000000e+03 4.121954552829265594e-03 5.892763379961252213e-03 1.205908879637718201e-02 4.121954552829265594e-03 5.892763379961252213e-03 1.205908879637718201e-02
6.000000000000000000e+03 3.235260257497429848e-03 4.801469855010509491e-03 1.039126701653003693e-02 3.235260257497429848e-03 4.801469855010509491e-03 1.039126701653003693e-02
7.000000000000000000e+03 2.856201725080609322e-03 4.191537387669086456e-03 8.377504535019397736e-03 2.856201725080609322e-03 4.191537387669086456e-03 8.377504535019397736e-03
8.000000000000000000e+03 3.038692986592650414e-03 7.847242057323455811e-03 1.122847199440002441e-02 3.038692986592650414e-03 7.847242057323455811e-03 1.122847199440002441e-02
9.000000000000000000e+03 2.597450045868754387e-03 2.382211154326796532e-03 5.470397416502237320e-03 2.597450045868754387e-03 2.382211154326796532e-03 5.470397416502237320e-03
1.000000000000000000e+04 2.258144551888108253e-03 1.759262639097869396e-03 4.356331191956996918e-03 2.258144551888108253e-03 1.759262639097869396e-03 4.356331191956996918e-03
1.100000000000000000e+04 1.967214746400713921e-03 1.247506355866789818e-03 3.309662453830242157e-03 1.967214746400713921e-03 1.247506355866789818e-03 3.309662453830242157e-03
1.200000000000000000e+04 1.660043024457991123e-03 7.531119044870138168e-04 2.391480840742588043e-03 1.660043024457991123e-03 7.531119044870138168e-04 2.391480840742588043e-03
1.300000000000000000e+04 1.369888312183320522e-03 5.642314790748059750e-04 1.740123610943555832e-03 1.369888312183320522e-03 5.642314790748059750e-04 1.740123610943555832e-03
1.400000000000000000e+04 1.114630140364170074e-03 5.833622417412698269e-04 1.378169399686157703e-03 1.114630140364170074e-03 5.833622417412698269e-04 1.378169399686157703e-03
1.500000000000000000e+04 9.203508961945772171e-04 4.464593366719782352e-04 1.043450320139527321e-03 9.203508961945772171e-04 4.464593366719782352e-04 1.043450320139527321e-03
1.600000000000000000e+04 8.188025676645338535e-04 9.042385499924421310e-04 1.229219138622283936e-03 8.188025676645338535e-04 9.042385499924421310e-04 1.229219138622283936e-03
1.700000000000000000e+04 7.174637285061180592e-04 3.339003596920520067e-04 7.355517591349780560e-04 7.174637285061180592e-04 3.339003596920520067e-04 7.355517591349780560e-04
1.800000000000000000e+04 6.885236361995339394e-04 1.145827816799283028e-03 1.282292651012539864e-03 6.885236361995339394e-04 1.145827816799283028e-03 1.282292651012539864e-03
1.900000000000000000e+04 1.013254513964056969e-03 6.978051271289587021e-03 6.109051872044801712e-03 1.013254513964056969e-03 6.978051271289587021e-03 6.109051872044801712e-03
2.000000000000000000e+04 5.394123145379126072e-04 2.359676727792248130e-04 5.715675069950520992e-04 5.394123145379126072e-04 2.359676727792248130e-04 5.715675069950520992e-04
