# step, loss_train, loss_test, metrics_test
0.000000000000000000e+00 1.370646595954895020e+00 3.992601871490478516e+00 6.462202668190002441e-01 1.370646595954895020e+00 3.992601871490478516e+00 6.462202668190002441e-01
1.000000000000000000e+03 1.105932518839836121e-01 4.108656942844390869e-02 4.922166839241981506e-02 1.105932518839836121e-01 4.108656942844390869e-02 4.922166839241981506e-02
2.000000000000000000e+03 7.607804983854293823e-02 1.758649758994579315e-02 3.930599614977836609e-02 7.607804983854293823e-02 1.758649758994579315e-02 3.930599614977836609e-02
3.000000000000000000e+03 6.112444400787353516e-02 6.687908433377742767e-03 3.857874125242233276e-02 6.112444400787353516e-02 6.687908433377742767e-03 3.857874125242233276e-02
4.000000000000000000e+03 5.422469228506088257e-02 2.183496719226241112e-03 3.665335476398468018e-02 5.422469228506088257e-02 2.183496719226241112e-03 3.665335476398468018e-02
5.000000000000000000e+03 5.219710245728492737e-02 1.072518527507781982e-03 3.396440297365188599e-02 5.219710245728492737e-02 1.072518527507781982e-03 3.396440297365188599e-02
6.000000000000000000e+03 5.131435394287109375e-02 1.122281420975923538e-03 3.300995752215385437e-02 5.131435394287109375e-02 1.122281420975923538e-03 3.300995752215385437e-02
7.000000000000000000e+03 5.134265869855880737e-02 8.915581274777650833e-04 3.120711259543895721e-02 5.134265869855880737e-02 8.915581274777650833e-04 3.120711259543895721e-02
8.000000000000000000e+03 5.101342499256134033e-02 9.099834132939577103e-04 3.045566193759441376e-02 5.101342499256134033e-02 9.099834132939577103e-04 3.045566193759441376e-02
9.000000000000000000e+03 5.070042982697486877e-02 9.096789872273802757e-04 2.994509786367416382e-02 5.070042982697486877e-02 9.096789872273802757e-04 2.994509786367416382e-02
1.000000000000000000e+04 5.046327412128448486e-02 8.846296695992350578e-04 2.953168377280235291e-02 5.046327412128448486e-02 8.846296695992350578e-04 2.953168377280235291e-02
1.100000000000000000e+04 5.160756409168243408e-02 4.500614013522863388e-03 3.524792566895484924e-02 5.160756409168243408e-02 4.500614013522863388e-03 3.524792566895484924e-02
1.200000000000000000e+04 5.002540349960327148e-02 7.471369463019073009e-04 2.890403941273689270e-02 5.002540349960327148e-02 7.471369463019073009e-04 2.890403941273689270e-02
1.300000000000000000e+04 4.986451566219329834e-02 6.340790423564612865e-04 2.859936840832233429e-02 4.986451566219329834e-02 6.340790423564612865e-04 2.859936840832233429e-02
1.400000000000000000e+04 4.974341765046119690e-02 5.109895137138664722e-04 2.828338183462619781e-02 4.974341765046119690e-02 5.109895137138664722e-04 2.828338183462619781e-02
1.500000000000000000e+04 4.969745129346847534e-02 4.022215725854039192e-04 2.795379608869552612e-02 4.969745129346847534e-02 4.022215725854039192e-04 2.795379608869552612e-02
1.600000000000000000e+04 4.955753684043884277e-02 3.130956029053777456e-04 2.772791683673858643e-02 4.955753684043884277e-02 3.130956029053777456e-04 2.772791683673858643e-02
1.700000000000000000e+04 4.948156327009201050e-02 2.398311917204409838e-04 2.750850655138492584e-02 4.948156327009201050e-02 2.398311917204409838e-04 2.750850655138492584e-02
1.800000000000000000e+04 4.943990334868431091e-02 1.783421612344682217e-04 2.726543694734573364e-02 4.943990334868431091e-02 1.783421612344682217e-04 2.726543694734573364e-02
1.900000000000000000e+04 5.304567515850067139e-02 5.343417171388864517e-03 3.988338634371757507e-02 5.304567515850067139e-02 5.343417171388864517e-03 3.988338634371757507e-02
2.000000000000000000e+04 4.935160651803016663e-02 9.447774209547787905e-05 2.685563266277313232e-02 4.935160651803016663e-02 9.447774209547787905e-05 2.685563266277313232e-02
