# step, loss_train, loss_test, metrics_test
0.000000000000000000e+00 5.295619964599609375e-01 4.055427551269531250e+00 5.566131114959716797e+00 5.295619964599609375e-01 4.055427551269531250e+00 5.566131114959716797e+00
1.000000000000000000e+03 1.947172433137893677e-01 1.023566871881484985e-01 2.815863490104675293e-01 1.947172433137893677e-01 1.023566871881484985e-01 2.815863490104675293e-01
2.000000000000000000e+03 7.433301210403442383e-02 3.202281426638364792e-03 6.425481289625167847e-02 7.433301210403442383e-02 3.202281426638364792e-03 6.425481289625167847e-02
3.000000000000000000e+03 2.616518922150135040e-02 7.825069478712975979e-04 2.323204465210437775e-02 2.616518922150135040e-02 7.825069478712975979e-04 2.323204465210437775e-02
4.000000000000000000e+03 1.038384810090065002e-02 3.581502824090421200e-04 1.361692976206541061e-02 1.038384810090065002e-02 3.581502824090421200e-04 1.361692976206541061e-02
5.000000000000000000e+03 5.948352161794900894e-03 4.418269090820103884e-04 1.032069139182567596e-02 5.948352161794900894e-03 4.418269090820103884e-04 1.032069139182567596e-02
6.000000000000000000e+03 3.677246393635869026e-03 5.567157641053199768e-04 7.865204475820064545e-03 3.677246393635869026e-03 5.567157641053199768e-04 7.865204475820064545e-03
7.000000000000000000e+03 2.495313994586467743e-03 5.441138637252151966e-04 1.048818416893482208e-02 2.495313994586467743e-03 5.441138637252151966e-04 1.048818416893482208e-02
8.000000000000000000e+03 2.083059633150696754e-03 4.603198613040149212e-04 4.612204618752002716e-03 2.083059633150696754e-03 4.603198613040149212e-04 4.612204618752002716e-03
9.000000000000000000e+03 1.922618830576539040e-03 4.109180881641805172e-04 3.619833616539835930e-03 1.922618830576539040e-03 4.109180881641805172e-04 3.619833616539835930e-03
1.000000000000000000e+04 1.834342489019036293e-03 3.906220663338899612e-04 3.089125966653227806e-03 1.834342489019036293e-03 3.906220663338899612e-04 3.089125966653227806e-03
1.100000000000000000e+04 1.737280748784542084e-03 3.107863594777882099e-04 2.865342423319816589e-03 1.737280748784542084e-03 3.107863594777882099e-04 2.865342423319816589e-03
1.200000000000000000e+04 1.625928562134504318e-03 2.817672211676836014e-04 2.327841008082032204e-03 1.625928562134504318e-03 2.817672211676836014e-04 2.327841008082032204e-03
1.300000000000000000e+04 1.506464323028922081e-03 2.386234846198931336e-04 1.965771662071347237e-03 1.506464323028922081e-03 2.386234846198931336e-04 1.965771662071347237e-03
1.400000000000000000e+04 1.372143160551786423e-03 2.255847648484632373e-04 1.729101641103625298e-03 1.372143160551786423e-03 2.255847648484632373e-04 1.729101641103625298e-03
1.500000000000000000e+04 1.264454796910285950e-03 1.966495183296501637e-04 1.531680230982601643e-03 1.264454796910285950e-03 1.966495183296501637e-04 1.531680230982601643e-03
1.600000000000000000e+04 1.299380557611584663e-03 1.810408430173993111e-04 5.415480118244886398e-03 1.299380557611584663e-03 1.810408430173993111e-04 5.415480118244886398e-03
1.700000000000000000e+04 1.123782014474272728e-03 1.528263092041015625e-04 1.146713853813707829e-03 1.123782014474272728e-03 1.528263092041015625e-04 1.146713853813707829e-03
1.800000000000000000e+04 1.089132972992956638e-03 1.617635716684162617e-04 2.048228168860077858e-03 1.089132972992956638e-03 1.617635716684162617e-04 2.048228168860077858e-03
1.900000000000000000e+04 1.034704851917922497e-03 1.367628865409642458e-04 1.004763063974678516e-03 1.034704851917922497e-03 1.367628865409642458e-04 1.004763063974678516e-03
2.000000000000000000e+04 9.755743667483329773e-04 1.234288356499746442e-04 7.846942171454429626e-04 9.755743667483329773e-04 1.234288356499746442e-04 7.846942171454429626e-04
