# step, loss_train, loss_test, metrics_test
0.000000000000000000e+00 3.423674218750000000e+04 3.066260147094726562e+01 6.542524414062500000e+03 4.051481018066406250e+02 3.423674218750000000e+04 3.066260147094726562e+01 6.542524414062500000e+03 4.051481018066406250e+02
1.000000000000000000e+03 1.308595214843750000e+03 3.429709625244140625e+01 1.161219970703125000e+03 4.177885437011718750e+02 1.308595214843750000e+03 3.429709625244140625e+01 1.161219970703125000e+03 4.177885437011718750e+02
2.000000000000000000e+03 7.296751708984375000e+02 3.863875961303710938e+01 6.753704223632812500e+02 4.180110778808593750e+02 7.296751708984375000e+02 3.863875961303710938e+01 6.753704223632812500e+02 4.180110778808593750e+02
3.000000000000000000e+03 4.645617370605468750e+02 4.478158569335937500e+01 3.906603698730468750e+02 4.183966979980468750e+02 4.645617370605468750e+02 4.478158569335937500e+01 3.906603698730468750e+02 4.183966979980468750e+02
4.000000000000000000e+03 3.975788574218750000e+02 4.955304336547851562e+01 1.656415863037109375e+02 4.200685119628906250e+02 3.975788574218750000e+02 4.955304336547851562e+01 1.656415863037109375e+02 4.200685119628906250e+02
5.000000000000000000e+03 2.814383544921875000e+02 4.759418487548828125e+01 9.461475372314453125e+01 4.199208984375000000e+02 2.814383544921875000e+02 4.759418487548828125e+01 9.461475372314453125e+01 4.199208984375000000e+02
6.000000000000000000e+03 1.942589874267578125e+02 4.697781372070312500e+01 5.149449157714843750e+01 4.156610107421875000e+02 1.942589874267578125e+02 4.697781372070312500e+01 5.149449157714843750e+01 4.156610107421875000e+02
7.000000000000000000e+03 1.275040740966796875e+02 4.147887420654296875e+01 2.547166061401367188e+01 4.108876342773437500e+02 1.275040740966796875e+02 4.147887420654296875e+01 2.547166061401367188e+01 4.108876342773437500e+02
8.000000000000000000e+03 8.395678710937500000e+01 3.308058547973632812e+01 9.579813003540039062e+00 4.048951721191406250e+02 8.395678710937500000e+01 3.308058547973632812e+01 9.579813003540039062e+00 4.048951721191406250e+02
9.000000000000000000e+03 6.235339736938476562e+01 2.684138298034667969e+01 4.783413410186767578e+00 3.986398620605468750e+02 6.235339736938476562e+01 2.684138298034667969e+01 4.783413410186767578e+00 3.986398620605468750e+02
1.000000000000000000e+04 4.644396591186523438e+01 1.995141029357910156e+01 2.896869659423828125e+00 3.946518859863281250e+02 4.644396591186523438e+01 1.995141029357910156e+01 2.896869659423828125e+00 3.946518859863281250e+02
1.100000000000000000e+04 3.985553359985351562e+01 1.389753055572509766e+01 2.851591587066650391e+00 3.921827087402343750e+02 3.985553359985351562e+01 1.389753055572509766e+01 2.851591587066650391e+00 3.921827087402343750e+02
1.200000000000000000e+04 2.701202392578125000e+01 1.165423297882080078e+01 1.575594186782836914e+00 3.871672668457031250e+02 2.701202392578125000e+01 1.165423297882080078e+01 1.575594186782836914e+00 3.871672668457031250e+02
1.300000000000000000e+04 1.959202957153320312e+01 1.058217716217041016e+01 1.640451788902282715e+00 3.809949340820312500e+02 1.959202957153320312e+01 1.058217716217041016e+01 1.640451788902282715e+00 3.809949340820312500e+02
1.400000000000000000e+04 1.659432411193847656e+01 9.954299926757812500e+00 2.062795162200927734e+00 3.763191833496093750e+02 1.659432411193847656e+01 9.954299926757812500e+00 2.062795162200927734e+00 3.763191833496093750e+02
1.500000000000000000e+04 1.320428943634033203e+01 9.652617454528808594e+00 9.414756298065185547e-01 3.726453857421875000e+02 1.320428943634033203e+01 9.652617454528808594e+00 9.414756298065185547e-01 3.726453857421875000e+02
1.600000000000000000e+04 1.091762542724609375e+01 9.809588432312011719e+00 5.941479802131652832e-01 3.690466308593750000e+02 1.091762542724609375e+01 9.809588432312011719e+00 5.941479802131652832e-01 3.690466308593750000e+02
1.700000000000000000e+04 9.917650222778320312e+00 9.619487762451171875e+00 6.010233163833618164e-01 3.640563659667968750e+02 9.917650222778320312e+00 9.619487762451171875e+00 6.010233163833618164e-01 3.640563659667968750e+02
1.800000000000000000e+04 8.927654266357421875e+00 9.399407386779785156e+00 5.455217957496643066e-01 3.597685546875000000e+02 8.927654266357421875e+00 9.399407386779785156e+00 5.455217957496643066e-01 3.597685546875000000e+02
1.900000000000000000e+04 8.124933242797851562e+00 9.433938026428222656e+00 8.617176413536071777e-01 3.551916809082031250e+02 8.124933242797851562e+00 9.433938026428222656e+00 8.617176413536071777e-01 3.551916809082031250e+02
2.000000000000000000e+04 8.294965744018554688e+00 9.229209899902343750e+00 1.006798148155212402e+00 3.502151184082031250e+02 8.294965744018554688e+00 9.229209899902343750e+00 1.006798148155212402e+00 3.502151184082031250e+02
