# step, loss_train, loss_test, metrics_test
0.000000000000000000e+00 1.041972656250000000e+04 3.412627029418945312e+01 5.225620117187500000e+03 4.812012023925781250e+02 1.041972656250000000e+04 3.412627029418945312e+01 5.225620117187500000e+03 4.812012023925781250e+02
1.000000000000000000e+03 1.254468627929687500e+03 2.775867271423339844e+01 3.734831298828125000e+03 4.546993408203125000e+02 1.254468627929687500e+03 2.775867271423339844e+01 3.734831298828125000e+03 4.546993408203125000e+02
2.000000000000000000e+03 3.881453552246093750e+02 2.209447669982910156e+01 2.539818115234375000e+03 4.411575927734375000e+02 3.881453552246093750e+02 2.209447669982910156e+01 2.539818115234375000e+03 4.411575927734375000e+02
3.000000000000000000e+03 1.643485260009765625e+02 1.892185592651367188e+01 1.800989501953125000e+03 4.343655395507812500e+02 1.643485260009765625e+02 1.892185592651367188e+01 1.800989501953125000e+03 4.343655395507812500e+02
4.000000000000000000e+03 7.167641448974609375e+01 1.798761558532714844e+01 1.399253662109375000e+03 4.318650817871093750e+02 7.167641448974609375e+01 1.798761558532714844e+01 1.399253662109375000e+03 4.318650817871093750e+02
5.000000000000000000e+03 4.092855834960937500e+01 1.844570159912109375e+01 1.227823486328125000e+03 4.320298767089843750e+02 4.092855834960937500e+01 1.844570159912109375e+01 1.227823486328125000e+03 4.320298767089843750e+02
6.000000000000000000e+03 3.142080688476562500e+01 1.941549491882324219e+01 1.158144165039062500e+03 4.335415649414062500e+02 3.142080688476562500e+01 1.941549491882324219e+01 1.158144165039062500e+03 4.335415649414062500e+02
7.000000000000000000e+03 2.714174842834472656e+01 2.017140960693359375e+01 1.100274291992187500e+03 4.351910400390625000e+02 2.714174842834472656e+01 2.017140960693359375e+01 1.100274291992187500e+03 4.351910400390625000e+02
8.000000000000000000e+03 2.583421134948730469e+01 2.079310417175292969e+01 1.043086914062500000e+03 4.368706970214843750e+02 2.583421134948730469e+01 2.079310417175292969e+01 1.043086914062500000e+03 4.368706970214843750e+02
9.000000000000000000e+03 2.692926788330078125e+01 2.136602020263671875e+01 9.827590332031250000e+02 4.387105712890625000e+02 2.692926788330078125e+01 2.136602020263671875e+01 9.827590332031250000e+02 4.387105712890625000e+02
1.000000000000000000e+04 3.128321838378906250e+01 2.180878829956054688e+01 9.134624023437500000e+02 4.401988525390625000e+02 3.128321838378906250e+01 2.180878829956054688e+01 9.134624023437500000e+02 4.401988525390625000e+02
1.100000000000000000e+04 3.840155410766601562e+01 2.203834533691406250e+01 8.256809692382812500e+02 4.397670898437500000e+02 3.840155410766601562e+01 2.203834533691406250e+01 8.256809692382812500e+02 4.397670898437500000e+02
1.200000000000000000e+04 4.809499359130859375e+01 2.351094818115234375e+01 6.881968383789062500e+02 4.354801025390625000e+02 4.809499359130859375e+01 2.351094818115234375e+01 6.881968383789062500e+02 4.354801025390625000e+02
1.300000000000000000e+04 6.881253051757812500e+01 3.097682571411132812e+01 4.706360473632812500e+02 4.263395996093750000e+02 6.881253051757812500e+01 3.097682571411132812e+01 4.706360473632812500e+02 4.263395996093750000e+02
1.400000000000000000e+04 7.833557128906250000e+01 4.956668472290039062e+01 2.279727172851562500e+02 4.135968322753906250e+02 7.833557128906250000e+01 4.956668472290039062e+01 2.279727172851562500e+02 4.135968322753906250e+02
1.500000000000000000e+04 6.313324356079101562e+01 6.686058807373046875e+01 9.973706817626953125e+01 4.066118164062500000e+02 6.313324356079101562e+01 6.686058807373046875e+01 9.973706817626953125e+01 4.066118164062500000e+02
1.600000000000000000e+04 4.405817031860351562e+01 7.012496948242187500e+01 5.701725769042968750e+01 4.057808227539062500e+02 4.405817031860351562e+01 7.012496948242187500e+01 5.701725769042968750e+01 4.057808227539062500e+02
1.700000000000000000e+04 3.103901290893554688e+01 6.789589691162109375e+01 3.657510375976562500e+01 4.054031677246093750e+02 3.103901290893554688e+01 6.789589691162109375e+01 3.657510375976562500e+01 4.054031677246093750e+02
1.800000000000000000e+04 2.142036819458007812e+01 6.467259979248046875e+01 2.566583633422851562e+01 4.043215332031250000e+02 2.142036819458007812e+01 6.467259979248046875e+01 2.566583633422851562e+01 4.043215332031250000e+02
1.900000000000000000e+04 1.538732910156250000e+01 6.130533599853515625e+01 1.923370933532714844e+01 4.030494384765625000e+02 1.538732910156250000e+01 6.130533599853515625e+01 1.923370933532714844e+01 4.030494384765625000e+02
2.000000000000000000e+04 1.107159519195556641e+01 5.798741531372070312e+01 1.459929180145263672e+01 4.016892700195312500e+02 1.107159519195556641e+01 5.798741531372070312e+01 1.459929180145263672e+01 4.016892700195312500e+02
