# step, loss_train, loss_test, metrics_test
0.000000000000000000e+00 0.000000000000000000e+00 2.308116722106933594e+01 6.720309570312500000e+03 3.115297851562500000e+02 0.000000000000000000e+00 2.308116722106933594e+01 6.720309570312500000e+03 3.115297851562500000e+02
1.000000000000000000e+03 0.000000000000000000e+00 2.215750732421875000e+02 3.672480859375000000e+04 4.995069274902343750e+02 0.000000000000000000e+00 2.215750732421875000e+02 3.672480859375000000e+04 4.995069274902343750e+02
2.000000000000000000e+03 0.000000000000000000e+00 2.214792175292968750e+02 3.671135937500000000e+04 4.994167175292968750e+02 0.000000000000000000e+00 2.214792175292968750e+02 3.671135937500000000e+04 4.994167175292968750e+02
3.000000000000000000e+03 0.000000000000000000e+00 2.213070068359375000e+02 3.668718750000000000e+04 4.992546081542968750e+02 0.000000000000000000e+00 2.213070068359375000e+02 3.668718750000000000e+04 4.992546081542968750e+02
4.000000000000000000e+03 0.000000000000000000e+00 2.210158691406250000e+02 3.664633593750000000e+04 4.989805603027343750e+02 0.000000000000000000e+00 2.210158691406250000e+02 3.664633593750000000e+04 4.989805603027343750e+02
5.000000000000000000e+03 0.000000000000000000e+00 2.205317077636718750e+02 3.657837890625000000e+04 4.985249023437500000e+02 0.000000000000000000e+00 2.205317077636718750e+02 3.657837890625000000e+04 4.985249023437500000e+02
6.000000000000000000e+03 0.000000000000000000e+00 2.197325439453125000e+02 3.646619531250000000e+04 4.977727661132812500e+02 0.000000000000000000e+00 2.197325439453125000e+02 3.646619531250000000e+04 4.977727661132812500e+02
7.000000000000000000e+03 0.000000000000000000e+00 2.184193420410156250e+02 3.628178125000000000e+04 4.965366210937500000e+02 0.000000000000000000e+00 2.184193420410156250e+02 3.628178125000000000e+04 4.965366210937500000e+02
8.000000000000000000e+03 0.000000000000000000e+00 2.162692260742187500e+02 3.597967968750000000e+04 4.945127868652343750e+02 0.000000000000000000e+00 2.162692260742187500e+02 3.597967968750000000e+04 4.945127868652343750e+02
9.000000000000000000e+03 0.000000000000000000e+00 2.127678375244140625e+02 3.548726171875000000e+04 4.912168579101562500e+02 0.000000000000000000e+00 2.127678375244140625e+02 3.548726171875000000e+04 4.912168579101562500e+02
1.000000000000000000e+04 0.000000000000000000e+00 2.071136932373046875e+02 3.469089843750000000e+04 4.858940429687500000e+02 0.000000000000000000e+00 2.071136932373046875e+02 3.469089843750000000e+04 4.858940429687500000e+02
1.100000000000000000e+04 0.000000000000000000e+00 1.981080017089843750e+02 3.341926562500000000e+04 4.774149475097656250e+02 0.000000000000000000e+00 1.981080017089843750e+02 3.341926562500000000e+04 4.774149475097656250e+02
1.200000000000000000e+04 0.000000000000000000e+00 1.840856781005859375e+02 3.143077539062500000e+04 4.642092895507812500e+02 0.000000000000000000e+00 1.840856781005859375e+02 3.143077539062500000e+04 4.642092895507812500e+02
1.300000000000000000e+04 0.000000000000000000e+00 1.630544586181640625e+02 2.842641210937500000e+04 4.443946838378906250e+02 0.000000000000000000e+00 1.630544586181640625e+02 2.842641210937500000e+04 4.443946838378906250e+02
1.400000000000000000e+04 0.000000000000000000e+00 1.334104309082031250e+02 2.413669531250000000e+04 4.164449768066406250e+02 0.000000000000000000e+00 1.334104309082031250e+02 2.413669531250000000e+04 4.164449768066406250e+02
1.500000000000000000e+04 0.000000000000000000e+00 9.573490905761718750e+01 1.855400195312500000e+04 3.808738403320312500e+02 0.000000000000000000e+00 9.573490905761718750e+01 1.855400195312500000e+04 3.808738403320312500e+02
1.600000000000000000e+04 0.000000000000000000e+00 5.552358245849609375e+01 1.230946191406250000e+04 3.428014831542968750e+02 0.000000000000000000e+00 5.552358245849609375e+01 1.230946191406250000e+04 3.428014831542968750e+02
1.700000000000000000e+04 0.000000000000000000e+00 2.388525009155273438e+01 6.846544921875000000e+03 3.126403198242187500e+02 0.000000000000000000e+00 2.388525009155273438e+01 6.846544921875000000e+03 3.126403198242187500e+02
1.800000000000000000e+04 0.000000000000000000e+00 1.030413722991943359e+01 3.625672851562500000e+03 2.993654479980468750e+02 0.000000000000000000e+00 1.030413722991943359e+01 3.625672851562500000e+03 2.993654479980468750e+02
1.900000000000000000e+04 0.000000000000000000e+00 1.092488956451416016e+01 2.606658447265625000e+03 2.995356445312500000e+02 0.000000000000000000e+00 1.092488956451416016e+01 2.606658447265625000e+03 2.995356445312500000e+02
2.000000000000000000e+04 0.000000000000000000e+00 1.359467124938964844e+01 2.482197753906250000e+03 3.018616333007812500e+02 0.000000000000000000e+00 1.359467124938964844e+01 2.482197753906250000e+03 3.018616333007812500e+02
