# step, loss_train, loss_test, metrics_test
0.000000000000000000e+00 0.000000000000000000e+00 4.737983322143554688e+01 2.522117919921875000e+02 4.474331970214843750e+02 0.000000000000000000e+00 4.737983322143554688e+01 2.522117919921875000e+02 4.474331970214843750e+02
1.000000000000000000e+03 0.000000000000000000e+00 7.262545824050903320e-01 2.614636719226837158e-01 2.570192098617553711e+00 0.000000000000000000e+00 7.262545824050903320e-01 2.614636719226837158e-01 2.570192098617553711e+00
2.000000000000000000e+03 0.000000000000000000e+00 1.097664833068847656e-01 1.054512500762939453e+00 1.293233335018157959e-01 0.000000000000000000e+00 1.097664833068847656e-01 1.054512500762939453e+00 1.293233335018157959e-01
3.000000000000000000e+03 0.000000000000000000e+00 3.694974118843674660e-03 3.412842005491256714e-02 6.920954585075378418e-02 0.000000000000000000e+00 3.694974118843674660e-03 3.412842005491256714e-02 6.920954585075378418e-02
4.000000000000000000e+03 0.000000000000000000e+00 1.453671866329386830e-04 1.175680104643106461e-02 4.261725395917892456e-02 0.000000000000000000e+00 1.453671866329386830e-04 1.175680104643106461e-02 4.261725395917892456e-02
5.000000000000000000e+03 0.000000000000000000e+00 1.612265966832637787e-02 1.735857129096984863e-02 5.970024317502975464e-02 0.000000000000000000e+00 1.612265966832637787e-02 1.735857129096984863e-02 5.970024317502975464e-02
6.000000000000000000e+03 0.000000000000000000e+00 2.795449225232005119e-03 1.288327388465404510e-02 2.911051735281944275e-02 0.000000000000000000e+00 2.795449225232005119e-03 1.288327388465404510e-02 2.911051735281944275e-02
7.000000000000000000e+03 0.000000000000000000e+00 3.519168589264154434e-03 2.893717028200626373e-03 3.780010715126991272e-02 0.000000000000000000e+00 3.519168589264154434e-03 2.893717028200626373e-03 3.780010715126991272e-02
8.000000000000000000e+03 0.000000000000000000e+00 1.423267722129821777e-01 7.614419609308242798e-02 1.182342886924743652e+00 0.000000000000000000e+00 1.423267722129821777e-01 7.614419609308242798e-02 1.182342886924743652e+00
9.000000000000000000e+03 0.000000000000000000e+00 2.859948668628931046e-03 6.400296464562416077e-03 3.594092652201652527e-02 0.000000000000000000e+00 2.859948668628931046e-03 6.400296464562416077e-03 3.594092652201652527e-02
1.000000000000000000e+04 0.000000000000000000e+00 4.950348520651459694e-04 1.485930173657834530e-03 1.117485463619232178e-01 0.000000000000000000e+00 4.950348520651459694e-04 1.485930173657834530e-03 1.117485463619232178e-01
1.100000000000000000e+04 0.000000000000000000e+00 4.431711975485086441e-03 2.566401846706867218e-02 6.114991754293441772e-02 0.000000000000000000e+00 4.431711975485086441e-03 2.566401846706867218e-02 6.114991754293441772e-02
1.200000000000000000e+04 0.000000000000000000e+00 1.033635344356298447e-02 2.730688452720642090e-02 4.383195191621780396e-02 0.000000000000000000e+00 1.033635344356298447e-02 2.730688452720642090e-02 4.383195191621780396e-02
1.300000000000000000e+04 0.000000000000000000e+00 4.701819736510515213e-03 1.071915589272975922e-02 2.594347670674324036e-02 0.000000000000000000e+00 4.701819736510515213e-03 1.071915589272975922e-02 2.594347670674324036e-02
1.400000000000000000e+04 0.000000000000000000e+00 1.660694368183612823e-02 1.856174692511558533e-02 1.155737414956092834e-01 0.000000000000000000e+00 1.660694368183612823e-02 1.856174692511558533e-02 1.155737414956092834e-01
1.500000000000000000e+04 0.000000000000000000e+00 8.349687792360782623e-03 9.292243979871273041e-03 2.648783661425113678e-02 0.000000000000000000e+00 8.349687792360782623e-03 9.292243979871273041e-03 2.648783661425113678e-02
1.600000000000000000e+04 0.000000000000000000e+00 2.748158294707536697e-03 9.539600461721420288e-03 1.608827151358127594e-02 0.000000000000000000e+00 2.748158294707536697e-03 9.539600461721420288e-03 1.608827151358127594e-02
1.700000000000000000e+04 0.000000000000000000e+00 2.361849416047334671e-03 2.693393453955650330e-02 3.641341999173164368e-02 0.000000000000000000e+00 2.361849416047334671e-03 2.693393453955650330e-02 3.641341999173164368e-02
1.800000000000000000e+04 0.000000000000000000e+00 9.314661729149520397e-04 1.355428099632263184e-01 6.851038336753845215e-02 0.000000000000000000e+00 9.314661729149520397e-04 1.355428099632263184e-01 6.851038336753845215e-02
1.900000000000000000e+04 0.000000000000000000e+00 1.210421251016668975e-04 2.618541242554783821e-03 1.345833763480186462e-02 0.000000000000000000e+00 1.210421251016668975e-04 2.618541242554783821e-03 1.345833763480186462e-02
2.000000000000000000e+04 0.000000000000000000e+00 8.722479105927050114e-04 1.842398662120103836e-03 2.012031525373458862e-02 0.000000000000000000e+00 8.722479105927050114e-04 1.842398662120103836e-03 2.012031525373458862e-02
