# step, loss_train, loss_test, metrics_test
0.000000000000000000e+00 0.000000000000000000e+00 0.000000000000000000e+00 8.760935937500000000e+04 0.000000000000000000e+00 0.000000000000000000e+00 0.000000000000000000e+00 8.760935937500000000e+04 0.000000000000000000e+00
1.000000000000000000e+03 0.000000000000000000e+00 0.000000000000000000e+00 2.735613822937011719e+01 0.000000000000000000e+00 0.000000000000000000e+00 0.000000000000000000e+00 2.735613822937011719e+01 0.000000000000000000e+00
2.000000000000000000e+03 0.000000000000000000e+00 0.000000000000000000e+00 1.964282836914062500e+02 0.000000000000000000e+00 0.000000000000000000e+00 0.000000000000000000e+00 1.964282836914062500e+02 0.000000000000000000e+00
3.000000000000000000e+03 0.000000000000000000e+00 0.000000000000000000e+00 4.104296684265136719e+00 0.000000000000000000e+00 0.000000000000000000e+00 0.000000000000000000e+00 4.104296684265136719e+00 0.000000000000000000e+00
4.000000000000000000e+03 0.000000000000000000e+00 0.000000000000000000e+00 8.299266815185546875e+01 0.000000000000000000e+00 0.000000000000000000e+00 0.000000000000000000e+00 8.299266815185546875e+01 0.000000000000000000e+00
5.000000000000000000e+03 0.000000000000000000e+00 0.000000000000000000e+00 3.604699707031250000e+01 0.000000000000000000e+00 0.000000000000000000e+00 0.000000000000000000e+00 3.604699707031250000e+01 0.000000000000000000e+00
6.000000000000000000e+03 0.000000000000000000e+00 0.000000000000000000e+00 6.612134933471679688e+00 0.000000000000000000e+00 0.000000000000000000e+00 0.000000000000000000e+00 6.612134933471679688e+00 0.000000000000000000e+00
7.000000000000000000e+03 0.000000000000000000e+00 0.000000000000000000e+00 9.244751250000000000e+05 0.000000000000000000e+00 0.000000000000000000e+00 0.000000000000000000e+00 9.244751250000000000e+05 0.000000000000000000e+00
8.000000000000000000e+03 0.000000000000000000e+00 0.000000000000000000e+00 2.363179473876953125e+02 0.000000000000000000e+00 0.000000000000000000e+00 0.000000000000000000e+00 2.363179473876953125e+02 0.000000000000000000e+00
9.000000000000000000e+03 0.000000000000000000e+00 0.000000000000000000e+00 1.114139785766601562e+02 0.000000000000000000e+00 0.000000000000000000e+00 0.000000000000000000e+00 1.114139785766601562e+02 0.000000000000000000e+00
1.000000000000000000e+04 0.000000000000000000e+00 0.000000000000000000e+00 6.233036041259765625e+00 0.000000000000000000e+00 0.000000000000000000e+00 0.000000000000000000e+00 6.233036041259765625e+00 0.000000000000000000e+00
1.100000000000000000e+04 0.000000000000000000e+00 0.000000000000000000e+00 5.127653503417968750e+01 0.000000000000000000e+00 0.000000000000000000e+00 0.000000000000000000e+00 5.127653503417968750e+01 0.000000000000000000e+00
1.200000000000000000e+04 0.000000000000000000e+00 0.000000000000000000e+00 1.875357187500000000e+05 0.000000000000000000e+00 0.000000000000000000e+00 0.000000000000000000e+00 1.875357187500000000e+05 0.000000000000000000e+00
1.300000000000000000e+04 0.000000000000000000e+00 0.000000000000000000e+00 1.111925000000000000e+06 0.000000000000000000e+00 0.000000000000000000e+00 0.000000000000000000e+00 1.111925000000000000e+06 0.000000000000000000e+00
1.400000000000000000e+04 0.000000000000000000e+00 0.000000000000000000e+00 1.031574121093750000e+04 0.000000000000000000e+00 0.000000000000000000e+00 0.000000000000000000e+00 1.031574121093750000e+04 0.000000000000000000e+00
1.500000000000000000e+04 0.000000000000000000e+00 0.000000000000000000e+00 2.345970898437500000e+04 0.000000000000000000e+00 0.000000000000000000e+00 0.000000000000000000e+00 2.345970898437500000e+04 0.000000000000000000e+00
1.600000000000000000e+04 0.000000000000000000e+00 0.000000000000000000e+00 2.766146289062500000e+04 0.000000000000000000e+00 0.000000000000000000e+00 0.000000000000000000e+00 2.766146289062500000e+04 0.000000000000000000e+00
1.700000000000000000e+04 0.000000000000000000e+00 0.000000000000000000e+00 1.424482617187500000e+04 0.000000000000000000e+00 0.000000000000000000e+00 0.000000000000000000e+00 1.424482617187500000e+04 0.000000000000000000e+00
1.800000000000000000e+04 0.000000000000000000e+00 0.000000000000000000e+00 5.872048339843750000e+02 0.000000000000000000e+00 0.000000000000000000e+00 0.000000000000000000e+00 5.872048339843750000e+02 0.000000000000000000e+00
1.900000000000000000e+04 0.000000000000000000e+00 0.000000000000000000e+00 1.579570770263671875e+02 0.000000000000000000e+00 0.000000000000000000e+00 0.000000000000000000e+00 1.579570770263671875e+02 0.000000000000000000e+00
2.000000000000000000e+04 0.000000000000000000e+00 0.000000000000000000e+00 7.472299375000000000e+05 0.000000000000000000e+00 0.000000000000000000e+00 0.000000000000000000e+00 7.472299375000000000e+05 0.000000000000000000e+00
