# step, loss_train, loss_test, metrics_test
0.000000000000000000e+00 3.160193603515625000e+03 5.030231094360351562e+01 1.344260839843750000e+04 4.544371337890625000e+02 3.160193603515625000e+03 5.030231094360351562e+01 1.344260839843750000e+04 4.544371337890625000e+02
1.000000000000000000e+03 2.125407409667968750e+01 4.170387268066406250e+01 1.102897548675537109e+01 3.830023498535156250e+02 2.125407409667968750e+01 4.170387268066406250e+01 1.102897548675537109e+01 3.830023498535156250e+02
2.000000000000000000e+03 9.908916473388671875e+00 4.535895538330078125e+01 4.780812263488769531e+00 3.596430053710937500e+02 9.908916473388671875e+00 4.535895538330078125e+01 4.780812263488769531e+00 3.596430053710937500e+02
3.000000000000000000e+03 6.690270900726318359e+00 4.088676834106445312e+01 3.428437232971191406e+00 3.526501159667968750e+02 6.690270900726318359e+00 4.088676834106445312e+01 3.428437232971191406e+00 3.526501159667968750e+02
4.000000000000000000e+03 5.195565700531005859e+00 3.174575424194335938e+01 2.802620887756347656e+00 3.467814636230468750e+02 5.195565700531005859e+00 3.174575424194335938e+01 2.802620887756347656e+00 3.467814636230468750e+02
5.000000000000000000e+03 4.096171379089355469e+00 2.255996513366699219e+01 1.610655069351196289e+00 3.403879089355468750e+02 4.096171379089355469e+00 2.255996513366699219e+01 1.610655069351196289e+00 3.403879089355468750e+02
6.000000000000000000e+03 1.091096782684326172e+01 2.075418663024902344e+01 1.532130360603332520e+00 2.757064514160156250e+02 1.091096782684326172e+01 2.075418663024902344e+01 1.532130360603332520e+00 2.757064514160156250e+02
7.000000000000000000e+03 2.054914665222167969e+01 8.736292839050292969e+00 1.515557408332824707e+00 2.410310363769531250e+01 2.054914665222167969e+01 8.736292839050292969e+00 1.515557408332824707e+00 2.410310363769531250e+01
8.000000000000000000e+03 8.027217864990234375e+00 2.817056417465209961e+00 8.034493327140808105e-01 6.531765937805175781e+00 8.027217864990234375e+00 2.817056417465209961e+00 8.034493327140808105e-01 6.531765937805175781e+00
9.000000000000000000e+03 4.440222740173339844e+00 1.787034273147583008e+00 7.054405808448791504e-01 5.129014015197753906e+00 4.440222740173339844e+00 1.787034273147583008e+00 7.054405808448791504e-01 5.129014015197753906e+00
1.000000000000000000e+04 3.104705572128295898e+00 1.503739237785339355e+00 3.997788131237030029e-01 4.733736038208007812e+00 3.104705572128295898e+00 1.503739237785339355e+00 3.997788131237030029e-01 4.733736038208007812e+00
1.100000000000000000e+04 2.463255405426025391e+00 1.389966249465942383e+00 3.577047884464263916e-01 4.473698139190673828e+00 2.463255405426025391e+00 1.389966249465942383e+00 3.577047884464263916e-01 4.473698139190673828e+00
1.200000000000000000e+04 2.186451911926269531e+00 1.313700199127197266e+00 1.630546331405639648e+00 4.307099819183349609e+00 2.186451911926269531e+00 1.313700199127197266e+00 1.630546331405639648e+00 4.307099819183349609e+00
1.300000000000000000e+04 1.775741934776306152e+00 1.249938368797302246e+00 2.334045171737670898e-01 4.097092151641845703e+00 1.775741934776306152e+00 1.249938368797302246e+00 2.334045171737670898e-01 4.097092151641845703e+00
1.400000000000000000e+04 1.570195078849792480e+00 1.190713286399841309e+00 1.884694397449493408e-01 3.946908950805664062e+00 1.570195078849792480e+00 1.190713286399841309e+00 1.884694397449493408e-01 3.946908950805664062e+00
1.500000000000000000e+04 1.413946032524108887e+00 1.132807850837707520e+00 1.633472144603729248e-01 3.822825908660888672e+00 1.413946032524108887e+00 1.132807850837707520e+00 1.633472144603729248e-01 3.822825908660888672e+00
1.600000000000000000e+04 1.291972279548645020e+00 1.074409842491149902e+00 1.415994167327880859e-01 3.715070962905883789e+00 1.291972279548645020e+00 1.074409842491149902e+00 1.415994167327880859e-01 3.715070962905883789e+00
1.700000000000000000e+04 1.194077610969543457e+00 1.015949487686157227e+00 1.262345165014266968e-01 3.616595983505249023e+00 1.194077610969543457e+00 1.015949487686157227e+00 1.262345165014266968e-01 3.616595983505249023e+00
1.800000000000000000e+04 1.114260911941528320e+00 9.578477144241333008e-01 1.197612062096595764e-01 3.525208711624145508e+00 1.114260911941528320e+00 9.578477144241333008e-01 1.197612062096595764e-01 3.525208711624145508e+00
1.900000000000000000e+04 1.052221179008483887e+00 8.986790776252746582e-01 1.055047512054443359e-01 3.439005613327026367e+00 1.052221179008483887e+00 8.986790776252746582e-01 1.055047512054443359e-01 3.439005613327026367e+00
2.000000000000000000e+04 1.003570199012756348e+00 8.414623141288757324e-01 9.765712916851043701e-02 3.351358652114868164e+00 1.003570199012756348e+00 8.414623141288757324e-01 9.765712916851043701e-02 3.351358652114868164e+00
