# step, loss_train, loss_test, metrics_test
0.000000000000000000e+00 0.000000000000000000e+00 0.000000000000000000e+00 6.741880035400390625e+01 2.753475646972656250e+02 0.000000000000000000e+00 0.000000000000000000e+00 6.741880035400390625e+01 2.753475646972656250e+02
1.000000000000000000e+03 0.000000000000000000e+00 0.000000000000000000e+00 1.136583685874938965e+00 7.483863067626953125e+01 0.000000000000000000e+00 0.000000000000000000e+00 1.136583685874938965e+00 7.483863067626953125e+01
2.000000000000000000e+03 0.000000000000000000e+00 0.000000000000000000e+00 4.127765297889709473e-01 5.165202331542968750e+01 0.000000000000000000e+00 0.000000000000000000e+00 4.127765297889709473e-01 5.165202331542968750e+01
3.000000000000000000e+03 0.000000000000000000e+00 0.000000000000000000e+00 5.704941749572753906e+00 3.386535263061523438e+01 0.000000000000000000e+00 0.000000000000000000e+00 5.704941749572753906e+00 3.386535263061523438e+01
4.000000000000000000e+03 0.000000000000000000e+00 0.000000000000000000e+00 1.810865104198455811e-01 2.096635627746582031e+01 0.000000000000000000e+00 0.000000000000000000e+00 1.810865104198455811e-01 2.096635627746582031e+01
5.000000000000000000e+03 0.000000000000000000e+00 0.000000000000000000e+00 3.078500938415527344e+01 1.738781547546386719e+01 0.000000000000000000e+00 0.000000000000000000e+00 3.078500938415527344e+01 1.738781547546386719e+01
6.000000000000000000e+03 0.000000000000000000e+00 0.000000000000000000e+00 1.563523262739181519e-01 8.633622169494628906e+00 0.000000000000000000e+00 0.000000000000000000e+00 1.563523262739181519e-01 8.633622169494628906e+00
7.000000000000000000e+03 0.000000000000000000e+00 0.000000000000000000e+00 7.619873434305191040e-02 5.946029186248779297e+00 0.000000000000000000e+00 0.000000000000000000e+00 7.619873434305191040e-02 5.946029186248779297e+00
8.000000000000000000e+03 0.000000000000000000e+00 0.000000000000000000e+00 2.050353765487670898e+00 4.752677917480468750e+00 0.000000000000000000e+00 0.000000000000000000e+00 2.050353765487670898e+00 4.752677917480468750e+00
9.000000000000000000e+03 0.000000000000000000e+00 0.000000000000000000e+00 5.766028761863708496e-01 3.552796840667724609e+00 0.000000000000000000e+00 0.000000000000000000e+00 5.766028761863708496e-01 3.552796840667724609e+00
1.000000000000000000e+04 0.000000000000000000e+00 0.000000000000000000e+00 1.951019316911697388e-01 2.777643203735351562e+00 0.000000000000000000e+00 0.000000000000000000e+00 1.951019316911697388e-01 2.777643203735351562e+00
1.100000000000000000e+04 0.000000000000000000e+00 0.000000000000000000e+00 3.935303539037704468e-02 2.301575899124145508e+00 0.000000000000000000e+00 0.000000000000000000e+00 3.935303539037704468e-02 2.301575899124145508e+00
1.200000000000000000e+04 0.000000000000000000e+00 0.000000000000000000e+00 5.084661245346069336e-01 2.016233682632446289e+00 0.000000000000000000e+00 0.000000000000000000e+00 5.084661245346069336e-01 2.016233682632446289e+00
1.300000000000000000e+04 0.000000000000000000e+00 0.000000000000000000e+00 2.851320981979370117e+00 2.206883668899536133e+00 0.000000000000000000e+00 0.000000000000000000e+00 2.851320981979370117e+00 2.206883668899536133e+00
1.400000000000000000e+04 0.000000000000000000e+00 0.000000000000000000e+00 7.381255272775888443e-03 1.493499875068664551e+00 0.000000000000000000e+00 0.000000000000000000e+00 7.381255272775888443e-03 1.493499875068664551e+00
1.500000000000000000e+04 0.000000000000000000e+00 0.000000000000000000e+00 2.689310014247894287e-01 1.419953703880310059e+00 0.000000000000000000e+00 0.000000000000000000e+00 2.689310014247894287e-01 1.419953703880310059e+00
1.600000000000000000e+04 0.000000000000000000e+00 0.000000000000000000e+00 3.588440120220184326e-01 1.215018272399902344e+00 0.000000000000000000e+00 0.000000000000000000e+00 3.588440120220184326e-01 1.215018272399902344e+00
1.700000000000000000e+04 0.000000000000000000e+00 0.000000000000000000e+00 1.345405292510986328e+01 2.447106599807739258e+00 0.000000000000000000e+00 0.000000000000000000e+00 1.345405292510986328e+01 2.447106599807739258e+00
1.800000000000000000e+04 0.000000000000000000e+00 0.000000000000000000e+00 4.787780940532684326e-01 1.010803699493408203e+00 0.000000000000000000e+00 0.000000000000000000e+00 4.787780940532684326e-01 1.010803699493408203e+00
1.900000000000000000e+04 0.000000000000000000e+00 0.000000000000000000e+00 2.335954224690794945e-03 8.799910545349121094e-01 0.000000000000000000e+00 0.000000000000000000e+00 2.335954224690794945e-03 8.799910545349121094e-01
2.000000000000000000e+04 0.000000000000000000e+00 0.000000000000000000e+00 4.571607336401939392e-02 8.104733228683471680e-01 0.000000000000000000e+00 0.000000000000000000e+00 4.571607336401939392e-02 8.104733228683471680e-01
