# step, loss_train, loss_test, metrics_test
0.000000000000000000e+00 0.000000000000000000e+00 9.937231445312500000e+01 1.467746582031250000e+04 4.367580566406250000e+02 0.000000000000000000e+00 9.937231445312500000e+01 1.467746582031250000e+04 4.367580566406250000e+02
1.000000000000000000e+03 0.000000000000000000e+00 1.875223731994628906e+01 3.194910287857055664e-01 2.098412933349609375e+02 0.000000000000000000e+00 1.875223731994628906e+01 3.194910287857055664e-01 2.098412933349609375e+02
2.000000000000000000e+03 0.000000000000000000e+00 2.523086166381835938e+01 2.925786375999450684e-01 1.082043914794921875e+02 0.000000000000000000e+00 2.523086166381835938e+01 2.925786375999450684e-01 1.082043914794921875e+02
3.000000000000000000e+03 0.000000000000000000e+00 1.743709182739257812e+01 6.618344187736511230e-01 8.516310882568359375e+01 0.000000000000000000e+00 1.743709182739257812e+01 6.618344187736511230e-01 8.516310882568359375e+01
4.000000000000000000e+03 0.000000000000000000e+00 6.427330017089843750e+00 2.841596069335937500e+02 5.012614440917968750e+01 0.000000000000000000e+00 6.427330017089843750e+00 2.841596069335937500e+02 5.012614440917968750e+01
5.000000000000000000e+03 0.000000000000000000e+00 2.677365779876708984e+00 2.555523071289062500e+02 3.191389465332031250e+01 0.000000000000000000e+00 2.677365779876708984e+00 2.555523071289062500e+02 3.191389465332031250e+01
6.000000000000000000e+03 0.000000000000000000e+00 2.002057880163192749e-01 8.628094941377639771e-02 1.284979629516601562e+01 0.000000000000000000e+00 2.002057880163192749e-01 8.628094941377639771e-02 1.284979629516601562e+01
7.000000000000000000e+03 0.000000000000000000e+00 1.047254276275634766e+01 8.332586669921875000e+02 2.156978225708007812e+01 0.000000000000000000e+00 1.047254276275634766e+01 8.332586669921875000e+02 2.156978225708007812e+01
8.000000000000000000e+03 0.000000000000000000e+00 1.056862487792968750e+02 7.608914550781250000e+03 8.344429016113281250e+01 0.000000000000000000e+00 1.056862487792968750e+02 7.608914550781250000e+03 8.344429016113281250e+01
9.000000000000000000e+03 0.000000000000000000e+00 1.298457527160644531e+01 1.169875122070312500e+03 1.987027740478515625e+01 0.000000000000000000e+00 1.298457527160644531e+01 1.169875122070312500e+03 1.987027740478515625e+01
1.000000000000000000e+04 0.000000000000000000e+00 2.852886352539062500e+02 3.027398437500000000e+04 2.446713104248046875e+02 0.000000000000000000e+00 2.852886352539062500e+02 3.027398437500000000e+04 2.446713104248046875e+02
1.100000000000000000e+04 0.000000000000000000e+00 7.096562862396240234e+00 6.148360595703125000e+02 9.151670455932617188e+00 0.000000000000000000e+00 7.096562862396240234e+00 6.148360595703125000e+02 9.151670455932617188e+00
1.200000000000000000e+04 0.000000000000000000e+00 5.919480323791503906e-01 1.020341262817382812e+02 5.793776035308837891e+00 0.000000000000000000e+00 5.919480323791503906e-01 1.020341262817382812e+02 5.793776035308837891e+00
1.300000000000000000e+04 0.000000000000000000e+00 9.964218139648437500e+01 1.130872363281250000e+04 9.723353576660156250e+01 0.000000000000000000e+00 9.964218139648437500e+01 1.130872363281250000e+04 9.723353576660156250e+01
1.400000000000000000e+04 0.000000000000000000e+00 9.056326293945312500e+01 7.870820312500000000e+03 1.102466812133789062e+02 0.000000000000000000e+00 9.056326293945312500e+01 7.870820312500000000e+03 1.102466812133789062e+02
1.500000000000000000e+04 0.000000000000000000e+00 1.082296676635742188e+02 1.276461523437500000e+04 1.428844146728515625e+02 0.000000000000000000e+00 1.082296676635742188e+02 1.276461523437500000e+04 1.428844146728515625e+02
1.600000000000000000e+04 0.000000000000000000e+00 7.341516017913818359e-01 9.946284484863281250e+01 5.376970291137695312e+00 0.000000000000000000e+00 7.341516017913818359e-01 9.946284484863281250e+01 5.376970291137695312e+00
1.700000000000000000e+04 0.000000000000000000e+00 2.674896240234375000e+00 6.335592041015625000e+02 9.811259269714355469e+00 0.000000000000000000e+00 2.674896240234375000e+00 6.335592041015625000e+02 9.811259269714355469e+00
1.800000000000000000e+04 0.000000000000000000e+00 3.825027084350585938e+01 3.043340576171875000e+03 3.057951736450195312e+01 0.000000000000000000e+00 3.825027084350585938e+01 3.043340576171875000e+03 3.057951736450195312e+01
1.900000000000000000e+04 0.000000000000000000e+00 2.623961925506591797e+00 3.908636779785156250e+02 7.031558513641357422e+00 0.000000000000000000e+00 2.623961925506591797e+00 3.908636779785156250e+02 7.031558513641357422e+00
2.000000000000000000e+04 0.000000000000000000e+00 6.269403457641601562e+00 5.041450500488281250e+02 1.510141658782958984e+01 0.000000000000000000e+00 6.269403457641601562e+00 5.041450500488281250e+02 1.510141658782958984e+01
