# step, loss_train, loss_test, metrics_test
0.000000000000000000e+00 1.147790771938161924e-05 1.792140197753906250e+01 4.650628967285156250e+02 2.844648132324218750e+02 1.147790771938161924e-05 1.792140197753906250e+01 4.650628967285156250e+02 2.844648132324218750e+02
1.000000000000000000e+03 3.457595407962799072e-01 3.254320526123046875e+01 1.079813289642333984e+01 2.549595031738281250e+02 3.457595407962799072e-01 3.254320526123046875e+01 1.079813289642333984e+01 2.549595031738281250e+02
2.000000000000000000e+03 2.297233819961547852e+00 5.241878986358642578e+00 1.192168712615966797e+00 2.605345458984375000e+02 2.297233819961547852e+00 5.241878986358642578e+00 1.192168712615966797e+00 2.605345458984375000e+02
3.000000000000000000e+03 1.750137805938720703e+00 7.508812427520751953e+00 2.016538381576538086e+00 2.456572875976562500e+02 1.750137805938720703e+00 7.508812427520751953e+00 2.016538381576538086e+00 2.456572875976562500e+02
4.000000000000000000e+03 1.838312745094299316e+00 3.861587762832641602e+00 2.697647571563720703e+00 2.269083557128906250e+02 1.838312745094299316e+00 3.861587762832641602e+00 2.697647571563720703e+00 2.269083557128906250e+02
5.000000000000000000e+03 4.481249809265136719e+00 7.190811634063720703e+00 3.385243177413940430e+00 1.800614471435546875e+02 4.481249809265136719e+00 7.190811634063720703e+00 3.385243177413940430e+00 1.800614471435546875e+02
6.000000000000000000e+03 3.834590454101562500e+02 9.876063346862792969e+00 7.525717926025390625e+01 1.221714019775390625e+02 3.834590454101562500e+02 9.876063346862792969e+00 7.525717926025390625e+01 1.221714019775390625e+02
7.000000000000000000e+03 2.543971443176269531e+01 9.146879196166992188e+00 4.495486068725585938e+01 8.019311523437500000e+01 2.543971443176269531e+01 9.146879196166992188e+00 4.495486068725585938e+01 8.019311523437500000e+01
8.000000000000000000e+03 4.112704753875732422e+00 4.130676746368408203e+00 4.429367065429687500e+00 1.760250473022460938e+01 4.112704753875732422e+00 4.130676746368408203e+00 4.429367065429687500e+00 1.760250473022460938e+01
9.000000000000000000e+03 6.108642101287841797e+00 3.561460018157958984e+00 4.691272735595703125e+00 1.599727344512939453e+01 6.108642101287841797e+00 3.561460018157958984e+00 4.691272735595703125e+00 1.599727344512939453e+01
1.000000000000000000e+04 3.085522651672363281e+00 3.146909713745117188e+00 2.138160943984985352e+00 9.079526901245117188e+00 3.085522651672363281e+00 3.146909713745117188e+00 2.138160943984985352e+00 9.079526901245117188e+00
1.100000000000000000e+04 3.245097351074218750e+01 3.487122297286987305e+00 4.813703060150146484e+00 1.932127380371093750e+01 3.245097351074218750e+01 3.487122297286987305e+00 4.813703060150146484e+00 1.932127380371093750e+01
1.200000000000000000e+04 6.106731891632080078e+00 2.779523134231567383e+00 1.685752630233764648e+00 1.008398342132568359e+01 6.106731891632080078e+00 2.779523134231567383e+00 1.685752630233764648e+00 1.008398342132568359e+01
1.300000000000000000e+04 3.012197971343994141e+00 2.581362962722778320e+00 5.737636566162109375e+00 1.324530315399169922e+01 3.012197971343994141e+00 2.581362962722778320e+00 5.737636566162109375e+00 1.324530315399169922e+01
1.400000000000000000e+04 2.463289976119995117e+00 2.045590639114379883e+00 6.777724623680114746e-01 7.788803100585937500e+00 2.463289976119995117e+00 2.045590639114379883e+00 6.777724623680114746e-01 7.788803100585937500e+00
1.500000000000000000e+04 1.027447605133056641e+01 2.129264116287231445e+00 1.969566464424133301e+00 1.005710411071777344e+01 1.027447605133056641e+01 2.129264116287231445e+00 1.969566464424133301e+00 1.005710411071777344e+01
1.600000000000000000e+04 2.306732177734375000e+00 1.539292693138122559e+00 1.494175195693969727e+00 5.083514213562011719e+00 2.306732177734375000e+00 1.539292693138122559e+00 1.494175195693969727e+00 5.083514213562011719e+00
1.700000000000000000e+04 3.264164209365844727e+00 1.362767219543457031e+00 5.151149630546569824e-01 4.777614116668701172e+00 3.264164209365844727e+00 1.362767219543457031e+00 5.151149630546569824e-01 4.777614116668701172e+00
1.800000000000000000e+04 1.132393264770507812e+01 1.930825233459472656e+00 2.553966522216796875e+00 1.269530868530273438e+01 1.132393264770507812e+01 1.930825233459472656e+00 2.553966522216796875e+00 1.269530868530273438e+01
1.900000000000000000e+04 1.343692493438720703e+01 1.606755375862121582e+00 4.685187339782714844e+00 9.742025375366210938e+00 1.343692493438720703e+01 1.606755375862121582e+00 4.685187339782714844e+00 9.742025375366210938e+00
2.000000000000000000e+04 5.324599742889404297e+00 1.577048897743225098e+00 7.394884824752807617e-01 1.078123950958251953e+01 5.324599742889404297e+00 1.577048897743225098e+00 7.394884824752807617e-01 1.078123950958251953e+01
