# step, loss_train, loss_test, metrics_test
0.000000000000000000e+00 0.000000000000000000e+00 1.111356430053710938e+02 0.000000000000000000e+00 4.674176635742187500e+02 0.000000000000000000e+00 1.111356430053710938e+02 0.000000000000000000e+00 4.674176635742187500e+02
1.000000000000000000e+03 0.000000000000000000e+00 6.957384347915649414e-01 0.000000000000000000e+00 2.219868183135986328e+00 0.000000000000000000e+00 6.957384347915649414e-01 0.000000000000000000e+00 2.219868183135986328e+00
2.000000000000000000e+03 0.000000000000000000e+00 9.809040464460849762e-03 0.000000000000000000e+00 8.437003493309020996e-01 0.000000000000000000e+00 9.809040464460849762e-03 0.000000000000000000e+00 8.437003493309020996e-01
3.000000000000000000e+03 0.000000000000000000e+00 1.737981587648391724e-01 0.000000000000000000e+00 1.550477743148803711e+00 0.000000000000000000e+00 1.737981587648391724e-01 0.000000000000000000e+00 1.550477743148803711e+00
4.000000000000000000e+03 0.000000000000000000e+00 2.036418952047824860e-02 0.000000000000000000e+00 3.618300557136535645e-01 0.000000000000000000e+00 2.036418952047824860e-02 0.000000000000000000e+00 3.618300557136535645e-01
5.000000000000000000e+03 0.000000000000000000e+00 7.788652926683425903e-02 0.000000000000000000e+00 1.684515327215194702e-01 0.000000000000000000e+00 7.788652926683425903e-02 0.000000000000000000e+00 1.684515327215194702e-01
6.000000000000000000e+03 0.000000000000000000e+00 6.173059344291687012e-02 0.000000000000000000e+00 2.383458316326141357e-01 0.000000000000000000e+00 6.173059344291687012e-02 0.000000000000000000e+00 2.383458316326141357e-01
7.000000000000000000e+03 0.000000000000000000e+00 1.475395858287811279e-01 0.000000000000000000e+00 4.057102501392364502e-01 0.000000000000000000e+00 1.475395858287811279e-01 0.000000000000000000e+00 4.057102501392364502e-01
8.000000000000000000e+03 0.000000000000000000e+00 4.970996524207293987e-04 0.000000000000000000e+00 3.794100135564804077e-02 0.000000000000000000e+00 4.970996524207293987e-04 0.000000000000000000e+00 3.794100135564804077e-02
9.000000000000000000e+03 0.000000000000000000e+00 1.352707669138908386e-02 0.000000000000000000e+00 9.192843735218048096e-02 0.000000000000000000e+00 1.352707669138908386e-02 0.000000000000000000e+00 9.192843735218048096e-02
1.000000000000000000e+04 0.000000000000000000e+00 1.590445265173912048e-02 0.000000000000000000e+00 1.377603262662887573e-01 0.000000000000000000e+00 1.590445265173912048e-02 0.000000000000000000e+00 1.377603262662887573e-01
1.100000000000000000e+04 0.000000000000000000e+00 6.659329403191804886e-03 0.000000000000000000e+00 1.112552657723426819e-01 0.000000000000000000e+00 6.659329403191804886e-03 0.000000000000000000e+00 1.112552657723426819e-01
1.200000000000000000e+04 0.000000000000000000e+00 5.801040679216384888e-03 0.000000000000000000e+00 3.436356186866760254e-01 0.000000000000000000e+00 5.801040679216384888e-03 0.000000000000000000e+00 3.436356186866760254e-01
1.300000000000000000e+04 0.000000000000000000e+00 1.912735775113105774e-02 0.000000000000000000e+00 1.169712394475936890e-01 0.000000000000000000e+00 1.912735775113105774e-02 0.000000000000000000e+00 1.169712394475936890e-01
1.400000000000000000e+04 0.000000000000000000e+00 8.756429702043533325e-02 0.000000000000000000e+00 1.751654446125030518e-01 0.000000000000000000e+00 8.756429702043533325e-02 0.000000000000000000e+00 1.751654446125030518e-01
1.500000000000000000e+04 0.000000000000000000e+00 3.070645220577716827e-02 0.000000000000000000e+00 7.981222122907638550e-02 0.000000000000000000e+00 3.070645220577716827e-02 0.000000000000000000e+00 7.981222122907638550e-02
1.600000000000000000e+04 0.000000000000000000e+00 2.291554585099220276e-02 0.000000000000000000e+00 2.025428116321563721e-01 0.000000000000000000e+00 2.291554585099220276e-02 0.000000000000000000e+00 2.025428116321563721e-01
1.700000000000000000e+04 0.000000000000000000e+00 1.111444737762212753e-02 0.000000000000000000e+00 1.043775528669357300e-01 0.000000000000000000e+00 1.111444737762212753e-02 0.000000000000000000e+00 1.043775528669357300e-01
1.800000000000000000e+04 0.000000000000000000e+00 1.265438622795045376e-03 0.000000000000000000e+00 1.151433587074279785e-01 0.000000000000000000e+00 1.265438622795045376e-03 0.000000000000000000e+00 1.151433587074279785e-01
1.900000000000000000e+04 0.000000000000000000e+00 9.551181644201278687e-02 0.000000000000000000e+00 1.193654417991638184e+00 0.000000000000000000e+00 9.551181644201278687e-02 0.000000000000000000e+00 1.193654417991638184e+00
2.000000000000000000e+04 0.000000000000000000e+00 4.028256051242351532e-03 0.000000000000000000e+00 6.682396680116653442e-02 0.000000000000000000e+00 4.028256051242351532e-03 0.000000000000000000e+00 6.682396680116653442e-02
