# step, loss_train, loss_test, metrics_test
0.000000000000000000e+00 1.884802124023437500e+03 2.249789428710937500e+01 4.650952636718750000e+03 1.829266662597656250e+02 1.884802124023437500e+03 2.249789428710937500e+01 4.650952636718750000e+03 1.829266662597656250e+02
1.000000000000000000e+03 9.843839062500000000e+04 1.046073455810546875e+02 1.963624633789062500e+03 2.164688415527343750e+02 9.843839062500000000e+04 1.046073455810546875e+02 1.963624633789062500e+03 2.164688415527343750e+02
2.000000000000000000e+03 3.150344726562500000e+04 2.070862960815429688e+01 1.941690429687500000e+03 1.875633087158203125e+02 3.150344726562500000e+04 2.070862960815429688e+01 1.941690429687500000e+03 1.875633087158203125e+02
3.000000000000000000e+03 9.992227539062500000e+03 1.394058990478515625e+01 1.707124755859375000e+03 1.854047851562500000e+02 9.992227539062500000e+03 1.394058990478515625e+01 1.707124755859375000e+03 1.854047851562500000e+02
4.000000000000000000e+03 1.078578491210937500e+03 1.297024154663085938e+01 1.849832031250000000e+03 1.825214233398437500e+02 1.078578491210937500e+03 1.297024154663085938e+01 1.849832031250000000e+03 1.825214233398437500e+02
5.000000000000000000e+03 1.405244598388671875e+02 1.403591060638427734e+01 2.155908203125000000e+03 1.835090637207031250e+02 1.405244598388671875e+02 1.403591060638427734e+01 2.155908203125000000e+03 1.835090637207031250e+02
6.000000000000000000e+03 1.689229125976562500e+02 1.372873020172119141e+01 2.091120361328125000e+03 1.833948669433593750e+02 1.689229125976562500e+02 1.372873020172119141e+01 2.091120361328125000e+03 1.833948669433593750e+02
7.000000000000000000e+03 1.595066986083984375e+02 1.372856044769287109e+01 2.092503906250000000e+03 1.834214172363281250e+02 1.595066986083984375e+02 1.372856044769287109e+01 2.092503906250000000e+03 1.834214172363281250e+02
8.000000000000000000e+03 1.956584320068359375e+02 1.347783184051513672e+01 2.029948730468750000e+03 1.832402038574218750e+02 1.956584320068359375e+02 1.347783184051513672e+01 2.029948730468750000e+03 1.832402038574218750e+02
9.000000000000000000e+03 1.997094421386718750e+02 1.313341617584228516e+01 2.000892578125000000e+03 1.829629516601562500e+02 1.997094421386718750e+02 1.313341617584228516e+01 2.000892578125000000e+03 1.829629516601562500e+02
1.000000000000000000e+04 2.207084960937500000e+02 1.304958057403564453e+01 1.940067138671875000e+03 1.829843139648437500e+02 2.207084960937500000e+02 1.304958057403564453e+01 1.940067138671875000e+03 1.829843139648437500e+02
1.100000000000000000e+04 2.355615692138671875e+02 1.295501708984375000e+01 1.905293334960937500e+03 1.830007019042968750e+02 2.355615692138671875e+02 1.295501708984375000e+01 1.905293334960937500e+03 1.830007019042968750e+02
1.200000000000000000e+04 0.000000000000000000e+00 3.156641015625000000e+04 3.505651250000000000e+06 1.725372265625000000e+04 0.000000000000000000e+00 3.156641015625000000e+04 3.505651250000000000e+06 1.725372265625000000e+04
1.300000000000000000e+04 0.000000000000000000e+00 3.044754882812500000e+04 3.379858000000000000e+06 1.664805273437500000e+04 0.000000000000000000e+00 3.044754882812500000e+04 3.379858000000000000e+06 1.664805273437500000e+04
1.400000000000000000e+04 0.000000000000000000e+00 2.868874414062500000e+04 3.182178250000000000e+06 1.569597558593750000e+04 0.000000000000000000e+00 2.868874414062500000e+04 3.182178250000000000e+06 1.569597558593750000e+04
1.500000000000000000e+04 0.000000000000000000e+00 2.600829296875000000e+04 2.881071000000000000e+06 1.424503320312500000e+04 0.000000000000000000e+00 2.600829296875000000e+04 2.881071000000000000e+06 1.424503320312500000e+04
1.600000000000000000e+04 0.000000000000000000e+00 2.212615429687500000e+04 2.445374500000000000e+06 1.214370312500000000e+04 0.000000000000000000e+00 2.212615429687500000e+04 2.445374500000000000e+06 1.214370312500000000e+04
1.700000000000000000e+04 0.000000000000000000e+00 1.695406054687500000e+04 1.865860375000000000e+06 9.344365234375000000e+03 0.000000000000000000e+00 1.695406054687500000e+04 1.865860375000000000e+06 9.344365234375000000e+03
1.800000000000000000e+04 0.000000000000000000e+00 1.094142187500000000e+04 1.194250500000000000e+06 6.090576171875000000e+03 0.000000000000000000e+00 1.094142187500000000e+04 1.194250500000000000e+06 6.090576171875000000e+03
1.900000000000000000e+04 0.000000000000000000e+00 5.336520996093750000e+03 5.721373750000000000e+05 3.058357666015625000e+03 0.000000000000000000e+00 5.336520996093750000e+03 5.721373750000000000e+05 3.058357666015625000e+03
2.000000000000000000e+04 0.000000000000000000e+00 1.664908935546875000e+03 1.705805156250000000e+05 1.073423095703125000e+03 0.000000000000000000e+00 1.664908935546875000e+03 1.705805156250000000e+05 1.073423095703125000e+03
