# step, loss_train, loss_test, metrics_test
0.000000000000000000e+00 9.783649375000000000e+05 4.615410327911376953e+00 3.386580078125000000e+04 9.172194671630859375e+01 9.783649375000000000e+05 4.615410327911376953e+00 3.386580078125000000e+04 9.172194671630859375e+01
1.000000000000000000e+03 4.682796478271484375e+01 1.066418051719665527e+00 2.233306884765625000e+01 6.190407180786132812e+01 4.682796478271484375e+01 1.066418051719665527e+00 2.233306884765625000e+01 6.190407180786132812e+01
2.000000000000000000e+03 1.151953029632568359e+01 1.020566701889038086e+00 1.679549574851989746e+00 6.147469711303710938e+01 1.151953029632568359e+01 1.020566701889038086e+00 1.679549574851989746e+00 6.147469711303710938e+01
3.000000000000000000e+03 6.212303638458251953e+00 9.328402280807495117e-01 5.902580618858337402e-01 6.105409240722656250e+01 6.212303638458251953e+00 9.328402280807495117e-01 5.902580618858337402e-01 6.105409240722656250e+01
4.000000000000000000e+03 1.243946304321289062e+02 8.192867040634155273e-01 2.430298309326171875e+02 6.157555007934570312e+01 1.243946304321289062e+02 8.192867040634155273e-01 2.430298309326171875e+02 6.157555007934570312e+01
5.000000000000000000e+03 3.501002311706542969e+00 7.283248901367187500e-01 5.912146568298339844e-01 6.038806915283203125e+01 3.501002311706542969e+00 7.283248901367187500e-01 5.912146568298339844e-01 6.038806915283203125e+01
6.000000000000000000e+03 6.675881958007812500e+01 7.098778486251831055e-01 8.939658813476562500e+02 6.533717346191406250e+01 6.675881958007812500e+01 7.098778486251831055e-01 8.939658813476562500e+02 6.533717346191406250e+01
7.000000000000000000e+03 5.300838088989257812e+01 7.334204912185668945e-01 8.423826293945312500e+02 6.517401885986328125e+01 5.300838088989257812e+01 7.334204912185668945e-01 8.423826293945312500e+02 6.517401885986328125e+01
8.000000000000000000e+03 5.586063003540039062e+01 7.543793916702270508e-01 7.765650024414062500e+02 6.497461700439453125e+01 5.586063003540039062e+01 7.543793916702270508e-01 7.765650024414062500e+02 6.497461700439453125e+01
9.000000000000000000e+03 7.699584197998046875e+01 7.795887589454650879e-01 6.275171508789062500e+02 6.435376739501953125e+01 7.699584197998046875e+01 7.795887589454650879e-01 6.275171508789062500e+02 6.435376739501953125e+01
1.000000000000000000e+04 9.044327545166015625e+01 8.322175741195678711e-01 3.272772827148437500e+02 6.274375534057617188e+01 9.044327545166015625e+01 8.322175741195678711e-01 3.272772827148437500e+02 6.274375534057617188e+01
1.100000000000000000e+04 1.086667175292968750e+02 1.034175634384155273e+00 8.282189178466796875e+01 6.211971664428710938e+01 1.086667175292968750e+02 1.034175634384155273e+00 8.282189178466796875e+01 6.211971664428710938e+01
1.200000000000000000e+04 3.732472610473632812e+01 1.064197778701782227e+00 2.674354362487792969e+01 6.217443847656250000e+01 3.732472610473632812e+01 1.064197778701782227e+00 2.674354362487792969e+01 6.217443847656250000e+01
1.300000000000000000e+04 6.012547683715820312e+01 1.064898967742919922e+00 5.196580886840820312e+01 6.238403701782226562e+01 6.012547683715820312e+01 1.064898967742919922e+00 5.196580886840820312e+01 6.238403701782226562e+01
1.400000000000000000e+04 1.061633396148681641e+01 1.007456421852111816e+00 3.240153789520263672e+00 6.192273330688476562e+01 1.061633396148681641e+01 1.007456421852111816e+00 3.240153789520263672e+00 6.192273330688476562e+01
1.500000000000000000e+04 1.506165122985839844e+01 9.606847763061523438e-01 1.035740280151367188e+01 6.183734893798828125e+01 1.506165122985839844e+01 9.606847763061523438e-01 1.035740280151367188e+01 6.183734893798828125e+01
1.600000000000000000e+04 1.766831016540527344e+01 9.017870426177978516e-01 3.776067256927490234e+00 6.122025299072265625e+01 1.766831016540527344e+01 9.017870426177978516e-01 3.776067256927490234e+00 6.122025299072265625e+01
1.700000000000000000e+04 1.583501625061035156e+01 8.554978370666503906e-01 1.084232902526855469e+01 6.121610641479492188e+01 1.583501625061035156e+01 8.554978370666503906e-01 1.084232902526855469e+01 6.121610641479492188e+01
1.800000000000000000e+04 1.705184555053710938e+01 7.628893256187438965e-01 9.286329150199890137e-01 6.067493438720703125e+01 1.705184555053710938e+01 7.628893256187438965e-01 9.286329150199890137e-01 6.067493438720703125e+01
1.900000000000000000e+04 3.368539810180664062e+01 6.927779912948608398e-01 2.240267753601074219e+00 5.984328842163085938e+01 3.368539810180664062e+01 6.927779912948608398e-01 2.240267753601074219e+00 5.984328842163085938e+01
2.000000000000000000e+04 1.654210567474365234e+00 6.628721356391906738e-01 7.437852621078491211e-01 5.901176071166992188e+01 1.654210567474365234e+00 6.628721356391906738e-01 7.437852621078491211e-01 5.901176071166992188e+01
