# step, loss_train, loss_test, metrics_test
0.000000000000000000e+00 0.000000000000000000e+00 3.983225631713867188e+01 3.795161376953125000e+03 1.172977066040039062e+02 0.000000000000000000e+00 3.983225631713867188e+01 3.795161376953125000e+03 1.172977066040039062e+02
1.000000000000000000e+03 0.000000000000000000e+00 1.612141210937500000e+04 1.191787400000000000e+07 5.281208984375000000e+03 0.000000000000000000e+00 1.612141210937500000e+04 1.191787400000000000e+07 5.281208984375000000e+03
2.000000000000000000e+03 0.000000000000000000e+00 1.547849609375000000e+04 4.011588750000000000e+05 5.074366210937500000e+03 0.000000000000000000e+00 1.547849609375000000e+04 4.011588750000000000e+05 5.074366210937500000e+03
3.000000000000000000e+03 0.000000000000000000e+00 1.438703222656250000e+04 3.723527812500000000e+05 4.723581054687500000e+03 0.000000000000000000e+00 1.438703222656250000e+04 3.723527812500000000e+05 4.723581054687500000e+03
4.000000000000000000e+03 0.000000000000000000e+00 1.271100976562500000e+04 3.281640937500000000e+05 4.184951171875000000e+03 0.000000000000000000e+00 1.271100976562500000e+04 3.281640937500000000e+05 4.184951171875000000e+03
5.000000000000000000e+03 0.000000000000000000e+00 1.034515820312500000e+04 2.659007500000000000e+05 3.424688232421875000e+03 0.000000000000000000e+00 1.034515820312500000e+04 2.659007500000000000e+05 3.424688232421875000e+03
6.000000000000000000e+03 0.000000000000000000e+00 7.364400878906250000e+03 1.877157812500000000e+05 2.466968017578125000e+03 0.000000000000000000e+00 7.364400878906250000e+03 1.877157812500000000e+05 2.466968017578125000e+03
7.000000000000000000e+03 0.000000000000000000e+00 4.215933593750000000e+03 1.056684218750000000e+05 1.455652343750000000e+03 0.000000000000000000e+00 4.215933593750000000e+03 1.056684218750000000e+05 1.455652343750000000e+03
8.000000000000000000e+03 0.000000000000000000e+00 1.702664550781250000e+03 4.109191015625000000e+04 6.488645629882812500e+02 0.000000000000000000e+00 1.702664550781250000e+03 4.109191015625000000e+04 6.488645629882812500e+02
9.000000000000000000e+03 0.000000000000000000e+00 5.882779296875000000e+03 2.723845734400000000e+10 2.004150512695312500e+03 0.000000000000000000e+00 5.882779296875000000e+03 2.723845734400000000e+10 2.004150512695312500e+03
1.000000000000000000e+04 0.000000000000000000e+00 5.717442382812500000e+03 2.717867000000000000e+06 1.949111328125000000e+03 0.000000000000000000e+00 5.717442382812500000e+03 2.717867000000000000e+06 1.949111328125000000e+03
1.100000000000000000e+04 0.000000000000000000e+00 5.719655273437500000e+03 3.561237187500000000e+05 1.949774169921875000e+03 0.000000000000000000e+00 5.719655273437500000e+03 3.561237187500000000e+05 1.949774169921875000e+03
1.200000000000000000e+04 0.000000000000000000e+00 5.723523925781250000e+03 1.386386562500000000e+05 1.951011596679687500e+03 0.000000000000000000e+00 5.723523925781250000e+03 1.386386562500000000e+05 1.951011596679687500e+03
1.300000000000000000e+04 0.000000000000000000e+00 5.728289550781250000e+03 8.053550000000000000e+05 1.951797729492187500e+03 0.000000000000000000e+00 5.728289550781250000e+03 8.053550000000000000e+05 1.951797729492187500e+03
1.400000000000000000e+04 0.000000000000000000e+00 5.708881347656250000e+03 1.777150625000000000e+06 1.945143676757812500e+03 0.000000000000000000e+00 5.708881347656250000e+03 1.777150625000000000e+06 1.945143676757812500e+03
1.500000000000000000e+04 0.000000000000000000e+00 5.709162597656250000e+03 5.276720000000000000e+05 1.945637451171875000e+03 0.000000000000000000e+00 5.709162597656250000e+03 5.276720000000000000e+05 1.945637451171875000e+03
1.600000000000000000e+04 0.000000000000000000e+00 5.754300781250000000e+03 3.648756000000000000e+06 1.960182373046875000e+03 0.000000000000000000e+00 5.754300781250000000e+03 3.648756000000000000e+06 1.960182373046875000e+03
1.700000000000000000e+04 0.000000000000000000e+00 2.617663879394531250e+02 3.759654785156250000e+03 1.871459197998046875e+02 0.000000000000000000e+00 2.617663879394531250e+02 3.759654785156250000e+03 1.871459197998046875e+02
1.800000000000000000e+04 0.000000000000000000e+00 2.605811157226562500e+02 3.682722167968750000e+03 1.867672576904296875e+02 0.000000000000000000e+00 2.605811157226562500e+02 3.682722167968750000e+03 1.867672576904296875e+02
1.900000000000000000e+04 0.000000000000000000e+00 2.586410827636718750e+02 3.650509765625000000e+03 1.861475372314453125e+02 0.000000000000000000e+00 2.586410827636718750e+02 3.650509765625000000e+03 1.861475372314453125e+02
2.000000000000000000e+04 0.000000000000000000e+00 2.554790954589843750e+02 3.598094970703125000e+03 1.851374969482421875e+02 0.000000000000000000e+00 2.554790954589843750e+02 3.598094970703125000e+03 1.851374969482421875e+02
