# step, loss_train, loss_test, metrics_test
0.000000000000000000e+00 0.000000000000000000e+00 2.357240486145019531e+01 8.060863769531250000e+03 2.750057678222656250e+02 0.000000000000000000e+00 2.357240486145019531e+01 8.060863769531250000e+03 2.750057678222656250e+02
1.000000000000000000e+03 0.000000000000000000e+00 3.139369201660156250e+02 2.719319580078125000e+03 3.690965881347656250e+02 0.000000000000000000e+00 3.139369201660156250e+02 2.719319580078125000e+03 3.690965881347656250e+02
2.000000000000000000e+03 0.000000000000000000e+00 7.534083366394042969e+00 1.075916519165039062e+02 2.329092254638671875e+02 0.000000000000000000e+00 7.534083366394042969e+00 1.075916519165039062e+02 2.329092254638671875e+02
3.000000000000000000e+03 0.000000000000000000e+00 7.665901947021484375e+01 1.057315673828125000e+03 5.832562255859375000e+02 0.000000000000000000e+00 7.665901947021484375e+01 1.057315673828125000e+03 5.832562255859375000e+02
4.000000000000000000e+03 0.000000000000000000e+00 1.428880786895751953e+01 9.305315399169921875e+01 2.651272277832031250e+02 0.000000000000000000e+00 1.428880786895751953e+01 9.305315399169921875e+01 2.651272277832031250e+02
5.000000000000000000e+03 0.000000000000000000e+00 8.815693855285644531e+00 1.618785285949707031e+01 2.286081848144531250e+02 0.000000000000000000e+00 8.815693855285644531e+00 1.618785285949707031e+01 2.286081848144531250e+02
6.000000000000000000e+03 0.000000000000000000e+00 4.582238674163818359e+00 2.182060813903808594e+01 1.987378234863281250e+02 0.000000000000000000e+00 4.582238674163818359e+00 2.182060813903808594e+01 1.987378234863281250e+02
7.000000000000000000e+03 0.000000000000000000e+00 5.935743500000000000e+06 4.892600640000000000e+08 1.154710500000000000e+07 0.000000000000000000e+00 5.935743500000000000e+06 4.892600640000000000e+08 1.154710500000000000e+07
8.000000000000000000e+03 0.000000000000000000e+00 3.201099218750000000e+04 2.988780500000000000e+06 9.175660156250000000e+04 0.000000000000000000e+00 3.201099218750000000e+04 2.988780500000000000e+06 9.175660156250000000e+04
9.000000000000000000e+03 0.000000000000000000e+00 1.380270605468750000e+04 1.042202375000000000e+06 3.761347656250000000e+04 0.000000000000000000e+00 1.380270605468750000e+04 1.042202375000000000e+06 3.761347656250000000e+04
1.000000000000000000e+04 0.000000000000000000e+00 1.097263378906250000e+04 5.781045625000000000e+05 4.361828906250000000e+04 0.000000000000000000e+00 1.097263378906250000e+04 5.781045625000000000e+05 4.361828906250000000e+04
1.100000000000000000e+04 0.000000000000000000e+00 4.343767089843750000e+03 2.686316875000000000e+05 1.252789687500000000e+05 0.000000000000000000e+00 4.343767089843750000e+03 2.686316875000000000e+05 1.252789687500000000e+05
1.200000000000000000e+04 0.000000000000000000e+00 1.067517456054687500e+03 5.307068750000000000e+04 4.546561328125000000e+04 0.000000000000000000e+00 1.067517456054687500e+03 5.307068750000000000e+04 4.546561328125000000e+04
1.300000000000000000e+04 0.000000000000000000e+00 3.482406616210937500e+02 1.813747656250000000e+04 8.159474218750000000e+04 0.000000000000000000e+00 3.482406616210937500e+02 1.813747656250000000e+04 8.159474218750000000e+04
1.400000000000000000e+04 0.000000000000000000e+00 4.532273254394531250e+02 1.009998730468750000e+04 2.036309179687500000e+04 0.000000000000000000e+00 4.532273254394531250e+02 1.009998730468750000e+04 2.036309179687500000e+04
1.500000000000000000e+04 0.000000000000000000e+00 4.549159545898437500e+02 1.452881054687500000e+04 1.671148828125000000e+04 0.000000000000000000e+00 4.549159545898437500e+02 1.452881054687500000e+04 1.671148828125000000e+04
1.600000000000000000e+04 0.000000000000000000e+00 8.886029663085937500e+02 5.191451250000000000e+05 4.343878906250000000e+04 0.000000000000000000e+00 8.886029663085937500e+02 5.191451250000000000e+05 4.343878906250000000e+04
1.700000000000000000e+04 0.000000000000000000e+00 1.486658203125000000e+03 6.387942871093750000e+03 6.525467285156250000e+03 0.000000000000000000e+00 1.486658203125000000e+03 6.387942871093750000e+03 6.525467285156250000e+03
1.800000000000000000e+04 0.000000000000000000e+00 2.559422607421875000e+03 2.938848632812500000e+03 1.118884765625000000e+04 0.000000000000000000e+00 2.559422607421875000e+03 2.938848632812500000e+03 1.118884765625000000e+04
1.900000000000000000e+04 0.000000000000000000e+00 1.318846557617187500e+03 2.937860595703125000e+03 7.283271972656250000e+03 0.000000000000000000e+00 1.318846557617187500e+03 2.937860595703125000e+03 7.283271972656250000e+03
2.000000000000000000e+04 0.000000000000000000e+00 1.188080322265625000e+03 2.937945312500000000e+03 3.519123779296875000e+03 0.000000000000000000e+00 1.188080322265625000e+03 2.937945312500000000e+03 3.519123779296875000e+03
