# step, loss_train, loss_test, metrics_test
0.000000000000000000e+00 8.593440551757812500e+02 1.297792510986328125e+02 5.132673828125000000e+04 4.808553771972656250e+02 8.593440551757812500e+02 1.297792510986328125e+02 5.132673828125000000e+04 4.808553771972656250e+02
1.000000000000000000e+03 2.242225885391235352e+00 1.754004669189453125e+01 6.115592002868652344e+00 3.018369750976562500e+02 2.242225885391235352e+00 1.754004669189453125e+01 6.115592002868652344e+00 3.018369750976562500e+02
2.000000000000000000e+03 9.838447570800781250e+00 1.846780395507812500e+01 6.290376663208007812e+00 2.432154083251953125e+02 9.838447570800781250e+00 1.846780395507812500e+01 6.290376663208007812e+00 2.432154083251953125e+02
3.000000000000000000e+03 1.411602306365966797e+01 2.097474098205566406e+01 2.730654239654541016e+00 2.194970855712890625e+02 1.411602306365966797e+01 2.097474098205566406e+01 2.730654239654541016e+00 2.194970855712890625e+02
4.000000000000000000e+03 4.098937511444091797e+00 2.173298072814941406e+01 1.313689517974853516e+01 2.845662231445312500e+02 4.098937511444091797e+00 2.173298072814941406e+01 1.313689517974853516e+01 2.845662231445312500e+02
5.000000000000000000e+03 8.222861289978027344e+00 2.298157691955566406e+01 8.777953147888183594e+00 3.108923339843750000e+02 8.222861289978027344e+00 2.298157691955566406e+01 8.777953147888183594e+00 3.108923339843750000e+02
6.000000000000000000e+03 1.013975620269775391e+01 1.454546928405761719e+01 2.253059768676757812e+01 2.752802124023437500e+02 1.013975620269775391e+01 1.454546928405761719e+01 2.253059768676757812e+01 2.752802124023437500e+02
7.000000000000000000e+03 1.167264175415039062e+01 3.091933250427246094e+01 5.379903316497802734e+00 2.255520782470703125e+02 1.167264175415039062e+01 3.091933250427246094e+01 5.379903316497802734e+00 2.255520782470703125e+02
8.000000000000000000e+03 8.189255714416503906e+00 1.860533142089843750e+01 3.497803688049316406e+00 2.727228088378906250e+02 8.189255714416503906e+00 1.860533142089843750e+01 3.497803688049316406e+00 2.727228088378906250e+02
9.000000000000000000e+03 8.636209487915039062e+00 3.123449707031250000e+01 8.769563674926757812e+00 2.467961425781250000e+02 8.636209487915039062e+00 3.123449707031250000e+01 8.769563674926757812e+00 2.467961425781250000e+02
1.000000000000000000e+04 3.069975280761718750e+01 4.444068145751953125e+01 2.295666694641113281e+01 4.147946166992187500e+02 3.069975280761718750e+01 4.444068145751953125e+01 2.295666694641113281e+01 4.147946166992187500e+02
1.100000000000000000e+04 5.833740234375000000e+00 1.220750045776367188e+01 1.173503971099853516e+01 3.018146667480468750e+02 5.833740234375000000e+00 1.220750045776367188e+01 1.173503971099853516e+01 3.018146667480468750e+02
1.200000000000000000e+04 1.009432220458984375e+01 2.415756607055664062e+01 3.248269271850585938e+01 2.513068542480468750e+02 1.009432220458984375e+01 2.415756607055664062e+01 3.248269271850585938e+01 2.513068542480468750e+02
1.300000000000000000e+04 2.177967071533203125e+01 3.131573867797851562e+01 4.981492614746093750e+01 2.336790008544921875e+02 2.177967071533203125e+01 3.131573867797851562e+01 4.981492614746093750e+01 2.336790008544921875e+02
1.400000000000000000e+04 2.954346656799316406e+01 3.266298675537109375e+01 4.261909484863281250e+01 2.097912139892578125e+02 2.954346656799316406e+01 3.266298675537109375e+01 4.261909484863281250e+01 2.097912139892578125e+02
1.500000000000000000e+04 2.193405342102050781e+01 3.079905319213867188e+01 3.370380020141601562e+01 2.243080749511718750e+02 2.193405342102050781e+01 3.079905319213867188e+01 3.370380020141601562e+01 2.243080749511718750e+02
1.600000000000000000e+04 1.977479553222656250e+01 3.093211555480957031e+01 2.378695869445800781e+01 2.285544738769531250e+02 1.977479553222656250e+01 3.093211555480957031e+01 2.378695869445800781e+01 2.285544738769531250e+02
1.700000000000000000e+04 2.102264213562011719e+01 3.889220428466796875e+01 3.353290176391601562e+01 1.993373718261718750e+02 2.102264213562011719e+01 3.889220428466796875e+01 3.353290176391601562e+01 1.993373718261718750e+02
1.800000000000000000e+04 1.309926986694335938e+01 3.105917167663574219e+01 1.039673233032226562e+01 2.250080566406250000e+02 1.309926986694335938e+01 3.105917167663574219e+01 1.039673233032226562e+01 2.250080566406250000e+02
1.900000000000000000e+04 1.630951690673828125e+01 3.857825088500976562e+01 9.757912635803222656e+00 1.875553894042968750e+02 1.630951690673828125e+01 3.857825088500976562e+01 9.757912635803222656e+00 1.875553894042968750e+02
2.000000000000000000e+04 1.961290931701660156e+01 3.228258895874023438e+01 7.058620452880859375e+00 1.921675415039062500e+02 1.961290931701660156e+01 3.228258895874023438e+01 7.058620452880859375e+00 1.921675415039062500e+02
