# step, loss_train, loss_test, metrics_test
0.000000000000000000e+00 0.000000000000000000e+00 1.342900543212890625e+02 4.885996704101562500e+02 4.785767211914062500e+02 0.000000000000000000e+00 1.342900543212890625e+02 4.885996704101562500e+02 4.785767211914062500e+02
1.000000000000000000e+03 0.000000000000000000e+00 1.806199836730957031e+01 1.062660217285156250e+02 4.253506469726562500e+02 0.000000000000000000e+00 1.806199836730957031e+01 1.062660217285156250e+02 4.253506469726562500e+02
2.000000000000000000e+03 0.000000000000000000e+00 1.717079162597656250e+01 1.013974761962890625e+01 4.245037231445312500e+02 0.000000000000000000e+00 1.717079162597656250e+01 1.013974761962890625e+01 4.245037231445312500e+02
3.000000000000000000e+03 0.000000000000000000e+00 1.706510162353515625e+01 1.323910713195800781e+00 4.242763977050781250e+02 0.000000000000000000e+00 1.706510162353515625e+01 1.323910713195800781e+00 4.242763977050781250e+02
4.000000000000000000e+03 0.000000000000000000e+00 1.701828765869140625e+01 5.985904932022094727e-01 4.242064819335937500e+02 0.000000000000000000e+00 1.701828765869140625e+01 5.985904932022094727e-01 4.242064819335937500e+02
5.000000000000000000e+03 0.000000000000000000e+00 1.698855781555175781e+01 1.798362731933593750e-01 4.241792602539062500e+02 0.000000000000000000e+00 1.698855781555175781e+01 1.798362731933593750e-01 4.241792602539062500e+02
6.000000000000000000e+03 0.000000000000000000e+00 2.784687194824218750e+02 6.231133388800000000e+10 6.194711914062500000e+02 0.000000000000000000e+00 2.784687194824218750e+02 6.231133388800000000e+10 6.194711914062500000e+02
7.000000000000000000e+03 0.000000000000000000e+00 3.141606201171875000e+03 1.302290039062500000e+04 2.757356201171875000e+03 0.000000000000000000e+00 3.141606201171875000e+03 1.302290039062500000e+04 2.757356201171875000e+03
8.000000000000000000e+03 0.000000000000000000e+00 2.140280761718750000e+03 9.137404296875000000e+03 2.011440063476562500e+03 0.000000000000000000e+00 2.140280761718750000e+03 9.137404296875000000e+03 2.011440063476562500e+03
9.000000000000000000e+03 0.000000000000000000e+00 1.128400024414062500e+03 5.132477539062500000e+03 1.257058959960937500e+03 0.000000000000000000e+00 1.128400024414062500e+03 5.132477539062500000e+03 1.257058959960937500e+03
1.000000000000000000e+04 0.000000000000000000e+00 3.841676330566406250e+02 2.052771484375000000e+03 7.011893920898437500e+02 0.000000000000000000e+00 3.841676330566406250e+02 2.052771484375000000e+03 7.011893920898437500e+02
1.100000000000000000e+04 0.000000000000000000e+00 4.378855957031250000e+03 1.212792968750000000e+04 3.650511230468750000e+03 0.000000000000000000e+00 4.378855957031250000e+03 1.212792968750000000e+04 3.650511230468750000e+03
1.200000000000000000e+04 0.000000000000000000e+00 3.661769775390625000e+03 9.995261718750000000e+03 3.119025146484375000e+03 0.000000000000000000e+00 3.661769775390625000e+03 9.995261718750000000e+03 3.119025146484375000e+03
1.300000000000000000e+04 0.000000000000000000e+00 2.730551025390625000e+03 7.331427734375000000e+03 2.429025390625000000e+03 0.000000000000000000e+00 2.730551025390625000e+03 7.331427734375000000e+03 2.429025390625000000e+03
1.400000000000000000e+04 0.000000000000000000e+00 1.691432983398437500e+03 4.398457519531250000e+03 1.659489013671875000e+03 0.000000000000000000e+00 1.691432983398437500e+03 4.398457519531250000e+03 1.659489013671875000e+03
1.500000000000000000e+04 0.000000000000000000e+00 7.042352294921875000e+02 2.302940917968750000e+03 9.292718505859375000e+02 0.000000000000000000e+00 7.042352294921875000e+02 2.302940917968750000e+03 9.292718505859375000e+02
1.600000000000000000e+04 0.000000000000000000e+00 1.833804779052734375e+02 4.036220703125000000e+02 5.451962280273437500e+02 0.000000000000000000e+00 1.833804779052734375e+02 4.036220703125000000e+02 5.451962280273437500e+02
1.700000000000000000e+04 0.000000000000000000e+00 8.097174218750000000e+04 1.981968437500000000e+05 6.050135937500000000e+04 0.000000000000000000e+00 8.097174218750000000e+04 1.981968437500000000e+05 6.050135937500000000e+04
1.800000000000000000e+04 0.000000000000000000e+00 7.124539843750000000e+04 1.742661875000000000e+05 5.327984375000000000e+04 0.000000000000000000e+00 7.124539843750000000e+04 1.742661875000000000e+05 5.327984375000000000e+04
1.900000000000000000e+04 0.000000000000000000e+00 5.773731250000000000e+04 1.391150156250000000e+05 4.325096875000000000e+04 0.000000000000000000e+00 5.773731250000000000e+04 1.391150156250000000e+05 4.325096875000000000e+04
2.000000000000000000e+04 0.000000000000000000e+00 4.095490625000000000e+04 9.676745312500000000e+04 3.079214648437500000e+04 0.000000000000000000e+00 4.095490625000000000e+04 9.676745312500000000e+04 3.079214648437500000e+04
