# step, loss_train, loss_test, metrics_test
0.000000000000000000e+00 1.193552375000000000e+06 1.304791137695312500e+03 2.957035625000000000e+05 8.767847290039062500e+02 1.193552375000000000e+06 1.304791137695312500e+03 2.957035625000000000e+05 8.767847290039062500e+02
1.000000000000000000e+03 1.334113403320312500e+03 1.388677120208740234e+01 1.560307979583740234e+00 2.945992126464843750e+02 1.334113403320312500e+03 1.388677120208740234e+01 1.560307979583740234e+00 2.945992126464843750e+02
2.000000000000000000e+03 5.599018554687500000e+02 9.811526298522949219e+00 4.660882472991943359e+00 2.816369018554687500e+02 5.599018554687500000e+02 9.811526298522949219e+00 4.660882472991943359e+00 2.816369018554687500e+02
3.000000000000000000e+03 4.248077087402343750e+02 9.973619461059570312e+00 9.020928144454956055e-01 2.746136474609375000e+02 4.248077087402343750e+02 9.973619461059570312e+00 9.020928144454956055e-01 2.746136474609375000e+02
4.000000000000000000e+03 2.991242980957031250e+02 9.233474731445312500e+00 7.924233675003051758e-01 2.713844299316406250e+02 2.991242980957031250e+02 9.233474731445312500e+00 7.924233675003051758e-01 2.713844299316406250e+02
5.000000000000000000e+03 2.261138916015625000e+02 9.111808776855468750e+00 3.346144556999206543e-01 2.689608154296875000e+02 2.261138916015625000e+02 9.111808776855468750e+00 3.346144556999206543e-01 2.689608154296875000e+02
6.000000000000000000e+03 2.015324859619140625e+02 9.916691780090332031e+00 1.035066127777099609e+01 2.672662048339843750e+02 2.015324859619140625e+02 9.916691780090332031e+00 1.035066127777099609e+01 2.672662048339843750e+02
7.000000000000000000e+03 1.044553833007812500e+02 8.804062843322753906e+00 6.375085115432739258e-01 2.652366333007812500e+02 1.044553833007812500e+02 8.804062843322753906e+00 6.375085115432739258e-01 2.652366333007812500e+02
8.000000000000000000e+03 1.850051574707031250e+02 1.014498233795166016e+01 9.111955642700195312e+00 2.645460815429687500e+02 1.850051574707031250e+02 1.014498233795166016e+01 9.111955642700195312e+00 2.645460815429687500e+02
9.000000000000000000e+03 2.962956237792968750e+02 1.086053943634033203e+01 3.002841567993164062e+01 2.638655700683593750e+02 2.962956237792968750e+02 1.086053943634033203e+01 3.002841567993164062e+01 2.638655700683593750e+02
1.000000000000000000e+04 8.638052368164062500e+01 9.288730621337890625e+00 1.718227028846740723e+00 2.615279541015625000e+02 8.638052368164062500e+01 9.288730621337890625e+00 1.718227028846740723e+00 2.615279541015625000e+02
1.100000000000000000e+04 6.239332962036132812e+01 9.073712348937988281e+00 6.011398434638977051e-01 2.593802185058593750e+02 6.239332962036132812e+01 9.073712348937988281e+00 6.011398434638977051e-01 2.593802185058593750e+02
1.200000000000000000e+04 8.225273132324218750e+01 8.372099876403808594e+00 7.077850699424743652e-01 2.587292785644531250e+02 8.225273132324218750e+01 8.372099876403808594e+00 7.077850699424743652e-01 2.587292785644531250e+02
1.300000000000000000e+04 4.072876358032226562e+01 7.688720703125000000e+00 7.595490813255310059e-01 2.535921173095703125e+02 4.072876358032226562e+01 7.688720703125000000e+00 7.595490813255310059e-01 2.535921173095703125e+02
1.400000000000000000e+04 3.603795623779296875e+01 7.443912029266357422e+00 2.221229791641235352e+00 2.479505157470703125e+02 3.603795623779296875e+01 7.443912029266357422e+00 2.221229791641235352e+00 2.479505157470703125e+02
1.500000000000000000e+04 3.196200561523437500e+01 4.981447696685791016e+00 3.052388429641723633e+00 2.343979797363281250e+02 3.196200561523437500e+01 4.981447696685791016e+00 3.052388429641723633e+00 2.343979797363281250e+02
1.600000000000000000e+04 2.441664123535156250e+01 4.821032524108886719e+00 2.668760716915130615e-01 2.112093048095703125e+02 2.441664123535156250e+01 4.821032524108886719e+00 2.668760716915130615e-01 2.112093048095703125e+02
1.700000000000000000e+04 3.148271751403808594e+01 2.685997009277343750e+00 4.174991130828857422e+00 1.760299987792968750e+02 3.148271751403808594e+01 2.685997009277343750e+00 4.174991130828857422e+00 1.760299987792968750e+02
1.800000000000000000e+04 3.366298294067382812e+01 1.607159972190856934e+00 2.976561784744262695e+00 1.359346466064453125e+02 3.366298294067382812e+01 1.607159972190856934e+00 2.976561784744262695e+00 1.359346466064453125e+02
1.900000000000000000e+04 2.358055305480957031e+01 7.200646996498107910e-01 1.878177642822265625e+00 9.986216735839843750e+01 2.358055305480957031e+01 7.200646996498107910e-01 1.878177642822265625e+00 9.986216735839843750e+01
2.000000000000000000e+04 3.748491668701171875e+01 5.719921588897705078e-01 7.334899902343750000e+00 7.742900085449218750e+01 3.748491668701171875e+01 5.719921588897705078e-01 7.334899902343750000e+00 7.742900085449218750e+01
