# step, loss_train, loss_test, metrics_test
0.000000000000000000e+00 8.369995727539062500e+02 2.563813400268554688e+01 1.242248901367187500e+03 2.174158630371093750e+02 8.369995727539062500e+02 2.563813400268554688e+01 1.242248901367187500e+03 2.174158630371093750e+02
1.000000000000000000e+03 3.186761140823364258e+00 4.059013366699218750e+01 6.487374782562255859e+00 2.152971496582031250e+02 3.186761140823364258e+00 4.059013366699218750e+01 6.487374782562255859e+00 2.152971496582031250e+02
2.000000000000000000e+03 2.384331703186035156e+00 3.515336990356445312e+01 4.109993457794189453e+00 2.085549011230468750e+02 2.384331703186035156e+00 3.515336990356445312e+01 4.109993457794189453e+00 2.085549011230468750e+02
3.000000000000000000e+03 2.981688737869262695e+00 2.627489852905273438e+01 2.733227252960205078e+00 2.045819549560546875e+02 2.981688737869262695e+00 2.627489852905273438e+01 2.733227252960205078e+00 2.045819549560546875e+02
4.000000000000000000e+03 2.317555189132690430e+00 1.635158729553222656e+01 1.553641438484191895e+00 2.013376770019531250e+02 2.317555189132690430e+00 1.635158729553222656e+01 1.553641438484191895e+00 2.013376770019531250e+02
5.000000000000000000e+03 2.055961132049560547e+00 9.471295356750488281e+00 9.459267854690551758e-01 1.980127105712890625e+02 2.055961132049560547e+00 9.471295356750488281e+00 9.459267854690551758e-01 1.980127105712890625e+02
6.000000000000000000e+03 1.662666797637939453e+00 7.865922451019287109e+00 8.220413327217102051e-01 1.952707519531250000e+02 1.662666797637939453e+00 7.865922451019287109e+00 8.220413327217102051e-01 1.952707519531250000e+02
7.000000000000000000e+03 1.406224727630615234e+00 7.711176872253417969e+00 8.824084401130676270e-01 1.931818847656250000e+02 1.406224727630615234e+00 7.711176872253417969e+00 8.824084401130676270e-01 1.931818847656250000e+02
8.000000000000000000e+03 1.481339812278747559e+00 7.727449893951416016e+00 9.817434549331665039e-01 1.911997070312500000e+02 1.481339812278747559e+00 7.727449893951416016e+00 9.817434549331665039e-01 1.911997070312500000e+02
9.000000000000000000e+03 1.266218423843383789e+00 7.933690071105957031e+00 9.843927621841430664e-01 1.888757781982421875e+02 1.266218423843383789e+00 7.933690071105957031e+00 9.843927621841430664e-01 1.888757781982421875e+02
1.000000000000000000e+04 1.455159902572631836e+00 8.057652473449707031e+00 1.008843898773193359e+00 1.858956604003906250e+02 1.455159902572631836e+00 8.057652473449707031e+00 1.008843898773193359e+00 1.858956604003906250e+02
1.100000000000000000e+04 2.030568361282348633e+00 8.194821357727050781e+00 1.053756594657897949e+00 1.813090057373046875e+02 2.030568361282348633e+00 8.194821357727050781e+00 1.053756594657897949e+00 1.813090057373046875e+02
1.200000000000000000e+04 3.359050989151000977e+00 8.210434913635253906e+00 1.076182842254638672e+00 1.743676910400390625e+02 3.359050989151000977e+00 8.210434913635253906e+00 1.076182842254638672e+00 1.743676910400390625e+02
1.300000000000000000e+04 5.064649105072021484e+00 8.146533966064453125e+00 1.030645608901977539e+00 1.633313903808593750e+02 5.064649105072021484e+00 8.146533966064453125e+00 1.030645608901977539e+00 1.633313903808593750e+02
1.400000000000000000e+04 8.745971679687500000e+00 7.671541213989257812e+00 1.271004199981689453e+00 1.455742340087890625e+02 8.745971679687500000e+00 7.671541213989257812e+00 1.271004199981689453e+00 1.455742340087890625e+02
1.500000000000000000e+04 1.272158908843994141e+01 7.180679321289062500e+00 1.588115096092224121e+00 1.206728134155273438e+02 1.272158908843994141e+01 7.180679321289062500e+00 1.588115096092224121e+00 1.206728134155273438e+02
1.600000000000000000e+04 2.789110565185546875e+01 6.506062507629394531e+00 2.323212862014770508e+00 9.326560974121093750e+01 2.789110565185546875e+01 6.506062507629394531e+00 2.323212862014770508e+00 9.326560974121093750e+01
1.700000000000000000e+04 2.296183586120605469e+01 5.280470371246337891e+00 2.954274892807006836e+00 7.237672424316406250e+01 2.296183586120605469e+01 5.280470371246337891e+00 2.954274892807006836e+00 7.237672424316406250e+01
1.800000000000000000e+04 2.364413642883300781e+01 4.472334384918212891e+00 3.143730401992797852e+00 5.668034362792968750e+01 2.364413642883300781e+01 4.472334384918212891e+00 3.143730401992797852e+00 5.668034362792968750e+01
1.900000000000000000e+04 2.842140388488769531e+01 3.962316274642944336e+00 3.464676618576049805e+00 4.607186126708984375e+01 2.842140388488769531e+01 3.962316274642944336e+00 3.464676618576049805e+00 4.607186126708984375e+01
2.000000000000000000e+04 2.572690391540527344e+01 3.509647369384765625e+00 3.238329172134399414e+00 3.698740768432617188e+01 2.572690391540527344e+01 3.509647369384765625e+00 3.238329172134399414e+00 3.698740768432617188e+01
