# step, loss_train, loss_test, metrics_test
0.000000000000000000e+00 0.000000000000000000e+00 2.277401161193847656e+01 6.592449218750000000e+03 4.024243469238281250e+02 0.000000000000000000e+00 2.277401161193847656e+01 6.592449218750000000e+03 4.024243469238281250e+02
1.000000000000000000e+03 0.000000000000000000e+00 1.485155677795410156e+01 3.318803071975708008e+00 2.901610565185546875e+01 0.000000000000000000e+00 1.485155677795410156e+01 3.318803071975708008e+00 2.901610565185546875e+01
2.000000000000000000e+03 0.000000000000000000e+00 7.366846561431884766e+00 8.601766824722290039e-01 3.338693857192993164e+00 0.000000000000000000e+00 7.366846561431884766e+00 8.601766824722290039e-01 3.338693857192993164e+00
3.000000000000000000e+03 0.000000000000000000e+00 6.859632015228271484e+00 5.088081836700439453e+00 3.703047275543212891e+00 0.000000000000000000e+00 6.859632015228271484e+00 5.088081836700439453e+00 3.703047275543212891e+00
4.000000000000000000e+03 0.000000000000000000e+00 4.281573486328125000e+01 1.308525390625000000e+02 9.150106811523437500e+01 0.000000000000000000e+00 4.281573486328125000e+01 1.308525390625000000e+02 9.150106811523437500e+01
5.000000000000000000e+03 0.000000000000000000e+00 4.131975173950195312e+01 5.786215782165527344e+00 8.629058074951171875e+01 0.000000000000000000e+00 4.131975173950195312e+01 5.786215782165527344e+00 8.629058074951171875e+01
6.000000000000000000e+03 0.000000000000000000e+00 3.929520797729492188e+01 1.407448291778564453e+00 8.295477294921875000e+01 0.000000000000000000e+00 3.929520797729492188e+01 1.407448291778564453e+00 8.295477294921875000e+01
7.000000000000000000e+03 0.000000000000000000e+00 3.979145050048828125e+01 1.016722202301025391e+00 7.877168273925781250e+01 0.000000000000000000e+00 3.979145050048828125e+01 1.016722202301025391e+00 7.877168273925781250e+01
8.000000000000000000e+03 0.000000000000000000e+00 4.647893905639648438e+01 8.566468022763729095e-03 9.453002166748046875e+01 0.000000000000000000e+00 4.647893905639648438e+01 8.566468022763729095e-03 9.453002166748046875e+01
9.000000000000000000e+03 0.000000000000000000e+00 4.553798675537109375e+01 1.370805054903030396e-01 9.508674621582031250e+01 0.000000000000000000e+00 4.553798675537109375e+01 1.370805054903030396e-01 9.508674621582031250e+01
1.000000000000000000e+04 0.000000000000000000e+00 4.509730529785156250e+01 2.682024765014648438e+01 9.606681060791015625e+01 0.000000000000000000e+00 4.509730529785156250e+01 2.682024765014648438e+01 9.606681060791015625e+01
1.100000000000000000e+04 0.000000000000000000e+00 4.612358093261718750e+01 2.519972038269042969e+01 9.478955078125000000e+01 0.000000000000000000e+00 4.612358093261718750e+01 2.519972038269042969e+01 9.478955078125000000e+01
1.200000000000000000e+04 0.000000000000000000e+00 4.502961730957031250e+01 1.059529781341552734e+00 9.534091949462890625e+01 0.000000000000000000e+00 4.502961730957031250e+01 1.059529781341552734e+00 9.534091949462890625e+01
1.300000000000000000e+04 0.000000000000000000e+00 4.505395889282226562e+01 1.997596740722656250e+01 9.586449432373046875e+01 0.000000000000000000e+00 4.505395889282226562e+01 1.997596740722656250e+01 9.586449432373046875e+01
1.400000000000000000e+04 0.000000000000000000e+00 4.586935806274414062e+01 9.988851547241210938e-01 9.439042663574218750e+01 0.000000000000000000e+00 4.586935806274414062e+01 9.988851547241210938e-01 9.439042663574218750e+01
1.500000000000000000e+04 0.000000000000000000e+00 4.538911437988281250e+01 1.476194286346435547e+01 9.530670166015625000e+01 0.000000000000000000e+00 4.538911437988281250e+01 1.476194286346435547e+01 9.530670166015625000e+01
1.600000000000000000e+04 0.000000000000000000e+00 4.516729736328125000e+01 1.756516695022583008e-01 9.489641571044921875e+01 0.000000000000000000e+00 4.516729736328125000e+01 1.756516695022583008e-01 9.489641571044921875e+01
1.700000000000000000e+04 0.000000000000000000e+00 4.452238464355468750e+01 1.466714096069335938e+01 9.585890960693359375e+01 0.000000000000000000e+00 4.452238464355468750e+01 1.466714096069335938e+01 9.585890960693359375e+01
1.800000000000000000e+04 0.000000000000000000e+00 4.238603591918945312e+01 3.153980712890625000e+02 1.075487289428710938e+02 0.000000000000000000e+00 4.238603591918945312e+01 3.153980712890625000e+02 1.075487289428710938e+02
1.900000000000000000e+04 0.000000000000000000e+00 4.434783935546875000e+01 1.967604875564575195e+00 1.007140808105468750e+02 0.000000000000000000e+00 4.434783935546875000e+01 1.967604875564575195e+00 1.007140808105468750e+02
2.000000000000000000e+04 0.000000000000000000e+00 4.388722229003906250e+01 5.108072757720947266e+00 1.021459426879882812e+02 0.000000000000000000e+00 4.388722229003906250e+01 5.108072757720947266e+00 1.021459426879882812e+02
