# step, loss_train, loss_test, metrics_test
0.000000000000000000e+00 9.710019081830978394e-02 1.377631835937500000e+02 1.192017773437500000e+04 5.088427429199218750e+02 9.710019081830978394e-02 1.377631835937500000e+02 1.192017773437500000e+04 5.088427429199218750e+02
1.000000000000000000e+03 3.530002236366271973e-01 1.618559265136718750e+01 1.305235473632812500e+03 3.823811645507812500e+02 3.530002236366271973e-01 1.618559265136718750e+01 1.305235473632812500e+03 3.823811645507812500e+02
2.000000000000000000e+03 9.989513158798217773e-01 2.006416320800781250e+01 7.157204589843750000e+02 3.900944213867187500e+02 9.989513158798217773e-01 2.006416320800781250e+01 7.157204589843750000e+02 3.900944213867187500e+02
3.000000000000000000e+03 2.090672016143798828e+00 2.557360458374023438e+01 2.644356689453125000e+02 4.013192749023437500e+02 2.090672016143798828e+00 2.557360458374023438e+01 2.644356689453125000e+02 4.013192749023437500e+02
4.000000000000000000e+03 4.393619000911712646e-01 4.107276535034179688e+01 1.145238208770751953e+01 3.734652099609375000e+02 4.393619000911712646e-01 4.107276535034179688e+01 1.145238208770751953e+01 3.734652099609375000e+02
5.000000000000000000e+03 5.460880398750305176e-01 4.472323608398437500e+01 1.000532913208007812e+01 3.510488586425781250e+02 5.460880398750305176e-01 4.472323608398437500e+01 1.000532913208007812e+01 3.510488586425781250e+02
6.000000000000000000e+03 9.270004034042358398e-01 4.663628387451171875e+01 1.003778266906738281e+01 3.410787963867187500e+02 9.270004034042358398e-01 4.663628387451171875e+01 1.003778266906738281e+01 3.410787963867187500e+02
7.000000000000000000e+03 9.868761897087097168e-01 4.556039810180664062e+01 9.806065559387207031e+00 3.378347778320312500e+02 9.868761897087097168e-01 4.556039810180664062e+01 9.806065559387207031e+00 3.378347778320312500e+02
8.000000000000000000e+03 8.675132989883422852e-01 4.289622879028320312e+01 8.148060798645019531e+00 3.359138488769531250e+02 8.675132989883422852e-01 4.289622879028320312e+01 8.148060798645019531e+00 3.359138488769531250e+02
9.000000000000000000e+03 8.659973144531250000e-01 3.761205291748046875e+01 5.030155181884765625e+00 3.349482421875000000e+02 8.659973144531250000e-01 3.761205291748046875e+01 5.030155181884765625e+00 3.349482421875000000e+02
1.000000000000000000e+04 7.592353820800781250e-01 3.097346305847167969e+01 2.440167188644409180e+00 3.346538085937500000e+02 7.592353820800781250e-01 3.097346305847167969e+01 2.440167188644409180e+00 3.346538085937500000e+02
1.100000000000000000e+04 9.299313426017761230e-01 2.391785430908203125e+01 1.279991269111633301e+00 3.283976440429687500e+02 9.299313426017761230e-01 2.391785430908203125e+01 1.279991269111633301e+00 3.283976440429687500e+02
1.200000000000000000e+04 1.397166252136230469e+00 1.969333839416503906e+01 1.568789243698120117e+00 3.194698791503906250e+02 1.397166252136230469e+00 1.969333839416503906e+01 1.568789243698120117e+00 3.194698791503906250e+02
1.300000000000000000e+04 1.419170141220092773e+00 1.984531402587890625e+01 1.817916631698608398e+00 3.137798461914062500e+02 1.419170141220092773e+00 1.984531402587890625e+01 1.817916631698608398e+00 3.137798461914062500e+02
1.400000000000000000e+04 1.475064992904663086e+00 2.033976364135742188e+01 1.622580289840698242e+00 3.094107360839843750e+02 1.475064992904663086e+00 2.033976364135742188e+01 1.622580289840698242e+00 3.094107360839843750e+02
1.500000000000000000e+04 1.591981887817382812e+00 2.067881393432617188e+01 1.611666917800903320e+00 3.053041076660156250e+02 1.591981887817382812e+00 2.067881393432617188e+01 1.611666917800903320e+00 3.053041076660156250e+02
1.600000000000000000e+04 1.767432570457458496e+00 2.087061691284179688e+01 1.632444858551025391e+00 3.012898864746093750e+02 1.767432570457458496e+00 2.087061691284179688e+01 1.632444858551025391e+00 3.012898864746093750e+02
1.700000000000000000e+04 2.002131462097167969e+00 2.089359092712402344e+01 1.696402430534362793e+00 2.972834167480468750e+02 2.002131462097167969e+00 2.089359092712402344e+01 1.696402430534362793e+00 2.972834167480468750e+02
1.800000000000000000e+04 2.309387445449829102e+00 2.075982284545898438e+01 1.792612910270690918e+00 2.932010498046875000e+02 2.309387445449829102e+00 2.075982284545898438e+01 1.792612910270690918e+00 2.932010498046875000e+02
1.900000000000000000e+04 2.659597396850585938e+00 2.046376991271972656e+01 1.931051850318908691e+00 2.890408325195312500e+02 2.659597396850585938e+00 2.046376991271972656e+01 1.931051850318908691e+00 2.890408325195312500e+02
2.000000000000000000e+04 3.031718254089355469e+00 2.002933502197265625e+01 2.097106933593750000e+00 2.847541809082031250e+02 3.031718254089355469e+00 2.002933502197265625e+01 2.097106933593750000e+00 2.847541809082031250e+02
