# step, loss_train, loss_test, metrics_test
0.000000000000000000e+00 2.816289687500000000e+05 8.020925903320312500e+01 7.182757812500000000e+03 1.568302001953125000e+02 2.816289687500000000e+05 8.020925903320312500e+01 7.182757812500000000e+03 1.568302001953125000e+02
1.000000000000000000e+03 1.350662475585937500e+03 1.531297588348388672e+01 2.236932128906250000e+03 1.362671203613281250e+02 1.350662475585937500e+03 1.531297588348388672e+01 2.236932128906250000e+03 1.362671203613281250e+02
2.000000000000000000e+03 3.840747680664062500e+02 1.673971557617187500e+01 1.599824584960937500e+03 1.385225524902343750e+02 3.840747680664062500e+02 1.673971557617187500e+01 1.599824584960937500e+03 1.385225524902343750e+02
3.000000000000000000e+03 1.968379974365234375e+02 2.090865516662597656e+01 1.231188598632812500e+03 1.399947357177734375e+02 1.968379974365234375e+02 2.090865516662597656e+01 1.231188598632812500e+03 1.399947357177734375e+02
4.000000000000000000e+03 1.524752960205078125e+02 2.661704444885253906e+01 8.423264770507812500e+02 1.416758728027343750e+02 1.524752960205078125e+02 2.661704444885253906e+01 8.423264770507812500e+02 1.416758728027343750e+02
5.000000000000000000e+03 1.501609649658203125e+02 3.534920120239257812e+01 4.695391845703125000e+02 1.447677612304687500e+02 1.501609649658203125e+02 3.534920120239257812e+01 4.695391845703125000e+02 1.447677612304687500e+02
6.000000000000000000e+03 1.215513305664062500e+02 4.326851272583007812e+01 1.320448913574218750e+02 1.486520538330078125e+02 1.215513305664062500e+02 4.326851272583007812e+01 1.320448913574218750e+02 1.486520538330078125e+02
7.000000000000000000e+03 5.370741271972656250e+01 4.486798095703125000e+01 1.727516174316406250e+01 1.470448608398437500e+02 5.370741271972656250e+01 4.486798095703125000e+01 1.727516174316406250e+01 1.470448608398437500e+02
8.000000000000000000e+03 2.338355827331542969e+01 4.176563262939453125e+01 4.116098880767822266e+00 1.428016510009765625e+02 2.338355827331542969e+01 4.176563262939453125e+01 4.116098880767822266e+00 1.428016510009765625e+02
9.000000000000000000e+03 1.400120544433593750e+01 3.929239273071289062e+01 2.340726852416992188e+00 1.390158538818359375e+02 1.400120544433593750e+01 3.929239273071289062e+01 2.340726852416992188e+00 1.390158538818359375e+02
1.000000000000000000e+04 1.000769805908203125e+01 3.645668029785156250e+01 1.805878877639770508e+00 1.363826293945312500e+02 1.000769805908203125e+01 3.645668029785156250e+01 1.805878877639770508e+00 1.363826293945312500e+02
1.100000000000000000e+04 7.678013324737548828e+00 3.253158950805664062e+01 1.466118812561035156e+00 1.342540130615234375e+02 7.678013324737548828e+00 3.253158950805664062e+01 1.466118812561035156e+00 1.342540130615234375e+02
1.200000000000000000e+04 6.616444587707519531e+00 2.822237205505371094e+01 1.302631735801696777e+00 1.321486053466796875e+02 6.616444587707519531e+00 2.822237205505371094e+01 1.302631735801696777e+00 1.321486053466796875e+02
1.300000000000000000e+04 5.184363365173339844e+00 2.442698287963867188e+01 1.099846124649047852e+00 1.302954101562500000e+02 5.184363365173339844e+00 2.442698287963867188e+01 1.099846124649047852e+00 1.302954101562500000e+02
1.400000000000000000e+04 4.324662685394287109e+00 2.069643211364746094e+01 1.091349601745605469e+00 1.287556152343750000e+02 4.324662685394287109e+00 2.069643211364746094e+01 1.091349601745605469e+00 1.287556152343750000e+02
1.500000000000000000e+04 3.833775520324707031e+00 1.727385330200195312e+01 1.109550833702087402e+00 1.273708114624023438e+02 3.833775520324707031e+00 1.727385330200195312e+01 1.109550833702087402e+00 1.273708114624023438e+02
1.600000000000000000e+04 3.592691898345947266e+00 1.439255714416503906e+01 1.155468344688415527e+00 1.260676422119140625e+02 3.592691898345947266e+00 1.439255714416503906e+01 1.155468344688415527e+00 1.260676422119140625e+02
1.700000000000000000e+04 3.589330911636352539e+00 1.222581958770751953e+01 1.182214975357055664e+00 1.248387603759765625e+02 3.589330911636352539e+00 1.222581958770751953e+01 1.182214975357055664e+00 1.248387603759765625e+02
1.800000000000000000e+04 3.360706090927124023e+00 1.062184715270996094e+01 1.185020685195922852e+00 1.237063827514648438e+02 3.360706090927124023e+00 1.062184715270996094e+01 1.185020685195922852e+00 1.237063827514648438e+02
1.900000000000000000e+04 3.012999296188354492e+00 9.445604324340820312e+00 1.182241559028625488e+00 1.226315155029296875e+02 3.012999296188354492e+00 9.445604324340820312e+00 1.182241559028625488e+00 1.226315155029296875e+02
2.000000000000000000e+04 2.741561651229858398e+00 8.581837654113769531e+00 1.209848642349243164e+00 1.215811538696289062e+02 2.741561651229858398e+00 8.581837654113769531e+00 1.209848642349243164e+00 1.215811538696289062e+02
