# step, loss_train, loss_test, metrics_test
0.000000000000000000e+00 0.000000000000000000e+00 1.288653106689453125e+02 2.944122460937500000e+04 5.620809326171875000e+02 0.000000000000000000e+00 1.288653106689453125e+02 2.944122460937500000e+04 5.620809326171875000e+02
1.000000000000000000e+03 0.000000000000000000e+00 8.416965484619140625e+00 2.991085052490234375e+00 1.059063529968261719e+01 0.000000000000000000e+00 8.416965484619140625e+00 2.991085052490234375e+00 1.059063529968261719e+01
2.000000000000000000e+03 0.000000000000000000e+00 4.739014434814453125e+01 2.601876640319824219e+01 2.405899810791015625e+02 0.000000000000000000e+00 4.739014434814453125e+01 2.601876640319824219e+01 2.405899810791015625e+02
3.000000000000000000e+03 0.000000000000000000e+00 1.459278202056884766e+01 1.676810424804687500e+03 3.906908569335937500e+02 0.000000000000000000e+00 1.459278202056884766e+01 1.676810424804687500e+03 3.906908569335937500e+02
4.000000000000000000e+03 0.000000000000000000e+00 1.459286117553710938e+01 1.676810302734375000e+03 3.906821899414062500e+02 0.000000000000000000e+00 1.459286117553710938e+01 1.676810302734375000e+03 3.906821899414062500e+02
5.000000000000000000e+03 0.000000000000000000e+00 1.459553813934326172e+01 1.676805419921875000e+03 3.906830139160156250e+02 0.000000000000000000e+00 1.459553813934326172e+01 1.676805419921875000e+03 3.906830139160156250e+02
6.000000000000000000e+03 0.000000000000000000e+00 1.459201908111572266e+01 1.676811767578125000e+03 3.906795043945312500e+02 0.000000000000000000e+00 1.459201908111572266e+01 1.676811767578125000e+03 3.906795043945312500e+02
7.000000000000000000e+03 0.000000000000000000e+00 1.459461021423339844e+01 1.676807128906250000e+03 3.906813659667968750e+02 0.000000000000000000e+00 1.459461021423339844e+01 1.676807128906250000e+03 3.906813659667968750e+02
8.000000000000000000e+03 0.000000000000000000e+00 1.460637092590332031e+01 1.676786499023437500e+03 3.906909484863281250e+02 0.000000000000000000e+00 1.460637092590332031e+01 1.676786499023437500e+03 3.906909484863281250e+02
9.000000000000000000e+03 0.000000000000000000e+00 1.117233943939208984e+01 1.768953002929687500e+03 3.883150634765625000e+02 0.000000000000000000e+00 1.117233943939208984e+01 1.768953002929687500e+03 3.883150634765625000e+02
1.000000000000000000e+04 0.000000000000000000e+00 1.460827064514160156e+01 1.676783081054687500e+03 3.906925964355468750e+02 0.000000000000000000e+00 1.460827064514160156e+01 1.676783081054687500e+03 3.906925964355468750e+02
1.100000000000000000e+04 0.000000000000000000e+00 1.455147361755371094e+01 1.676893432617187500e+03 4.086362609863281250e+02 0.000000000000000000e+00 1.455147361755371094e+01 1.676893432617187500e+03 4.086362609863281250e+02
1.200000000000000000e+04 0.000000000000000000e+00 1.329363536834716797e+01 1.687645507812500000e+03 4.071763610839843750e+02 0.000000000000000000e+00 1.329363536834716797e+01 1.687645507812500000e+03 4.071763610839843750e+02
1.300000000000000000e+04 0.000000000000000000e+00 1.800222015380859375e+01 1.708068237304687500e+03 4.126866760253906250e+02 0.000000000000000000e+00 1.800222015380859375e+01 1.708068237304687500e+03 4.126866760253906250e+02
1.400000000000000000e+04 0.000000000000000000e+00 1.455143451690673828e+01 1.676893432617187500e+03 4.086362304687500000e+02 0.000000000000000000e+00 1.455143451690673828e+01 1.676893432617187500e+03 4.086362304687500000e+02
1.500000000000000000e+04 0.000000000000000000e+00 1.455371189117431641e+01 1.676888549804687500e+03 4.086388549804687500e+02 0.000000000000000000e+00 1.455371189117431641e+01 1.676888549804687500e+03 4.086388549804687500e+02
1.600000000000000000e+04 0.000000000000000000e+00 1.463076496124267578e+01 1.676747192382812500e+03 4.087286682128906250e+02 0.000000000000000000e+00 1.463076496124267578e+01 1.676747192382812500e+03 4.087286682128906250e+02
1.700000000000000000e+04 0.000000000000000000e+00 1.455393695831298828e+01 1.676888061523437500e+03 4.086390991210937500e+02 0.000000000000000000e+00 1.455393695831298828e+01 1.676888061523437500e+03 4.086390991210937500e+02
1.800000000000000000e+04 0.000000000000000000e+00 1.455374240875244141e+01 1.676888427734375000e+03 4.086389160156250000e+02 0.000000000000000000e+00 1.455374240875244141e+01 1.676888427734375000e+03 4.086389160156250000e+02
1.900000000000000000e+04 0.000000000000000000e+00 1.455345344543457031e+01 1.676888916015625000e+03 4.086385803222656250e+02 0.000000000000000000e+00 1.455345344543457031e+01 1.676888916015625000e+03 4.086385803222656250e+02
2.000000000000000000e+04 0.000000000000000000e+00 2.379197692871093750e+01 1.857975219726562500e+03 4.195556030273437500e+02 0.000000000000000000e+00 2.379197692871093750e+01 1.857975219726562500e+03 4.195556030273437500e+02
