# step, loss_train, loss_test, metrics_test
0.000000000000000000e+00 0.000000000000000000e+00 1.445356559753417969e+01 6.265342285156250000e+03 1.747720184326171875e+02 0.000000000000000000e+00 1.445356559753417969e+01 6.265342285156250000e+03 1.747720184326171875e+02
1.000000000000000000e+03 0.000000000000000000e+00 1.406849670410156250e+01 1.145152211189270020e+00 9.655706787109375000e+01 0.000000000000000000e+00 1.406849670410156250e+01 1.145152211189270020e+00 9.655706787109375000e+01
2.000000000000000000e+03 0.000000000000000000e+00 2.127361297607421875e+00 1.284935697913169861e-02 1.791164207458496094e+01 0.000000000000000000e+00 2.127361297607421875e+00 1.284935697913169861e-02 1.791164207458496094e+01
3.000000000000000000e+03 0.000000000000000000e+00 3.750240802764892578e-01 7.579308003187179565e-02 9.339697837829589844e+00 0.000000000000000000e+00 3.750240802764892578e-01 7.579308003187179565e-02 9.339697837829589844e+00
4.000000000000000000e+03 0.000000000000000000e+00 7.067796230316162109e+00 2.939099967479705811e-01 1.345979614257812500e+02 0.000000000000000000e+00 7.067796230316162109e+00 2.939099967479705811e-01 1.345979614257812500e+02
5.000000000000000000e+03 0.000000000000000000e+00 4.429928779602050781e+00 2.485633194446563721e-01 5.959854888916015625e+01 0.000000000000000000e+00 4.429928779602050781e+00 2.485633194446563721e-01 5.959854888916015625e+01
6.000000000000000000e+03 0.000000000000000000e+00 2.943340063095092773e+00 3.954405593872070312e+01 1.936494827270507812e+01 0.000000000000000000e+00 2.943340063095092773e+00 3.954405593872070312e+01 1.936494827270507812e+01
7.000000000000000000e+03 0.000000000000000000e+00 4.666062071919441223e-02 3.809739276766777039e-02 4.323842525482177734e+00 0.000000000000000000e+00 4.666062071919441223e-02 3.809739276766777039e-02 4.323842525482177734e+00
8.000000000000000000e+03 0.000000000000000000e+00 1.108790468424558640e-02 2.977864816784858704e-02 1.023969292640686035e+00 0.000000000000000000e+00 1.108790468424558640e-02 2.977864816784858704e-02 1.023969292640686035e+00
9.000000000000000000e+03 0.000000000000000000e+00 2.692814469337463379e-01 5.269785404205322266e+00 8.956251144409179688e-01 0.000000000000000000e+00 2.692814469337463379e-01 5.269785404205322266e+00 8.956251144409179688e-01
1.000000000000000000e+04 0.000000000000000000e+00 1.040597057342529297e+01 7.350624799728393555e-01 1.302564849853515625e+02 0.000000000000000000e+00 1.040597057342529297e+01 7.350624799728393555e-01 1.302564849853515625e+02
1.100000000000000000e+04 0.000000000000000000e+00 4.503777027130126953e+00 5.079272270202636719e+00 7.737806701660156250e+01 0.000000000000000000e+00 4.503777027130126953e+00 5.079272270202636719e+00 7.737806701660156250e+01
1.200000000000000000e+04 0.000000000000000000e+00 3.905169010162353516e+00 9.778010559082031250e+01 8.442559051513671875e+01 0.000000000000000000e+00 3.905169010162353516e+00 9.778010559082031250e+01 8.442559051513671875e+01
1.300000000000000000e+04 0.000000000000000000e+00 1.304172515869140625e+00 1.220409679412841797e+01 4.918530654907226562e+01 0.000000000000000000e+00 1.304172515869140625e+00 1.220409679412841797e+01 4.918530654907226562e+01
1.400000000000000000e+04 0.000000000000000000e+00 2.124744653701782227e-01 3.118538856506347656e+00 2.150903701782226562e+01 0.000000000000000000e+00 2.124744653701782227e-01 3.118538856506347656e+00 2.150903701782226562e+01
1.500000000000000000e+04 0.000000000000000000e+00 1.181885972619056702e-02 6.300650238990783691e-01 9.568546295166015625e+00 0.000000000000000000e+00 1.181885972619056702e-02 6.300650238990783691e-01 9.568546295166015625e+00
1.600000000000000000e+04 0.000000000000000000e+00 2.173939228057861328e+00 6.845072656869888306e-02 5.521490478515625000e+01 0.000000000000000000e+00 2.173939228057861328e+00 6.845072656869888306e-02 5.521490478515625000e+01
1.700000000000000000e+04 0.000000000000000000e+00 1.010533943772315979e-01 4.840065479278564453e+00 2.419315528869628906e+01 0.000000000000000000e+00 1.010533943772315979e-01 4.840065479278564453e+00 2.419315528869628906e+01
1.800000000000000000e+04 0.000000000000000000e+00 8.777406215667724609e-01 9.808876800537109375e+01 1.689331436157226562e+01 0.000000000000000000e+00 8.777406215667724609e-01 9.808876800537109375e+01 1.689331436157226562e+01
1.900000000000000000e+04 0.000000000000000000e+00 1.923075318336486816e-01 1.855270862579345703e-01 1.650054550170898438e+01 0.000000000000000000e+00 1.923075318336486816e-01 1.855270862579345703e-01 1.650054550170898438e+01
2.000000000000000000e+04 0.000000000000000000e+00 1.298237685114145279e-02 9.954666495323181152e-01 1.021618366241455078e+01 0.000000000000000000e+00 1.298237685114145279e-02 9.954666495323181152e-01 1.021618366241455078e+01
