# step, loss_train, loss_test, metrics_test
0.000000000000000000e+00 2.797397994995117188e+01 3.892486953735351562e+01 1.303467871093750000e+04 1.154832916259765625e+02 2.797397994995117188e+01 3.892486953735351562e+01 1.303467871093750000e+04 1.154832916259765625e+02
1.000000000000000000e+03 8.580327420792954740e-11 1.527926540374755859e+01 2.774591308593750000e+03 1.063547134399414062e+02 8.580327420792954740e-11 1.527926540374755859e+01 2.774591308593750000e+03 1.063547134399414062e+02
2.000000000000000000e+03 8.511755189566372337e-11 1.523550510406494141e+01 2.774635498046875000e+03 1.063418731689453125e+02 8.511755189566372337e-11 1.523550510406494141e+01 2.774635498046875000e+03 1.063418731689453125e+02
3.000000000000000000e+03 1.698717121828563492e-12 1.525661087036132812e+01 2.774611328125000000e+03 1.063480758666992188e+02 1.698717121828563492e-12 1.525661087036132812e+01 2.774611328125000000e+03 1.063480758666992188e+02
4.000000000000000000e+03 9.166399193502594578e-13 1.536577701568603516e+01 2.774574707031250000e+03 1.063800659179687500e+02 9.166399193502594578e-13 1.536577701568603516e+01 2.774574707031250000e+03 1.063800659179687500e+02
5.000000000000000000e+03 1.796325005857060154e-15 1.523521232604980469e+01 2.774635986328125000e+03 1.063417968750000000e+02 1.796325005857060154e-15 1.523521232604980469e+01 2.774635986328125000e+03 1.063417968750000000e+02
6.000000000000000000e+03 1.796325005857060154e-15 1.523521232604980469e+01 2.774635986328125000e+03 1.063417968750000000e+02 1.796325005857060154e-15 1.523521232604980469e+01 2.774635986328125000e+03 1.063417968750000000e+02
7.000000000000000000e+03 1.939298449881192085e-15 1.062064456939697266e+01 3.104967041015625000e+03 1.050277709960937500e+02 1.939298449881192085e-15 1.062064456939697266e+01 3.104967041015625000e+03 1.050277709960937500e+02
8.000000000000000000e+03 2.894569078783909566e-15 1.570992660522460938e+01 2.775399414062500000e+03 1.064810562133789062e+02 2.894569078783909566e-15 1.570992660522460938e+01 2.775399414062500000e+03 1.064810562133789062e+02
9.000000000000000000e+03 4.353331338127633746e-15 1.523579502105712891e+01 2.774635498046875000e+03 1.063419570922851562e+02 4.353331338127633746e-15 1.523579502105712891e+01 2.774635498046875000e+03 1.063419570922851562e+02
1.000000000000000000e+04 5.236924344967797823e-15 1.523559761047363281e+01 2.774635498046875000e+03 1.063419036865234375e+02 5.236924344967797823e-15 1.523559761047363281e+01 2.774635498046875000e+03 1.063419036865234375e+02
1.100000000000000000e+04 2.563961531558715465e-15 1.523521232604980469e+01 2.774636474609375000e+03 1.063417892456054688e+02 2.563961531558715465e-15 1.523521232604980469e+01 2.774636474609375000e+03 1.063417892456054688e+02
1.200000000000000000e+04 1.046582580561743973e-15 1.523352813720703125e+01 2.774638183593750000e+03 1.063413085937500000e+02 1.046582580561743973e-15 1.523352813720703125e+01 2.774638183593750000e+03 1.063413085937500000e+02
1.300000000000000000e+04 3.059642618253531057e-16 1.518021297454833984e+01 2.774726806640625000e+03 1.063256835937500000e+02 3.059642618253531057e-16 1.518021297454833984e+01 2.774726806640625000e+03 1.063256835937500000e+02
1.400000000000000000e+04 9.209159916485977243e-17 1.531011295318603516e+01 2.774574707031250000e+03 1.063637390136718750e+02 9.209159916485977243e-17 1.531011295318603516e+01 2.774574707031250000e+03 1.063637390136718750e+02
1.500000000000000000e+04 2.912404336870194122e-17 1.523412132263183594e+01 2.774637695312500000e+03 1.063414688110351562e+02 2.912404336870194122e-17 1.523412132263183594e+01 2.774637695312500000e+03 1.063414688110351562e+02
1.600000000000000000e+04 6.044298485021435224e-18 1.522754096984863281e+01 2.774646484375000000e+03 1.063395462036132812e+02 6.044298485021435224e-18 1.522754096984863281e+01 2.774646484375000000e+03 1.063395462036132812e+02
1.700000000000000000e+04 9.451478382389354563e-19 1.541318225860595703e+01 2.774605224609375000e+03 1.063939743041992188e+02 9.451478382389354563e-19 1.541318225860595703e+01 2.774605224609375000e+03 1.063939743041992188e+02
1.800000000000000000e+04 7.009039647032337678e-18 1.526052665710449219e+01 2.774607421875000000e+03 1.063491973876953125e+02 7.009039647032337678e-18 1.526052665710449219e+01 2.774607421875000000e+03 1.063491973876953125e+02
1.900000000000000000e+04 3.110884008746577964e-18 1.523598194122314453e+01 2.774635009765625000e+03 1.063420104980468750e+02 3.110884008746577964e-18 1.523598194122314453e+01 2.774635009765625000e+03 1.063420104980468750e+02
2.000000000000000000e+04 1.767112353246780308e-18 1.523855590820312500e+01 2.774631835937500000e+03 1.063427658081054688e+02 1.767112353246780308e-18 1.523855590820312500e+01 2.774631835937500000e+03 1.063427658081054688e+02
