# step, loss_train, loss_test, metrics_test
0.000000000000000000e+00 0.000000000000000000e+00 1.834412384033203125e+01 8.284593750000000000e+03 1.793993988037109375e+02 0.000000000000000000e+00 1.834412384033203125e+01 8.284593750000000000e+03 1.793993988037109375e+02
1.000000000000000000e+03 0.000000000000000000e+00 1.115882587432861328e+01 3.556334960937500000e+03 1.709641571044921875e+02 0.000000000000000000e+00 1.115882587432861328e+01 3.556334960937500000e+03 1.709641571044921875e+02
2.000000000000000000e+03 0.000000000000000000e+00 1.317832088470458984e+01 2.382410888671875000e+03 1.719876098632812500e+02 0.000000000000000000e+00 1.317832088470458984e+01 2.382410888671875000e+03 1.719876098632812500e+02
3.000000000000000000e+03 0.000000000000000000e+00 1.318204879760742188e+01 2.382405273437500000e+03 1.719896697998046875e+02 0.000000000000000000e+00 1.318204879760742188e+01 2.382405273437500000e+03 1.719896697998046875e+02
4.000000000000000000e+03 0.000000000000000000e+00 1.720071220397949219e+01 2.518992675781250000e+03 1.742415161132812500e+02 0.000000000000000000e+00 1.720071220397949219e+01 2.518992675781250000e+03 1.742415161132812500e+02
5.000000000000000000e+03 0.000000000000000000e+00 1.317516422271728516e+01 2.382416015625000000e+03 1.719858398437500000e+02 0.000000000000000000e+00 1.317516422271728516e+01 2.382416015625000000e+03 1.719858398437500000e+02
6.000000000000000000e+03 0.000000000000000000e+00 1.500404357910156250e+01 2.416128662109375000e+03 1.730073242187500000e+02 0.000000000000000000e+00 1.500404357910156250e+01 2.416128662109375000e+03 1.730073242187500000e+02
7.000000000000000000e+03 0.000000000000000000e+00 2.887283515930175781e+01 8.518976562500000000e+03 1.813478546142578125e+02 0.000000000000000000e+00 2.887283515930175781e+01 8.518976562500000000e+03 1.813478546142578125e+02
8.000000000000000000e+03 0.000000000000000000e+00 2.675326232910156250e+02 3.648866796875000000e+04 3.170339050292968750e+02 0.000000000000000000e+00 2.675326232910156250e+02 3.648866796875000000e+04 3.170339050292968750e+02
9.000000000000000000e+03 0.000000000000000000e+00 1.317822551727294922e+01 2.382410888671875000e+03 1.719875488281250000e+02 0.000000000000000000e+00 1.317822551727294922e+01 2.382410888671875000e+03 1.719875488281250000e+02
1.000000000000000000e+04 0.000000000000000000e+00 1.317932033538818359e+01 2.382409179687500000e+03 1.719881744384765625e+02 0.000000000000000000e+00 1.317932033538818359e+01 2.382409179687500000e+03 1.719881744384765625e+02
1.100000000000000000e+04 0.000000000000000000e+00 1.317964839935302734e+01 2.382408691406250000e+03 1.719883422851562500e+02 0.000000000000000000e+00 1.317964839935302734e+01 2.382408691406250000e+03 1.719883422851562500e+02
1.200000000000000000e+04 0.000000000000000000e+00 1.397389221191406250e+01 2.389081542968750000e+03 1.724310302734375000e+02 0.000000000000000000e+00 1.397389221191406250e+01 2.389081542968750000e+03 1.724310302734375000e+02
1.300000000000000000e+04 0.000000000000000000e+00 1.317760944366455078e+01 2.382412109375000000e+03 1.719872131347656250e+02 0.000000000000000000e+00 1.317760944366455078e+01 2.382412109375000000e+03 1.719872131347656250e+02
1.400000000000000000e+04 0.000000000000000000e+00 1.317761039733886719e+01 2.382412109375000000e+03 1.719872131347656250e+02 0.000000000000000000e+00 1.317761039733886719e+01 2.382412109375000000e+03 1.719872131347656250e+02
1.500000000000000000e+04 0.000000000000000000e+00 5.286864089965820312e+01 6.208044433593750000e+03 1.944679260253906250e+02 0.000000000000000000e+00 5.286864089965820312e+01 6.208044433593750000e+03 1.944679260253906250e+02
1.600000000000000000e+04 0.000000000000000000e+00 1.378442859649658203e+01 2.386186767578125000e+03 1.723252716064453125e+02 0.000000000000000000e+00 1.378442859649658203e+01 2.386186767578125000e+03 1.723252716064453125e+02
1.700000000000000000e+04 0.000000000000000000e+00 1.317583560943603516e+01 2.382414794921875000e+03 1.719862213134765625e+02 0.000000000000000000e+00 1.317583560943603516e+01 2.382414794921875000e+03 1.719862213134765625e+02
1.800000000000000000e+04 0.000000000000000000e+00 1.317866897583007812e+01 2.382410400390625000e+03 1.719878234863281250e+02 0.000000000000000000e+00 1.317866897583007812e+01 2.382410400390625000e+03 1.719878234863281250e+02
1.900000000000000000e+04 0.000000000000000000e+00 1.317719078063964844e+01 2.382412597656250000e+03 1.719869842529296875e+02 0.000000000000000000e+00 1.317719078063964844e+01 2.382412597656250000e+03 1.719869842529296875e+02
2.000000000000000000e+04 0.000000000000000000e+00 1.317847824096679688e+01 2.382410644531250000e+03 1.719877014160156250e+02 0.000000000000000000e+00 1.317847824096679688e+01 2.382410644531250000e+03 1.719877014160156250e+02
