# step, loss_train, loss_test, metrics_test
0.000000000000000000e+00 3.954903515625000000e+04 9.443180847167968750e+01 4.463775390625000000e+03 4.817954711914062500e+02 3.954903515625000000e+04 9.443180847167968750e+01 4.463775390625000000e+03 4.817954711914062500e+02
1.000000000000000000e+03 3.779022979736328125e+01 2.550148963928222656e+01 3.341603994369506836e+00 3.729832763671875000e+02 3.779022979736328125e+01 2.550148963928222656e+01 3.341603994369506836e+00 3.729832763671875000e+02
2.000000000000000000e+03 1.927010726928710938e+01 1.146703243255615234e+01 2.074503660202026367e+00 3.543531494140625000e+02 1.927010726928710938e+01 1.146703243255615234e+01 2.074503660202026367e+00 3.543531494140625000e+02
3.000000000000000000e+03 1.204802513122558594e+01 6.969907283782958984e+00 2.532359123229980469e+00 3.408164672851562500e+02 1.204802513122558594e+01 6.969907283782958984e+00 2.532359123229980469e+00 3.408164672851562500e+02
4.000000000000000000e+03 1.551471805572509766e+01 1.285830688476562500e+01 2.494545936584472656e+00 2.941608886718750000e+02 1.551471805572509766e+01 1.285830688476562500e+01 2.494545936584472656e+00 2.941608886718750000e+02
5.000000000000000000e+03 2.992679977416992188e+01 8.164074897766113281e+00 9.415212631225585938e+00 2.339719085693359375e+02 2.992679977416992188e+01 8.164074897766113281e+00 9.415212631225585938e+00 2.339719085693359375e+02
6.000000000000000000e+03 4.286017608642578125e+01 6.372732639312744141e+00 1.148685169219970703e+01 1.671385040283203125e+02 4.286017608642578125e+01 6.372732639312744141e+00 1.148685169219970703e+01 1.671385040283203125e+02
7.000000000000000000e+03 3.820674896240234375e+01 4.758950710296630859e+00 8.168762207031250000e+01 1.497246398925781250e+02 3.820674896240234375e+01 4.758950710296630859e+00 8.168762207031250000e+01 1.497246398925781250e+02
8.000000000000000000e+03 5.438635635375976562e+01 7.071606159210205078e+00 1.256355190277099609e+01 6.738288116455078125e+01 5.438635635375976562e+01 7.071606159210205078e+00 1.256355190277099609e+01 6.738288116455078125e+01
9.000000000000000000e+03 1.121601257324218750e+02 3.174553394317626953e+00 7.308367156982421875e+01 3.574971389770507812e+01 1.121601257324218750e+02 3.174553394317626953e+00 7.308367156982421875e+01 3.574971389770507812e+01
1.000000000000000000e+04 6.817193603515625000e+01 1.077925682067871094e+01 4.578866577148437500e+01 4.564711761474609375e+01 6.817193603515625000e+01 1.077925682067871094e+01 4.578866577148437500e+01 4.564711761474609375e+01
1.100000000000000000e+04 5.989487075805664062e+01 2.674846458435058594e+01 3.628007507324218750e+01 1.280001983642578125e+02 5.989487075805664062e+01 2.674846458435058594e+01 3.628007507324218750e+01 1.280001983642578125e+02
1.200000000000000000e+04 1.239729385375976562e+02 4.703366279602050781e+00 9.998676300048828125e+01 2.292521095275878906e+01 1.239729385375976562e+02 4.703366279602050781e+00 9.998676300048828125e+01 2.292521095275878906e+01
1.300000000000000000e+04 5.095089340209960938e+01 1.607249736785888672e+00 3.859704971313476562e+00 9.095420837402343750e+00 5.095089340209960938e+01 1.607249736785888672e+00 3.859704971313476562e+00 9.095420837402343750e+00
1.400000000000000000e+04 1.207921447753906250e+02 2.219440937042236328e+00 1.855921554565429688e+01 1.648909950256347656e+01 1.207921447753906250e+02 2.219440937042236328e+00 1.855921554565429688e+01 1.648909950256347656e+01
1.500000000000000000e+04 3.196282958984375000e+01 8.985996246337890625e+00 2.569415283203125000e+01 5.552770233154296875e+01 3.196282958984375000e+01 8.985996246337890625e+00 2.569415283203125000e+01 5.552770233154296875e+01
1.600000000000000000e+04 3.548159408569335938e+01 3.336305618286132812e+00 1.927426147460937500e+01 4.584868431091308594e+00 3.548159408569335938e+01 3.336305618286132812e+00 1.927426147460937500e+01 4.584868431091308594e+00
1.700000000000000000e+04 9.128406524658203125e+00 8.187184929847717285e-01 2.041039228439331055e+00 5.077534198760986328e+00 9.128406524658203125e+00 8.187184929847717285e-01 2.041039228439331055e+00 5.077534198760986328e+00
1.800000000000000000e+04 1.043176460266113281e+01 5.480609536170959473e-01 3.743623495101928711e+00 3.854865074157714844e+00 1.043176460266113281e+01 5.480609536170959473e-01 3.743623495101928711e+00 3.854865074157714844e+00
1.900000000000000000e+04 1.513759422302246094e+01 1.012126684188842773e+00 4.434792995452880859e+00 4.206597805023193359e+00 1.513759422302246094e+01 1.012126684188842773e+00 4.434792995452880859e+00 4.206597805023193359e+00
2.000000000000000000e+04 5.135873031616210938e+01 1.682988739013671875e+01 8.170822906494140625e+01 4.323202896118164062e+01 5.135873031616210938e+01 1.682988739013671875e+01 8.170822906494140625e+01 4.323202896118164062e+01
