# step, loss_train, loss_test, metrics_test
0.000000000000000000e+00 1.799697070312500000e+04 7.765275573730468750e+01 1.388240429687500000e+04 5.624655151367187500e+02 1.799697070312500000e+04 7.765275573730468750e+01 1.388240429687500000e+04 5.624655151367187500e+02
1.000000000000000000e+03 4.117863281250000000e+03 5.281549453735351562e+01 5.620569824218750000e+03 4.475324401855468750e+02 4.117863281250000000e+03 5.281549453735351562e+01 5.620569824218750000e+03 4.475324401855468750e+02
2.000000000000000000e+03 1.822010131835937500e+03 4.422637176513671875e+01 3.048984619140625000e+03 4.168227233886718750e+02 1.822010131835937500e+03 4.422637176513671875e+01 3.048984619140625000e+03 4.168227233886718750e+02
3.000000000000000000e+03 6.848068847656250000e+02 3.028561592102050781e+01 1.938381591796875000e+03 4.035458068847656250e+02 6.848068847656250000e+02 3.028561592102050781e+01 1.938381591796875000e+03 4.035458068847656250e+02
4.000000000000000000e+03 3.425893249511718750e+02 2.492091941833496094e+01 1.521205444335937500e+03 3.981089782714843750e+02 3.425893249511718750e+02 2.492091941833496094e+01 1.521205444335937500e+03 3.981089782714843750e+02
5.000000000000000000e+03 2.272883300781250000e+02 2.557954216003417969e+01 1.354092651367187500e+03 3.977520751953125000e+02 2.272883300781250000e+02 2.557954216003417969e+01 1.354092651367187500e+03 3.977520751953125000e+02
6.000000000000000000e+03 1.941516113281250000e+02 2.669732475280761719e+01 1.292076416015625000e+03 3.973277282714843750e+02 1.941516113281250000e+02 2.669732475280761719e+01 1.292076416015625000e+03 3.973277282714843750e+02
7.000000000000000000e+03 2.491961517333984375e+02 2.697653198242187500e+01 1.228386108398437500e+03 3.968085632324218750e+02 2.491961517333984375e+02 2.697653198242187500e+01 1.228386108398437500e+03 3.968085632324218750e+02
8.000000000000000000e+03 2.202002716064453125e+02 2.598159408569335938e+01 1.210397827148437500e+03 3.977695922851562500e+02 2.202002716064453125e+02 2.598159408569335938e+01 1.210397827148437500e+03 3.977695922851562500e+02
9.000000000000000000e+03 1.206784515380859375e+02 2.594211959838867188e+01 1.143853759765625000e+03 3.964680480957031250e+02 1.206784515380859375e+02 2.594211959838867188e+01 1.143853759765625000e+03 3.964680480957031250e+02
1.000000000000000000e+04 9.543917083740234375e+01 2.583185768127441406e+01 1.081484619140625000e+03 3.941641845703125000e+02 9.543917083740234375e+01 2.583185768127441406e+01 1.081484619140625000e+03 3.941641845703125000e+02
1.100000000000000000e+04 8.528416442871093750e+01 2.636870765686035156e+01 1.010997863769531250e+03 3.921172485351562500e+02 8.528416442871093750e+01 2.636870765686035156e+01 1.010997863769531250e+03 3.921172485351562500e+02
1.200000000000000000e+04 9.667366027832031250e+01 2.766686630249023438e+01 9.084494628906250000e+02 3.891300964355468750e+02 9.667366027832031250e+01 2.766686630249023438e+01 9.084494628906250000e+02 3.891300964355468750e+02
1.300000000000000000e+04 1.237524948120117188e+02 3.306575393676757812e+01 7.478101196289062500e+02 3.847628784179687500e+02 1.237524948120117188e+02 3.306575393676757812e+01 7.478101196289062500e+02 3.847628784179687500e+02
1.400000000000000000e+04 1.353868713378906250e+02 3.988575744628906250e+01 5.863552856445312500e+02 3.791895751953125000e+02 1.353868713378906250e+02 3.988575744628906250e+01 5.863552856445312500e+02 3.791895751953125000e+02
1.500000000000000000e+04 1.379443054199218750e+02 5.135422134399414062e+01 3.999312744140625000e+02 3.724226684570312500e+02 1.379443054199218750e+02 5.135422134399414062e+01 3.999312744140625000e+02 3.724226684570312500e+02
1.600000000000000000e+04 1.491747436523437500e+02 6.255896377563476562e+01 2.230236053466796875e+02 3.676976623535156250e+02 1.491747436523437500e+02 6.255896377563476562e+01 2.230236053466796875e+02 3.676976623535156250e+02
1.700000000000000000e+04 1.395693359375000000e+02 6.881352996826171875e+01 1.058960800170898438e+02 3.668171386718750000e+02 1.395693359375000000e+02 6.881352996826171875e+01 1.058960800170898438e+02 3.668171386718750000e+02
1.800000000000000000e+04 9.360079193115234375e+01 7.172521209716796875e+01 4.771408462524414062e+01 3.663881225585937500e+02 9.360079193115234375e+01 7.172521209716796875e+01 4.771408462524414062e+01 3.663881225585937500e+02
1.900000000000000000e+04 6.893650054931640625e+01 6.716160583496093750e+01 2.712999343872070312e+01 3.671719360351562500e+02 6.893650054931640625e+01 6.716160583496093750e+01 2.712999343872070312e+01 3.671719360351562500e+02
2.000000000000000000e+04 4.559795379638671875e+01 6.186094284057617188e+01 1.625989723205566406e+01 3.686346435546875000e+02 4.559795379638671875e+01 6.186094284057617188e+01 1.625989723205566406e+01 3.686346435546875000e+02
