# step, loss_train, loss_test, metrics_test
0.000000000000000000e+00 8.062167500000000000e+06 3.746751098632812500e+02 2.167807421875000000e+04 5.661648559570312500e+02 8.062167500000000000e+06 3.746751098632812500e+02 2.167807421875000000e+04 5.661648559570312500e+02
1.000000000000000000e+03 2.908717989921569824e-01 2.237679290771484375e+01 1.382861137390136719e-01 3.728789978027343750e+02 2.908717989921569824e-01 2.237679290771484375e+01 1.382861137390136719e-01 3.728789978027343750e+02
2.000000000000000000e+03 2.392494201660156250e+00 5.234893321990966797e+00 5.873734131455421448e-02 3.351025085449218750e+02 2.392494201660156250e+00 5.234893321990966797e+00 5.873734131455421448e-02 3.351025085449218750e+02
3.000000000000000000e+03 1.151376813650131226e-01 2.769783735275268555e+00 3.819679468870162964e-02 2.893824462890625000e+02 1.151376813650131226e-01 2.769783735275268555e+00 3.819679468870162964e-02 2.893824462890625000e+02
4.000000000000000000e+03 2.808067871093750000e+03 1.445739388465881348e+00 2.795729875564575195e+00 2.469508209228515625e+02 2.808067871093750000e+03 1.445739388465881348e+00 2.795729875564575195e+00 2.469508209228515625e+02
5.000000000000000000e+03 2.878789901733398438e+01 1.282965183258056641e+00 2.007825300097465515e-02 2.082990875244140625e+02 2.878789901733398438e+01 1.282965183258056641e+00 2.007825300097465515e-02 2.082990875244140625e+02
6.000000000000000000e+03 7.864813804626464844e+00 8.526670336723327637e-01 2.178695797920227051e-02 1.737488403320312500e+02 7.864813804626464844e+00 8.526670336723327637e-01 2.178695797920227051e-02 1.737488403320312500e+02
7.000000000000000000e+03 2.196248626708984375e+01 5.716806054115295410e-01 5.215566232800483704e-02 1.414683685302734375e+02 2.196248626708984375e+01 5.716806054115295410e-01 5.215566232800483704e-02 1.414683685302734375e+02
8.000000000000000000e+03 3.485280761718750000e+02 4.286234378814697266e-01 6.337909698486328125e-01 1.127630767822265625e+02 3.485280761718750000e+02 4.286234378814697266e-01 6.337909698486328125e-01 1.127630767822265625e+02
9.000000000000000000e+03 2.827498474121093750e+02 3.080741763114929199e-01 3.297103941440582275e-01 8.790211486816406250e+01 2.827498474121093750e+02 3.080741763114929199e-01 3.297103941440582275e-01 8.790211486816406250e+01
1.000000000000000000e+04 4.447018051147460938e+01 1.892397552728652954e-01 6.981317698955535889e-02 6.838098907470703125e+01 4.447018051147460938e+01 1.892397552728652954e-01 6.981317698955535889e-02 6.838098907470703125e+01
1.100000000000000000e+04 5.019251632690429688e+01 1.773653924465179443e-01 1.608267575502395630e-01 5.114463424682617188e+01 5.019251632690429688e+01 1.773653924465179443e-01 1.608267575502395630e-01 5.114463424682617188e+01
1.200000000000000000e+04 2.799895019531250000e+02 1.103799790143966675e-01 3.032008111476898193e-01 3.971370315551757812e+01 2.799895019531250000e+02 1.103799790143966675e-01 3.032008111476898193e-01 3.971370315551757812e+01
1.300000000000000000e+04 7.750930786132812500e+01 5.300337448716163635e-02 1.459293663501739502e-01 3.023893737792968750e+01 7.750930786132812500e+01 5.300337448716163635e-02 1.459293663501739502e-01 3.023893737792968750e+01
1.400000000000000000e+04 5.624119567871093750e+01 1.895914599299430847e-02 1.067088842391967773e-01 2.391551780700683594e+01 5.624119567871093750e+01 1.895914599299430847e-02 1.067088842391967773e-01 2.391551780700683594e+01
1.500000000000000000e+04 5.512887573242187500e+01 1.481967568397521973e-01 1.076250001788139343e-01 1.987423515319824219e+01 5.512887573242187500e+01 1.481967568397521973e-01 1.076250001788139343e-01 1.987423515319824219e+01
1.600000000000000000e+04 5.456285858154296875e+01 1.894641295075416565e-02 5.930774658918380737e-02 1.499087619781494141e+01 5.456285858154296875e+01 1.894641295075416565e-02 5.930774658918380737e-02 1.499087619781494141e+01
1.700000000000000000e+04 1.099167251586914062e+02 3.857815265655517578e-02 8.780117332935333252e-02 1.227553367614746094e+01 1.099167251586914062e+02 3.857815265655517578e-02 8.780117332935333252e-02 1.227553367614746094e+01
1.800000000000000000e+04 1.918548011779785156e+01 4.228017106652259827e-02 3.571428731083869934e-02 1.112884044647216797e+01 1.918548011779785156e+01 4.228017106652259827e-02 3.571428731083869934e-02 1.112884044647216797e+01
1.900000000000000000e+04 3.813409042358398438e+01 1.499420311301946640e-02 5.792801454663276672e-02 8.034508705139160156e+00 3.813409042358398438e+01 1.499420311301946640e-02 5.792801454663276672e-02 8.034508705139160156e+00
2.000000000000000000e+04 4.579372406005859375e+01 1.244287565350532532e-02 9.758175909519195557e-02 6.842539787292480469e+00 4.579372406005859375e+01 1.244287565350532532e-02 9.758175909519195557e-02 6.842539787292480469e+00
