# step, loss_train, loss_test, metrics_test
0.000000000000000000e+00 0.000000000000000000e+00 4.011080551147460938e+01 0.000000000000000000e+00 0.000000000000000000e+00 0.000000000000000000e+00 4.011080551147460938e+01 0.000000000000000000e+00 0.000000000000000000e+00
1.000000000000000000e+03 0.000000000000000000e+00 1.537034225463867188e+01 0.000000000000000000e+00 0.000000000000000000e+00 0.000000000000000000e+00 1.537034225463867188e+01 0.000000000000000000e+00 0.000000000000000000e+00
2.000000000000000000e+03 0.000000000000000000e+00 2.256171798706054688e+01 0.000000000000000000e+00 0.000000000000000000e+00 0.000000000000000000e+00 2.256171798706054688e+01 0.000000000000000000e+00 0.000000000000000000e+00
3.000000000000000000e+03 0.000000000000000000e+00 8.415143966674804688e+00 0.000000000000000000e+00 0.000000000000000000e+00 0.000000000000000000e+00 8.415143966674804688e+00 0.000000000000000000e+00 0.000000000000000000e+00
4.000000000000000000e+03 0.000000000000000000e+00 2.078428077697753906e+01 0.000000000000000000e+00 0.000000000000000000e+00 0.000000000000000000e+00 2.078428077697753906e+01 0.000000000000000000e+00 0.000000000000000000e+00
5.000000000000000000e+03 0.000000000000000000e+00 9.682482719421386719e+00 0.000000000000000000e+00 0.000000000000000000e+00 0.000000000000000000e+00 9.682482719421386719e+00 0.000000000000000000e+00 0.000000000000000000e+00
6.000000000000000000e+03 0.000000000000000000e+00 2.684131813049316406e+01 0.000000000000000000e+00 0.000000000000000000e+00 0.000000000000000000e+00 2.684131813049316406e+01 0.000000000000000000e+00 0.000000000000000000e+00
7.000000000000000000e+03 0.000000000000000000e+00 2.310404777526855469e+01 0.000000000000000000e+00 0.000000000000000000e+00 0.000000000000000000e+00 2.310404777526855469e+01 0.000000000000000000e+00 0.000000000000000000e+00
8.000000000000000000e+03 0.000000000000000000e+00 2.016500473022460938e+01 0.000000000000000000e+00 0.000000000000000000e+00 0.000000000000000000e+00 2.016500473022460938e+01 0.000000000000000000e+00 0.000000000000000000e+00
9.000000000000000000e+03 0.000000000000000000e+00 4.930977630615234375e+01 0.000000000000000000e+00 0.000000000000000000e+00 0.000000000000000000e+00 4.930977630615234375e+01 0.000000000000000000e+00 0.000000000000000000e+00
1.000000000000000000e+04 0.000000000000000000e+00 1.346812534332275391e+01 0.000000000000000000e+00 0.000000000000000000e+00 0.000000000000000000e+00 1.346812534332275391e+01 0.000000000000000000e+00 0.000000000000000000e+00
1.100000000000000000e+04 0.000000000000000000e+00 3.926865005493164062e+01 0.000000000000000000e+00 0.000000000000000000e+00 0.000000000000000000e+00 3.926865005493164062e+01 0.000000000000000000e+00 0.000000000000000000e+00
1.200000000000000000e+04 0.000000000000000000e+00 2.196313285827636719e+01 0.000000000000000000e+00 0.000000000000000000e+00 0.000000000000000000e+00 2.196313285827636719e+01 0.000000000000000000e+00 0.000000000000000000e+00
1.300000000000000000e+04 0.000000000000000000e+00 1.748030281066894531e+01 0.000000000000000000e+00 0.000000000000000000e+00 0.000000000000000000e+00 1.748030281066894531e+01 0.000000000000000000e+00 0.000000000000000000e+00
1.400000000000000000e+04 0.000000000000000000e+00 2.031362915039062500e+01 0.000000000000000000e+00 0.000000000000000000e+00 0.000000000000000000e+00 2.031362915039062500e+01 0.000000000000000000e+00 0.000000000000000000e+00
1.500000000000000000e+04 0.000000000000000000e+00 2.470224952697753906e+01 0.000000000000000000e+00 0.000000000000000000e+00 0.000000000000000000e+00 2.470224952697753906e+01 0.000000000000000000e+00 0.000000000000000000e+00
1.600000000000000000e+04 0.000000000000000000e+00 1.819245338439941406e+01 0.000000000000000000e+00 0.000000000000000000e+00 0.000000000000000000e+00 1.819245338439941406e+01 0.000000000000000000e+00 0.000000000000000000e+00
1.700000000000000000e+04 0.000000000000000000e+00 3.648709869384765625e+01 0.000000000000000000e+00 0.000000000000000000e+00 0.000000000000000000e+00 3.648709869384765625e+01 0.000000000000000000e+00 0.000000000000000000e+00
1.800000000000000000e+04 0.000000000000000000e+00 1.086241531372070312e+01 0.000000000000000000e+00 0.000000000000000000e+00 0.000000000000000000e+00 1.086241531372070312e+01 0.000000000000000000e+00 0.000000000000000000e+00
1.900000000000000000e+04 0.000000000000000000e+00 1.535836887359619141e+01 0.000000000000000000e+00 0.000000000000000000e+00 0.000000000000000000e+00 1.535836887359619141e+01 0.000000000000000000e+00 0.000000000000000000e+00
2.000000000000000000e+04 0.000000000000000000e+00 3.095114707946777344e+01 0.000000000000000000e+00 0.000000000000000000e+00 0.000000000000000000e+00 3.095114707946777344e+01 0.000000000000000000e+00 0.000000000000000000e+00
