# step, loss_train, loss_test, metrics_test
0.000000000000000000e+00 0.000000000000000000e+00 5.258921051025390625e+01 1.063116210937500000e+04 0.000000000000000000e+00 0.000000000000000000e+00 5.258921051025390625e+01 1.063116210937500000e+04 0.000000000000000000e+00
1.000000000000000000e+03 0.000000000000000000e+00 5.043924972414970398e-02 2.568449266254901886e-02 0.000000000000000000e+00 0.000000000000000000e+00 5.043924972414970398e-02 2.568449266254901886e-02 0.000000000000000000e+00
2.000000000000000000e+03 0.000000000000000000e+00 3.719166619703173637e-03 6.720004975795745850e-02 0.000000000000000000e+00 0.000000000000000000e+00 3.719166619703173637e-03 6.720004975795745850e-02 0.000000000000000000e+00
3.000000000000000000e+03 0.000000000000000000e+00 4.074507031250000000e+04 2.528828800000000000e+07 0.000000000000000000e+00 0.000000000000000000e+00 4.074507031250000000e+04 2.528828800000000000e+07 0.000000000000000000e+00
4.000000000000000000e+03 0.000000000000000000e+00 4.007475390625000000e+04 3.039655750000000000e+06 0.000000000000000000e+00 0.000000000000000000e+00 4.007475390625000000e+04 3.039655750000000000e+06 0.000000000000000000e+00
5.000000000000000000e+03 0.000000000000000000e+00 3.883689843750000000e+04 2.852848500000000000e+06 0.000000000000000000e+00 0.000000000000000000e+00 3.883689843750000000e+04 2.852848500000000000e+06 0.000000000000000000e+00
6.000000000000000000e+03 0.000000000000000000e+00 3.686144140625000000e+04 2.707433250000000000e+06 0.000000000000000000e+00 0.000000000000000000e+00 3.686144140625000000e+04 2.707433250000000000e+06 0.000000000000000000e+00
7.000000000000000000e+03 0.000000000000000000e+00 3.381786718750000000e+04 2.483127000000000000e+06 0.000000000000000000e+00 0.000000000000000000e+00 3.381786718750000000e+04 2.483127000000000000e+06 0.000000000000000000e+00
8.000000000000000000e+03 0.000000000000000000e+00 2.934963085937500000e+04 2.142503000000000000e+06 0.000000000000000000e+00 0.000000000000000000e+00 2.934963085937500000e+04 2.142503000000000000e+06 0.000000000000000000e+00
9.000000000000000000e+03 0.000000000000000000e+00 2.334393164062500000e+04 1.655705375000000000e+06 0.000000000000000000e+00 0.000000000000000000e+00 2.334393164062500000e+04 1.655705375000000000e+06 0.000000000000000000e+00
1.000000000000000000e+04 0.000000000000000000e+00 1.607624218750000000e+04 1.142956875000000000e+06 0.000000000000000000e+00 0.000000000000000000e+00 1.607624218750000000e+04 1.142956875000000000e+06 0.000000000000000000e+00
1.100000000000000000e+04 0.000000000000000000e+00 8.686033203125000000e+03 6.226875000000000000e+05 0.000000000000000000e+00 0.000000000000000000e+00 8.686033203125000000e+03 6.226875000000000000e+05 0.000000000000000000e+00
1.200000000000000000e+04 0.000000000000000000e+00 1.295470336914062500e+03 5.903356400000000000e+07 0.000000000000000000e+00 0.000000000000000000e+00 1.295470336914062500e+03 5.903356400000000000e+07 0.000000000000000000e+00
1.300000000000000000e+04 0.000000000000000000e+00 1.433079589843750000e+03 2.171088000000000000e+07 0.000000000000000000e+00 0.000000000000000000e+00 1.433079589843750000e+03 2.171088000000000000e+07 0.000000000000000000e+00
1.400000000000000000e+04 0.000000000000000000e+00 1.576130371093750000e+03 7.712022000000000000e+06 0.000000000000000000e+00 0.000000000000000000e+00 1.576130371093750000e+03 7.712022000000000000e+06 0.000000000000000000e+00
1.500000000000000000e+04 0.000000000000000000e+00 1.690347778320312500e+03 1.685057125000000000e+06 0.000000000000000000e+00 0.000000000000000000e+00 1.690347778320312500e+03 1.685057125000000000e+06 0.000000000000000000e+00
1.600000000000000000e+04 0.000000000000000000e+00 1.710939331054687500e+03 2.007243593750000000e+05 0.000000000000000000e+00 0.000000000000000000e+00 1.710939331054687500e+03 2.007243593750000000e+05 0.000000000000000000e+00
1.700000000000000000e+04 0.000000000000000000e+00 1.593633911132812500e+03 7.984021093750000000e+04 0.000000000000000000e+00 0.000000000000000000e+00 1.593633911132812500e+03 7.984021093750000000e+04 0.000000000000000000e+00
1.800000000000000000e+04 0.000000000000000000e+00 1.374723144531250000e+03 5.996853515625000000e+04 0.000000000000000000e+00 0.000000000000000000e+00 1.374723144531250000e+03 5.996853515625000000e+04 0.000000000000000000e+00
1.900000000000000000e+04 0.000000000000000000e+00 1.112612792968750000e+03 4.204339062500000000e+04 0.000000000000000000e+00 0.000000000000000000e+00 1.112612792968750000e+03 4.204339062500000000e+04 0.000000000000000000e+00
2.000000000000000000e+04 0.000000000000000000e+00 1.066118927001953125e+02 4.243554296875000000e+04 0.000000000000000000e+00 0.000000000000000000e+00 1.066118927001953125e+02 4.243554296875000000e+04 0.000000000000000000e+00
