# step, loss_train, loss_test, metrics_test
0.000000000000000000e+00 0.000000000000000000e+00 1.306931762695312500e+02 4.950294433593750000e+03 0.000000000000000000e+00 0.000000000000000000e+00 1.306931762695312500e+02 4.950294433593750000e+03 0.000000000000000000e+00
1.000000000000000000e+03 0.000000000000000000e+00 1.433473873138427734e+01 2.822425537109375000e+02 0.000000000000000000e+00 0.000000000000000000e+00 1.433473873138427734e+01 2.822425537109375000e+02 0.000000000000000000e+00
2.000000000000000000e+03 0.000000000000000000e+00 1.433993816375732422e+01 2.822372741699218750e+02 0.000000000000000000e+00 0.000000000000000000e+00 1.433993816375732422e+01 2.822372741699218750e+02 0.000000000000000000e+00
3.000000000000000000e+03 0.000000000000000000e+00 1.433995532989501953e+01 2.822371520996093750e+02 0.000000000000000000e+00 0.000000000000000000e+00 1.433995532989501953e+01 2.822371520996093750e+02 0.000000000000000000e+00
4.000000000000000000e+03 0.000000000000000000e+00 1.433993434906005859e+01 2.822370605468750000e+02 0.000000000000000000e+00 0.000000000000000000e+00 1.433993434906005859e+01 2.822370605468750000e+02 0.000000000000000000e+00
5.000000000000000000e+03 0.000000000000000000e+00 1.434101200103759766e+01 2.822361145019531250e+02 0.000000000000000000e+00 0.000000000000000000e+00 1.434101200103759766e+01 2.822361145019531250e+02 0.000000000000000000e+00
6.000000000000000000e+03 0.000000000000000000e+00 1.434043884277343750e+01 2.822366943359375000e+02 0.000000000000000000e+00 0.000000000000000000e+00 1.434043884277343750e+01 2.822366943359375000e+02 0.000000000000000000e+00
7.000000000000000000e+03 0.000000000000000000e+00 1.433986663818359375e+01 2.822372436523437500e+02 0.000000000000000000e+00 0.000000000000000000e+00 1.433986663818359375e+01 2.822372436523437500e+02 0.000000000000000000e+00
8.000000000000000000e+03 0.000000000000000000e+00 1.433986663818359375e+01 2.822372436523437500e+02 0.000000000000000000e+00 0.000000000000000000e+00 1.433986663818359375e+01 2.822372436523437500e+02 0.000000000000000000e+00
9.000000000000000000e+03 0.000000000000000000e+00 1.433986663818359375e+01 2.822372436523437500e+02 0.000000000000000000e+00 0.000000000000000000e+00 1.433986663818359375e+01 2.822372436523437500e+02 0.000000000000000000e+00
1.000000000000000000e+04 0.000000000000000000e+00 1.433986663818359375e+01 2.822372436523437500e+02 0.000000000000000000e+00 0.000000000000000000e+00 1.433986663818359375e+01 2.822372436523437500e+02 0.000000000000000000e+00
1.100000000000000000e+04 0.000000000000000000e+00 1.433986663818359375e+01 2.822372436523437500e+02 0.000000000000000000e+00 0.000000000000000000e+00 1.433986663818359375e+01 2.822372436523437500e+02 0.000000000000000000e+00
1.200000000000000000e+04 0.000000000000000000e+00 1.433929347991943359e+01 2.822378540039062500e+02 0.000000000000000000e+00 0.000000000000000000e+00 1.433929347991943359e+01 2.822378540039062500e+02 0.000000000000000000e+00
1.300000000000000000e+04 0.000000000000000000e+00 1.433948421478271484e+01 2.822376098632812500e+02 0.000000000000000000e+00 0.000000000000000000e+00 1.433948421478271484e+01 2.822376098632812500e+02 0.000000000000000000e+00
1.400000000000000000e+04 0.000000000000000000e+00 1.435647678375244141e+01 2.822208557128906250e+02 0.000000000000000000e+00 0.000000000000000000e+00 1.435647678375244141e+01 2.822208557128906250e+02 0.000000000000000000e+00
1.500000000000000000e+04 0.000000000000000000e+00 1.433586025238037109e+01 2.822412719726562500e+02 0.000000000000000000e+00 0.000000000000000000e+00 1.433586025238037109e+01 2.822412719726562500e+02 0.000000000000000000e+00
1.600000000000000000e+04 0.000000000000000000e+00 1.448642349243164062e+01 2.821079406738281250e+02 0.000000000000000000e+00 0.000000000000000000e+00 1.448642349243164062e+01 2.821079406738281250e+02 0.000000000000000000e+00
1.700000000000000000e+04 0.000000000000000000e+00 1.386320877075195312e+01 2.829104614257812500e+02 0.000000000000000000e+00 0.000000000000000000e+00 1.386320877075195312e+01 2.829104614257812500e+02 0.000000000000000000e+00
1.800000000000000000e+04 0.000000000000000000e+00 1.434043884277343750e+01 2.822366943359375000e+02 0.000000000000000000e+00 0.000000000000000000e+00 1.434043884277343750e+01 2.822366943359375000e+02 0.000000000000000000e+00
1.900000000000000000e+04 0.000000000000000000e+00 1.431301212310791016e+01 2.822646789550781250e+02 0.000000000000000000e+00 0.000000000000000000e+00 1.431301212310791016e+01 2.822646789550781250e+02 0.000000000000000000e+00
2.000000000000000000e+04 0.000000000000000000e+00 1.433948421478271484e+01 2.822376098632812500e+02 0.000000000000000000e+00 0.000000000000000000e+00 1.433948421478271484e+01 2.822376098632812500e+02 0.000000000000000000e+00
