# step, loss_train, loss_test, metrics_test
0.000000000000000000e+00 0.000000000000000000e+00 1.270374298095703125e+02 5.158727734375000000e+04 5.913221435546875000e+02 0.000000000000000000e+00 1.270374298095703125e+02 5.158727734375000000e+04 5.913221435546875000e+02
1.000000000000000000e+03 0.000000000000000000e+00 1.445240592956542969e+01 2.937948242187500000e+03 4.300347900390625000e+02 0.000000000000000000e+00 1.445240592956542969e+01 2.937948242187500000e+03 4.300347900390625000e+02
2.000000000000000000e+03 0.000000000000000000e+00 4.195677343750000000e+04 6.108160500000000000e+06 5.540598828125000000e+04 0.000000000000000000e+00 4.195677343750000000e+04 6.108160500000000000e+06 5.540598828125000000e+04
3.000000000000000000e+03 0.000000000000000000e+00 1.445121288299560547e+01 2.937948486328125000e+03 4.300268554687500000e+02 0.000000000000000000e+00 1.445121288299560547e+01 2.937948486328125000e+03 4.300268554687500000e+02
4.000000000000000000e+03 0.000000000000000000e+00 1.445121288299560547e+01 2.937948486328125000e+03 4.300268554687500000e+02 0.000000000000000000e+00 1.445121288299560547e+01 2.937948486328125000e+03 4.300268554687500000e+02
5.000000000000000000e+03 0.000000000000000000e+00 1.445121288299560547e+01 2.937948486328125000e+03 4.300268554687500000e+02 0.000000000000000000e+00 1.445121288299560547e+01 2.937948486328125000e+03 4.300268554687500000e+02
6.000000000000000000e+03 0.000000000000000000e+00 1.445131015777587891e+01 2.937948242187500000e+03 4.300269165039062500e+02 0.000000000000000000e+00 1.445131015777587891e+01 2.937948242187500000e+03 4.300269165039062500e+02
7.000000000000000000e+03 0.000000000000000000e+00 1.445121288299560547e+01 2.937948486328125000e+03 4.300268554687500000e+02 0.000000000000000000e+00 1.445121288299560547e+01 2.937948486328125000e+03 4.300268554687500000e+02
8.000000000000000000e+03 0.000000000000000000e+00 1.445121288299560547e+01 2.937948486328125000e+03 4.300268554687500000e+02 0.000000000000000000e+00 1.445121288299560547e+01 2.937948486328125000e+03 4.300268554687500000e+02
9.000000000000000000e+03 0.000000000000000000e+00 1.445116519927978516e+01 2.937948242187500000e+03 4.300267944335937500e+02 0.000000000000000000e+00 1.445116519927978516e+01 2.937948242187500000e+03 4.300267944335937500e+02
1.000000000000000000e+04 0.000000000000000000e+00 1.445131015777587891e+01 2.937948242187500000e+03 4.300269165039062500e+02 0.000000000000000000e+00 1.445131015777587891e+01 2.937948242187500000e+03 4.300269165039062500e+02
1.100000000000000000e+04 0.000000000000000000e+00 1.445126056671142578e+01 2.937948486328125000e+03 4.300268859863281250e+02 0.000000000000000000e+00 1.445126056671142578e+01 2.937948486328125000e+03 4.300268859863281250e+02
1.200000000000000000e+04 0.000000000000000000e+00 1.445126056671142578e+01 2.937948486328125000e+03 4.300268859863281250e+02 0.000000000000000000e+00 1.445126056671142578e+01 2.937948486328125000e+03 4.300268859863281250e+02
1.300000000000000000e+04 0.000000000000000000e+00 1.445131015777587891e+01 2.937948242187500000e+03 4.300269165039062500e+02 0.000000000000000000e+00 1.445131015777587891e+01 2.937948242187500000e+03 4.300269165039062500e+02
1.400000000000000000e+04 0.000000000000000000e+00 1.445145797729492188e+01 2.937947998046875000e+03 4.300271606445312500e+02 0.000000000000000000e+00 1.445145797729492188e+01 2.937947998046875000e+03 4.300271606445312500e+02
1.500000000000000000e+04 0.000000000000000000e+00 1.445121288299560547e+01 2.937948486328125000e+03 4.300268554687500000e+02 0.000000000000000000e+00 1.445121288299560547e+01 2.937948486328125000e+03 4.300268554687500000e+02
1.600000000000000000e+04 0.000000000000000000e+00 1.444042301177978516e+01 2.937973632812500000e+03 4.300133972167968750e+02 0.000000000000000000e+00 1.444042301177978516e+01 2.937973632812500000e+03 4.300133972167968750e+02
1.700000000000000000e+04 0.000000000000000000e+00 1.445970439910888672e+01 2.937930175781250000e+03 4.300373840332031250e+02 0.000000000000000000e+00 1.445970439910888672e+01 2.937930175781250000e+03 4.300373840332031250e+02
1.800000000000000000e+04 0.000000000000000000e+00 1.445297718048095703e+01 2.937944580078125000e+03 4.300290222167968750e+02 0.000000000000000000e+00 1.445297718048095703e+01 2.937944580078125000e+03 4.300290222167968750e+02
1.900000000000000000e+04 0.000000000000000000e+00 2.333044433593750000e+01 3.248476806640625000e+03 4.412244873046875000e+02 0.000000000000000000e+00 2.333044433593750000e+01 3.248476806640625000e+03 4.412244873046875000e+02
2.000000000000000000e+04 0.000000000000000000e+00 1.444895553588867188e+01 2.937953613281250000e+03 4.300240173339843750e+02 0.000000000000000000e+00 1.444895553588867188e+01 2.937953613281250000e+03 4.300240173339843750e+02
