# step, loss_train, loss_test, metrics_test
0.000000000000000000e+00 0.000000000000000000e+00 2.311523246765136719e+01 7.962571777343750000e+03 1.485632324218750000e+02 0.000000000000000000e+00 2.311523246765136719e+01 7.962571777343750000e+03 1.485632324218750000e+02
1.000000000000000000e+03 0.000000000000000000e+00 1.057258510589599609e+01 1.023940801620483398e+00 8.338127136230468750e+01 0.000000000000000000e+00 1.057258510589599609e+01 1.023940801620483398e+00 8.338127136230468750e+01
2.000000000000000000e+03 0.000000000000000000e+00 3.500893783569335938e+01 1.100303100585937500e+03 2.997332458496093750e+02 0.000000000000000000e+00 3.500893783569335938e+01 1.100303100585937500e+03 2.997332458496093750e+02
3.000000000000000000e+03 0.000000000000000000e+00 2.232529830932617188e+01 3.893604431152343750e+02 1.252883377075195312e+02 0.000000000000000000e+00 2.232529830932617188e+01 3.893604431152343750e+02 1.252883377075195312e+02
4.000000000000000000e+03 0.000000000000000000e+00 2.342074775695800781e+01 2.364577941894531250e+02 1.102143478393554688e+02 0.000000000000000000e+00 2.342074775695800781e+01 2.364577941894531250e+02 1.102143478393554688e+02
5.000000000000000000e+03 0.000000000000000000e+00 1.930763053894042969e+01 1.349327239990234375e+02 9.487704467773437500e+01 0.000000000000000000e+00 1.930763053894042969e+01 1.349327239990234375e+02 9.487704467773437500e+01
6.000000000000000000e+03 0.000000000000000000e+00 1.621571922302246094e+01 5.811724853515625000e+01 8.738010406494140625e+01 0.000000000000000000e+00 1.621571922302246094e+01 5.811724853515625000e+01 8.738010406494140625e+01
7.000000000000000000e+03 0.000000000000000000e+00 1.195318508148193359e+01 2.688211250305175781e+01 8.231118011474609375e+01 0.000000000000000000e+00 1.195318508148193359e+01 2.688211250305175781e+01 8.231118011474609375e+01
8.000000000000000000e+03 0.000000000000000000e+00 7.032591342926025391e+00 2.217016935348510742e+00 7.759114074707031250e+01 0.000000000000000000e+00 7.032591342926025391e+00 2.217016935348510742e+00 7.759114074707031250e+01
9.000000000000000000e+03 0.000000000000000000e+00 3.036971807479858398e+00 1.361160635948181152e+00 7.256996154785156250e+01 0.000000000000000000e+00 3.036971807479858398e+00 1.361160635948181152e+00 7.256996154785156250e+01
1.000000000000000000e+04 0.000000000000000000e+00 4.921384429931640625e+01 1.903810180664062500e+03 1.805722351074218750e+02 0.000000000000000000e+00 4.921384429931640625e+01 1.903810180664062500e+03 1.805722351074218750e+02
1.100000000000000000e+04 0.000000000000000000e+00 3.261809921264648438e+01 6.036280517578125000e+02 1.682502899169921875e+02 0.000000000000000000e+00 3.261809921264648438e+01 6.036280517578125000e+02 1.682502899169921875e+02
1.200000000000000000e+04 0.000000000000000000e+00 2.064650344848632812e+01 3.120840759277343750e+02 1.510067443847656250e+02 0.000000000000000000e+00 2.064650344848632812e+01 3.120840759277343750e+02 1.510067443847656250e+02
1.300000000000000000e+04 0.000000000000000000e+00 1.093563652038574219e+01 1.402136993408203125e+02 1.344250488281250000e+02 0.000000000000000000e+00 1.093563652038574219e+01 1.402136993408203125e+02 1.344250488281250000e+02
1.400000000000000000e+04 0.000000000000000000e+00 5.443262100219726562e+00 1.967499542236328125e+02 1.260169219970703125e+02 0.000000000000000000e+00 5.443262100219726562e+00 1.967499542236328125e+02 1.260169219970703125e+02
1.500000000000000000e+04 0.000000000000000000e+00 6.701496124267578125e+00 2.891239356994628906e+01 1.188394241333007812e+02 0.000000000000000000e+00 6.701496124267578125e+00 2.891239356994628906e+01 1.188394241333007812e+02
1.600000000000000000e+04 0.000000000000000000e+00 6.198492527008056641e+00 1.818195152282714844e+01 1.119914703369140625e+02 0.000000000000000000e+00 6.198492527008056641e+00 1.818195152282714844e+01 1.119914703369140625e+02
1.700000000000000000e+04 0.000000000000000000e+00 1.218744262695312500e+03 4.849624687500000000e+05 5.937057495117187500e+02 0.000000000000000000e+00 1.218744262695312500e+03 4.849624687500000000e+05 5.937057495117187500e+02
1.800000000000000000e+04 0.000000000000000000e+00 4.661576843261718750e+01 9.161279296875000000e+02 1.506678314208984375e+02 0.000000000000000000e+00 4.661576843261718750e+01 9.161279296875000000e+02 1.506678314208984375e+02
1.900000000000000000e+04 0.000000000000000000e+00 5.122778701782226562e+01 5.090673522949218750e+02 1.378555755615234375e+02 0.000000000000000000e+00 5.122778701782226562e+01 5.090673522949218750e+02 1.378555755615234375e+02
2.000000000000000000e+04 0.000000000000000000e+00 7.386563873291015625e+01 1.236983642578125000e+03 1.506085815429687500e+02 0.000000000000000000e+00 7.386563873291015625e+01 1.236983642578125000e+03 1.506085815429687500e+02
