# step, loss_train, loss_test, metrics_test
0.000000000000000000e+00 3.305856933593750000e+03 3.955147552490234375e+01 0.000000000000000000e+00 0.000000000000000000e+00 3.305856933593750000e+03 3.955147552490234375e+01 0.000000000000000000e+00 0.000000000000000000e+00
1.000000000000000000e+03 3.517517089843750000e+02 3.969220733642578125e+01 0.000000000000000000e+00 0.000000000000000000e+00 3.517517089843750000e+02 3.969220733642578125e+01 0.000000000000000000e+00 0.000000000000000000e+00
2.000000000000000000e+03 1.155220184326171875e+02 3.260660171508789062e+01 0.000000000000000000e+00 0.000000000000000000e+00 1.155220184326171875e+02 3.260660171508789062e+01 0.000000000000000000e+00 0.000000000000000000e+00
3.000000000000000000e+03 4.961265563964843750e+01 2.582482528686523438e+01 0.000000000000000000e+00 0.000000000000000000e+00 4.961265563964843750e+01 2.582482528686523438e+01 0.000000000000000000e+00 0.000000000000000000e+00
4.000000000000000000e+03 1.989348793029785156e+01 2.071279335021972656e+01 0.000000000000000000e+00 0.000000000000000000e+00 1.989348793029785156e+01 2.071279335021972656e+01 0.000000000000000000e+00 0.000000000000000000e+00
5.000000000000000000e+03 7.089530467987060547e+00 1.730697822570800781e+01 0.000000000000000000e+00 0.000000000000000000e+00 7.089530467987060547e+00 1.730697822570800781e+01 0.000000000000000000e+00 0.000000000000000000e+00
6.000000000000000000e+03 3.508694648742675781e+00 1.531861114501953125e+01 0.000000000000000000e+00 0.000000000000000000e+00 3.508694648742675781e+00 1.531861114501953125e+01 0.000000000000000000e+00 0.000000000000000000e+00
7.000000000000000000e+03 2.619307518005371094e+00 1.432669067382812500e+01 0.000000000000000000e+00 0.000000000000000000e+00 2.619307518005371094e+00 1.432669067382812500e+01 0.000000000000000000e+00 0.000000000000000000e+00
8.000000000000000000e+03 2.110462188720703125e+00 1.394810295104980469e+01 0.000000000000000000e+00 0.000000000000000000e+00 2.110462188720703125e+00 1.394810295104980469e+01 0.000000000000000000e+00 0.000000000000000000e+00
9.000000000000000000e+03 1.664173245429992676e+00 1.379784679412841797e+01 0.000000000000000000e+00 0.000000000000000000e+00 1.664173245429992676e+00 1.379784679412841797e+01 0.000000000000000000e+00 0.000000000000000000e+00
1.000000000000000000e+04 1.292428493499755859e+00 1.368517208099365234e+01 0.000000000000000000e+00 0.000000000000000000e+00 1.292428493499755859e+00 1.368517208099365234e+01 0.000000000000000000e+00 0.000000000000000000e+00
1.100000000000000000e+04 1.008012771606445312e+00 1.356849288940429688e+01 0.000000000000000000e+00 0.000000000000000000e+00 1.008012771606445312e+00 1.356849288940429688e+01 0.000000000000000000e+00 0.000000000000000000e+00
1.200000000000000000e+04 8.014846444129943848e-01 1.341603088378906250e+01 0.000000000000000000e+00 0.000000000000000000e+00 8.014846444129943848e-01 1.341603088378906250e+01 0.000000000000000000e+00 0.000000000000000000e+00
1.300000000000000000e+04 6.722925305366516113e-01 1.316446113586425781e+01 0.000000000000000000e+00 0.000000000000000000e+00 6.722925305366516113e-01 1.316446113586425781e+01 0.000000000000000000e+00 0.000000000000000000e+00
1.400000000000000000e+04 6.139535903930664062e-01 1.266818714141845703e+01 0.000000000000000000e+00 0.000000000000000000e+00 6.139535903930664062e-01 1.266818714141845703e+01 0.000000000000000000e+00 0.000000000000000000e+00
1.500000000000000000e+04 6.538299322128295898e-01 1.141427135467529297e+01 0.000000000000000000e+00 0.000000000000000000e+00 6.538299322128295898e-01 1.141427135467529297e+01 0.000000000000000000e+00 0.000000000000000000e+00
1.600000000000000000e+04 7.463802695274353027e-01 8.751236915588378906e+00 0.000000000000000000e+00 0.000000000000000000e+00 7.463802695274353027e-01 8.751236915588378906e+00 0.000000000000000000e+00 0.000000000000000000e+00
1.700000000000000000e+04 7.516895532608032227e-01 5.959391593933105469e+00 0.000000000000000000e+00 0.000000000000000000e+00 7.516895532608032227e-01 5.959391593933105469e+00 0.000000000000000000e+00 0.000000000000000000e+00
1.800000000000000000e+04 6.032722592353820801e-01 4.597006320953369141e+00 0.000000000000000000e+00 0.000000000000000000e+00 6.032722592353820801e-01 4.597006320953369141e+00 0.000000000000000000e+00 0.000000000000000000e+00
1.900000000000000000e+04 4.352657198905944824e-01 4.121452808380126953e+00 0.000000000000000000e+00 0.000000000000000000e+00 4.352657198905944824e-01 4.121452808380126953e+00 0.000000000000000000e+00 0.000000000000000000e+00
2.000000000000000000e+04 2.788050472736358643e-01 3.840919971466064453e+00 0.000000000000000000e+00 0.000000000000000000e+00 2.788050472736358643e-01 3.840919971466064453e+00 0.000000000000000000e+00 0.000000000000000000e+00
