# step, loss_train, loss_test, metrics_test
0.000000000000000000e+00 0.000000000000000000e+00 2.199945831298828125e+01 2.074301513671875000e+03 1.080884246826171875e+02 0.000000000000000000e+00 2.199945831298828125e+01 2.074301513671875000e+03 1.080884246826171875e+02
1.000000000000000000e+03 0.000000000000000000e+00 6.623704910278320312e+00 3.673696219921112061e-01 7.408586120605468750e+01 0.000000000000000000e+00 6.623704910278320312e+00 3.673696219921112061e-01 7.408586120605468750e+01
2.000000000000000000e+03 0.000000000000000000e+00 6.710476875305175781e-01 1.206431258469820023e-02 1.626427650451660156e+01 0.000000000000000000e+00 6.710476875305175781e-01 1.206431258469820023e-02 1.626427650451660156e+01
3.000000000000000000e+03 0.000000000000000000e+00 2.491351813077926636e-01 2.355511474609375000e+01 5.905333518981933594e+00 0.000000000000000000e+00 2.491351813077926636e-01 2.355511474609375000e+01 5.905333518981933594e+00
4.000000000000000000e+03 0.000000000000000000e+00 7.336986716836690903e-03 1.146205291152000427e-01 2.119797468185424805e+00 0.000000000000000000e+00 7.336986716836690903e-03 1.146205291152000427e-01 2.119797468185424805e+00
5.000000000000000000e+03 0.000000000000000000e+00 4.128077626228332520e-02 4.726336002349853516e+00 1.031816244125366211e+00 0.000000000000000000e+00 4.128077626228332520e-02 4.726336002349853516e+00 1.031816244125366211e+00
6.000000000000000000e+03 0.000000000000000000e+00 6.453927606344223022e-03 1.250371336936950684e-02 4.429606628417968750e+01 0.000000000000000000e+00 6.453927606344223022e-03 1.250371336936950684e-02 4.429606628417968750e+01
7.000000000000000000e+03 0.000000000000000000e+00 1.018184144049882889e-02 8.634440018795430660e-04 1.169923496246337891e+01 0.000000000000000000e+00 1.018184144049882889e-02 8.634440018795430660e-04 1.169923496246337891e+01
8.000000000000000000e+03 0.000000000000000000e+00 1.233378270626417361e-06 1.769987420630059205e-06 1.782587468624114990e-01 0.000000000000000000e+00 1.233378270626417361e-06 1.769987420630059205e-06 1.782587468624114990e-01
9.000000000000000000e+03 0.000000000000000000e+00 2.425536513328552246e-02 7.059700787067413330e-02 7.402317810058593750e+01 0.000000000000000000e+00 2.425536513328552246e-02 7.059700787067413330e-02 7.402317810058593750e+01
1.000000000000000000e+04 0.000000000000000000e+00 6.021730136126279831e-03 5.297704413533210754e-02 2.800874137878417969e+01 0.000000000000000000e+00 6.021730136126279831e-03 5.297704413533210754e-02 2.800874137878417969e+01
1.100000000000000000e+04 0.000000000000000000e+00 2.004430580139160156e+01 2.688698974609375000e+03 1.014643630981445312e+02 0.000000000000000000e+00 2.004430580139160156e+01 2.688698974609375000e+03 1.014643630981445312e+02
1.200000000000000000e+04 0.000000000000000000e+00 1.824610626499634236e-05 1.266534440219402313e-02 4.300663769245147705e-01 0.000000000000000000e+00 1.824610626499634236e-05 1.266534440219402313e-02 4.300663769245147705e-01
1.300000000000000000e+04 0.000000000000000000e+00 1.079905986785888672e+01 5.182335449218750000e+03 9.623224639892578125e+01 0.000000000000000000e+00 1.079905986785888672e+01 5.182335449218750000e+03 9.623224639892578125e+01
1.400000000000000000e+04 0.000000000000000000e+00 2.868702402338385582e-03 2.663190709426999092e-03 3.355762100219726562e+01 0.000000000000000000e+00 2.868702402338385582e-03 2.663190709426999092e-03 3.355762100219726562e+01
1.500000000000000000e+04 0.000000000000000000e+00 6.310584722086787224e-04 4.816085565835237503e-03 5.153087615966796875e+01 0.000000000000000000e+00 6.310584722086787224e-04 4.816085565835237503e-03 5.153087615966796875e+01
1.600000000000000000e+04 0.000000000000000000e+00 1.971166966541204602e-05 6.779783288948237896e-04 1.159278988838195801e+00 0.000000000000000000e+00 1.971166966541204602e-05 6.779783288948237896e-04 1.159278988838195801e+00
1.700000000000000000e+04 0.000000000000000000e+00 5.241836071014404297e+00 4.349789232946932316e-04 9.441391754150390625e+01 0.000000000000000000e+00 5.241836071014404297e+00 4.349789232946932316e-04 9.441391754150390625e+01
1.800000000000000000e+04 0.000000000000000000e+00 1.105509400367736816e+00 9.773709811270236969e-03 9.010047149658203125e+01 0.000000000000000000e+00 1.105509400367736816e+00 9.773709811270236969e-03 9.010047149658203125e+01
1.900000000000000000e+04 0.000000000000000000e+00 7.649046182632446289e-02 7.131543010473251343e-03 8.250367736816406250e+01 0.000000000000000000e+00 7.649046182632446289e-02 7.131543010473251343e-03 8.250367736816406250e+01
2.000000000000000000e+04 0.000000000000000000e+00 1.481676006317138672e+01 2.699904609471559525e-03 9.700919342041015625e+01 0.000000000000000000e+00 1.481676006317138672e+01 2.699904609471559525e-03 9.700919342041015625e+01
