# step, loss_train, loss_test, metrics_test
0.000000000000000000e+00 0.000000000000000000e+00 2.335794830322265625e+01 3.409878173828125000e+03 1.070785751342773438e+02 0.000000000000000000e+00 2.335794830322265625e+01 3.409878173828125000e+03 1.070785751342773438e+02
1.000000000000000000e+03 0.000000000000000000e+00 1.460728454589843750e+01 1.276137084960937500e+03 1.039471588134765625e+02 0.000000000000000000e+00 1.460728454589843750e+01 1.276137084960937500e+03 1.039471588134765625e+02
2.000000000000000000e+03 0.000000000000000000e+00 1.460728454589843750e+01 1.276137084960937500e+03 1.039471588134765625e+02 0.000000000000000000e+00 1.460728454589843750e+01 1.276137084960937500e+03 1.039471588134765625e+02
3.000000000000000000e+03 0.000000000000000000e+00 1.460729122161865234e+01 1.276137084960937500e+03 1.039471435546875000e+02 0.000000000000000000e+00 1.460729122161865234e+01 1.276137084960937500e+03 1.039471435546875000e+02
4.000000000000000000e+03 0.000000000000000000e+00 1.460728454589843750e+01 1.276137084960937500e+03 1.039471435546875000e+02 0.000000000000000000e+00 1.460728454589843750e+01 1.276137084960937500e+03 1.039471435546875000e+02
5.000000000000000000e+03 0.000000000000000000e+00 1.460894203186035156e+01 1.276135009765625000e+03 1.039476470947265625e+02 0.000000000000000000e+00 1.460894203186035156e+01 1.276135009765625000e+03 1.039476470947265625e+02
6.000000000000000000e+03 0.000000000000000000e+00 1.460840988159179688e+01 1.276135742187500000e+03 1.039474945068359375e+02 0.000000000000000000e+00 1.460840988159179688e+01 1.276135742187500000e+03 1.039474945068359375e+02
7.000000000000000000e+03 0.000000000000000000e+00 1.460763359069824219e+01 1.276136718750000000e+03 1.039472579956054688e+02 0.000000000000000000e+00 1.460763359069824219e+01 1.276136718750000000e+03 1.039472579956054688e+02
8.000000000000000000e+03 0.000000000000000000e+00 1.460741901397705078e+01 1.276136962890625000e+03 1.039471969604492188e+02 0.000000000000000000e+00 1.460741901397705078e+01 1.276136962890625000e+03 1.039471969604492188e+02
9.000000000000000000e+03 0.000000000000000000e+00 1.460730075836181641e+01 1.276137207031250000e+03 1.039471664428710938e+02 0.000000000000000000e+00 1.460730075836181641e+01 1.276137207031250000e+03 1.039471664428710938e+02
1.000000000000000000e+04 0.000000000000000000e+00 1.427863502502441406e+01 1.276927856445312500e+03 1.038498077392578125e+02 0.000000000000000000e+00 1.427863502502441406e+01 1.276927856445312500e+03 1.038498077392578125e+02
1.100000000000000000e+04 0.000000000000000000e+00 1.460741233825683594e+01 1.276136962890625000e+03 1.039471893310546875e+02 0.000000000000000000e+00 1.460741233825683594e+01 1.276136962890625000e+03 1.039471893310546875e+02
1.200000000000000000e+04 0.000000000000000000e+00 1.460798168182373047e+01 1.276136230468750000e+03 1.039473648071289062e+02 0.000000000000000000e+00 1.460798168182373047e+01 1.276136230468750000e+03 1.039473648071289062e+02
1.300000000000000000e+04 0.000000000000000000e+00 1.460734844207763672e+01 1.276137084960937500e+03 1.039471740722656250e+02 0.000000000000000000e+00 1.460734844207763672e+01 1.276137084960937500e+03 1.039471740722656250e+02
1.400000000000000000e+04 0.000000000000000000e+00 1.460728740692138672e+01 1.276137084960937500e+03 1.039471435546875000e+02 0.000000000000000000e+00 1.460728740692138672e+01 1.276137084960937500e+03 1.039471435546875000e+02
1.500000000000000000e+04 0.000000000000000000e+00 1.461664009094238281e+01 1.276125244140625000e+03 1.039499130249023438e+02 0.000000000000000000e+00 1.461664009094238281e+01 1.276125244140625000e+03 1.039499130249023438e+02
1.600000000000000000e+04 0.000000000000000000e+00 1.456549549102783203e+01 1.276196899414062500e+03 1.039347686767578125e+02 0.000000000000000000e+00 1.456549549102783203e+01 1.276196899414062500e+03 1.039347686767578125e+02
1.700000000000000000e+04 0.000000000000000000e+00 1.460830116271972656e+01 1.276135986328125000e+03 1.039474487304687500e+02 0.000000000000000000e+00 1.460830116271972656e+01 1.276135986328125000e+03 1.039474487304687500e+02
1.800000000000000000e+04 0.000000000000000000e+00 1.460691452026367188e+01 1.276137573242187500e+03 1.039470367431640625e+02 0.000000000000000000e+00 1.460691452026367188e+01 1.276137573242187500e+03 1.039470367431640625e+02
1.900000000000000000e+04 0.000000000000000000e+00 1.460727024078369141e+01 1.276137207031250000e+03 1.039471435546875000e+02 0.000000000000000000e+00 1.460727024078369141e+01 1.276137207031250000e+03 1.039471435546875000e+02
2.000000000000000000e+04 0.000000000000000000e+00 1.460729122161865234e+01 1.276137084960937500e+03 1.039471435546875000e+02 0.000000000000000000e+00 1.460729122161865234e+01 1.276137084960937500e+03 1.039471435546875000e+02
