# step, loss_train, loss_test, metrics_test
0.000000000000000000e+00 1.463521289062500000e+04 4.142602157592773438e+01 1.409841699218750000e+04 3.821940307617187500e+02 1.463521289062500000e+04 4.142602157592773438e+01 1.409841699218750000e+04 3.821940307617187500e+02
1.000000000000000000e+03 5.803677082061767578e+00 3.563543319702148438e+01 7.173120021820068359e+00 3.617869262695312500e+02 5.803677082061767578e+00 3.563543319702148438e+01 7.173120021820068359e+00 3.617869262695312500e+02
2.000000000000000000e+03 4.018764972686767578e+00 2.822047424316406250e+01 1.923889279365539551e+00 3.307122802734375000e+02 4.018764972686767578e+00 2.822047424316406250e+01 1.923889279365539551e+00 3.307122802734375000e+02
3.000000000000000000e+03 7.107455730438232422e+00 9.056705474853515625e+00 1.293171405792236328e+01 3.230359191894531250e+02 7.107455730438232422e+00 9.056705474853515625e+00 1.293171405792236328e+01 3.230359191894531250e+02
4.000000000000000000e+03 2.767889261245727539e+00 1.189986896514892578e+01 1.456418633460998535e+00 2.921891479492187500e+02 2.767889261245727539e+00 1.189986896514892578e+01 1.456418633460998535e+00 2.921891479492187500e+02
5.000000000000000000e+03 2.622776031494140625e+00 1.081916809082031250e+01 1.837033748626708984e+00 2.638629455566406250e+02 2.622776031494140625e+00 1.081916809082031250e+01 1.837033748626708984e+00 2.638629455566406250e+02
6.000000000000000000e+03 2.488038063049316406e+00 1.303055286407470703e+01 8.936253786087036133e-01 2.515278320312500000e+02 2.488038063049316406e+00 1.303055286407470703e+01 8.936253786087036133e-01 2.515278320312500000e+02
7.000000000000000000e+03 3.581895589828491211e+00 1.530163478851318359e+01 3.725782334804534912e-01 2.368902435302734375e+02 3.581895589828491211e+00 1.530163478851318359e+01 3.725782334804534912e-01 2.368902435302734375e+02
8.000000000000000000e+03 4.413817405700683594e+00 1.641015243530273438e+01 4.651745855808258057e-01 2.386526336669921875e+02 4.413817405700683594e+00 1.641015243530273438e+01 4.651745855808258057e-01 2.386526336669921875e+02
9.000000000000000000e+03 2.948021316528320312e+01 6.556563854217529297e+00 4.656142234802246094e+00 2.983594360351562500e+02 2.948021316528320312e+01 6.556563854217529297e+00 4.656142234802246094e+00 2.983594360351562500e+02
1.000000000000000000e+04 4.031787872314453125e+00 1.445020484924316406e+01 4.343454539775848389e-01 2.079716186523437500e+02 4.031787872314453125e+00 1.445020484924316406e+01 4.343454539775848389e-01 2.079716186523437500e+02
1.100000000000000000e+04 1.526814365386962891e+01 8.430550575256347656e+00 3.772373199462890625e+01 2.275490417480468750e+02 1.526814365386962891e+01 8.430550575256347656e+00 3.772373199462890625e+01 2.275490417480468750e+02
1.200000000000000000e+04 6.554685592651367188e+00 1.549946689605712891e+01 8.245952129364013672e-01 1.711825256347656250e+02 6.554685592651367188e+00 1.549946689605712891e+01 8.245952129364013672e-01 1.711825256347656250e+02
1.300000000000000000e+04 4.065769672393798828e+00 1.231808376312255859e+01 4.197874963283538818e-01 2.164237060546875000e+02 4.065769672393798828e+00 1.231808376312255859e+01 4.197874963283538818e-01 2.164237060546875000e+02
1.400000000000000000e+04 3.113056945800781250e+01 2.452466011047363281e+00 4.481735992431640625e+01 2.236505584716796875e+02 3.113056945800781250e+01 2.452466011047363281e+00 4.481735992431640625e+01 2.236505584716796875e+02
1.500000000000000000e+04 3.274539184570312500e+02 3.784264087677001953e+00 3.756027221679687500e+01 1.779558105468750000e+02 3.274539184570312500e+02 3.784264087677001953e+00 3.756027221679687500e+01 1.779558105468750000e+02
1.600000000000000000e+04 3.054251670837402344e+01 7.515759468078613281e+00 1.951598930358886719e+01 1.825075073242187500e+02 3.054251670837402344e+01 7.515759468078613281e+00 1.951598930358886719e+01 1.825075073242187500e+02
1.700000000000000000e+04 3.734474563598632812e+01 2.675720214843750000e+00 3.158900976181030273e+00 1.393698272705078125e+02 3.734474563598632812e+01 2.675720214843750000e+00 3.158900976181030273e+00 1.393698272705078125e+02
1.800000000000000000e+04 2.675394630432128906e+01 2.754176855087280273e+00 5.877719402313232422e+00 1.052518157958984375e+02 2.675394630432128906e+01 2.754176855087280273e+00 5.877719402313232422e+00 1.052518157958984375e+02
1.900000000000000000e+04 1.757669830322265625e+01 1.333454251289367676e-01 1.233577060699462891e+01 4.668387985229492188e+01 1.757669830322265625e+01 1.333454251289367676e-01 1.233577060699462891e+01 4.668387985229492188e+01
2.000000000000000000e+04 1.320741367340087891e+01 1.054454421997070312e+01 1.059264850616455078e+01 2.394620971679687500e+02 1.320741367340087891e+01 1.054454421997070312e+01 1.059264850616455078e+01 2.394620971679687500e+02
