# step, loss_train, loss_test, metrics_test
0.000000000000000000e+00 1.046157226562500000e+04 3.605134201049804688e+01 9.156396484375000000e+03 0.000000000000000000e+00 1.046157226562500000e+04 3.605134201049804688e+01 9.156396484375000000e+03 0.000000000000000000e+00
1.000000000000000000e+03 1.468570922851562500e+03 2.898573684692382812e+01 6.085379882812500000e+03 0.000000000000000000e+00 1.468570922851562500e+03 2.898573684692382812e+01 6.085379882812500000e+03 0.000000000000000000e+00
2.000000000000000000e+03 5.403314208984375000e+02 2.381779479980468750e+01 3.997621337890625000e+03 0.000000000000000000e+00 5.403314208984375000e+02 2.381779479980468750e+01 3.997621337890625000e+03 0.000000000000000000e+00
3.000000000000000000e+03 2.542588043212890625e+02 2.077339363098144531e+01 2.821184814453125000e+03 0.000000000000000000e+00 2.542588043212890625e+02 2.077339363098144531e+01 2.821184814453125000e+03 0.000000000000000000e+00
4.000000000000000000e+03 1.089331436157226562e+02 1.985000419616699219e+01 2.252577148437500000e+03 0.000000000000000000e+00 1.089331436157226562e+02 1.985000419616699219e+01 2.252577148437500000e+03 0.000000000000000000e+00
5.000000000000000000e+03 6.335543060302734375e+01 2.069504165649414062e+01 2.036236450195312500e+03 0.000000000000000000e+00 6.335543060302734375e+01 2.069504165649414062e+01 2.036236450195312500e+03 0.000000000000000000e+00
6.000000000000000000e+03 5.336481094360351562e+01 2.167476272583007812e+01 1.920807617187500000e+03 0.000000000000000000e+00 5.336481094360351562e+01 2.167476272583007812e+01 1.920807617187500000e+03 0.000000000000000000e+00
7.000000000000000000e+03 4.856637573242187500e+01 2.236678314208984375e+01 1.810649536132812500e+03 0.000000000000000000e+00 4.856637573242187500e+01 2.236678314208984375e+01 1.810649536132812500e+03 0.000000000000000000e+00
8.000000000000000000e+03 4.880598068237304688e+01 2.289395332336425781e+01 1.694270751953125000e+03 0.000000000000000000e+00 4.880598068237304688e+01 2.289395332336425781e+01 1.694270751953125000e+03 0.000000000000000000e+00
9.000000000000000000e+03 5.787422561645507812e+01 2.329045867919921875e+01 1.561870971679687500e+03 0.000000000000000000e+00 5.787422561645507812e+01 2.329045867919921875e+01 1.561870971679687500e+03 0.000000000000000000e+00
1.000000000000000000e+04 7.122821807861328125e+01 2.356214523315429688e+01 1.388603759765625000e+03 0.000000000000000000e+00 7.122821807861328125e+01 2.356214523315429688e+01 1.388603759765625000e+03 0.000000000000000000e+00
1.100000000000000000e+04 9.078298950195312500e+01 2.575115394592285156e+01 1.116171386718750000e+03 0.000000000000000000e+00 9.078298950195312500e+01 2.575115394592285156e+01 1.116171386718750000e+03 0.000000000000000000e+00
1.200000000000000000e+04 1.267869033813476562e+02 3.565217971801757812e+01 6.921721191406250000e+02 0.000000000000000000e+00 1.267869033813476562e+02 3.565217971801757812e+01 6.921721191406250000e+02 0.000000000000000000e+00
1.300000000000000000e+04 1.319909210205078125e+02 5.646503829956054688e+01 3.016558837890625000e+02 0.000000000000000000e+00 1.319909210205078125e+02 5.646503829956054688e+01 3.016558837890625000e+02 0.000000000000000000e+00
1.400000000000000000e+04 9.916025543212890625e+01 7.001930236816406250e+01 1.356871490478515625e+02 0.000000000000000000e+00 9.916025543212890625e+01 7.001930236816406250e+01 1.356871490478515625e+02 0.000000000000000000e+00
1.500000000000000000e+04 6.906250762939453125e+01 7.150757598876953125e+01 7.634952545166015625e+01 0.000000000000000000e+00 6.906250762939453125e+01 7.150757598876953125e+01 7.634952545166015625e+01 0.000000000000000000e+00
1.600000000000000000e+04 4.821754455566406250e+01 6.771817779541015625e+01 4.960776901245117188e+01 0.000000000000000000e+00 4.821754455566406250e+01 6.771817779541015625e+01 4.960776901245117188e+01 0.000000000000000000e+00
1.700000000000000000e+04 3.584342956542968750e+01 6.252831268310546875e+01 3.377950286865234375e+01 0.000000000000000000e+00 3.584342956542968750e+01 6.252831268310546875e+01 3.377950286865234375e+01 0.000000000000000000e+00
1.800000000000000000e+04 2.628125190734863281e+01 5.720898818969726562e+01 2.270739746093750000e+01 0.000000000000000000e+00 2.628125190734863281e+01 5.720898818969726562e+01 2.270739746093750000e+01 0.000000000000000000e+00
1.900000000000000000e+04 1.841454124450683594e+01 5.223039627075195312e+01 1.401861476898193359e+01 0.000000000000000000e+00 1.841454124450683594e+01 5.223039627075195312e+01 1.401861476898193359e+01 0.000000000000000000e+00
2.000000000000000000e+04 1.226300048828125000e+01 4.822247695922851562e+01 8.625807762145996094e+00 0.000000000000000000e+00 1.226300048828125000e+01 4.822247695922851562e+01 8.625807762145996094e+00 0.000000000000000000e+00
