# step, loss_train, loss_test, metrics_test
0.000000000000000000e+00 4.096660290997533593e-07 2.721986007690429688e+01 6.299578613281250000e+03 2.624873046875000000e+02 4.096660290997533593e-07 2.721986007690429688e+01 6.299578613281250000e+03 2.624873046875000000e+02
1.000000000000000000e+03 4.633008480072021484e+00 9.702469825744628906e+00 1.700142669677734375e+01 2.469367980957031250e+02 4.633008480072021484e+00 9.702469825744628906e+00 1.700142669677734375e+01 2.469367980957031250e+02
2.000000000000000000e+03 5.339853763580322266e+00 1.346822071075439453e+01 3.926323652267456055e+00 2.227691345214843750e+02 5.339853763580322266e+00 1.346822071075439453e+01 3.926323652267456055e+00 2.227691345214843750e+02
3.000000000000000000e+03 5.176379680633544922e+00 1.522047710418701172e+01 5.957225799560546875e+00 2.128710479736328125e+02 5.176379680633544922e+00 1.522047710418701172e+01 5.957225799560546875e+00 2.128710479736328125e+02
4.000000000000000000e+03 1.227567768096923828e+01 1.456546783447265625e+01 2.537333726882934570e+00 2.010227203369140625e+02 1.227567768096923828e+01 1.456546783447265625e+01 2.537333726882934570e+00 2.010227203369140625e+02
5.000000000000000000e+03 4.759587764739990234e+00 2.100444221496582031e+01 1.013153553009033203e+00 2.307195739746093750e+02 4.759587764739990234e+00 2.100444221496582031e+01 1.013153553009033203e+00 2.307195739746093750e+02
6.000000000000000000e+03 5.217331409454345703e+00 9.559656143188476562e+00 1.608022809028625488e+00 2.225870208740234375e+02 5.217331409454345703e+00 9.559656143188476562e+00 1.608022809028625488e+00 2.225870208740234375e+02
7.000000000000000000e+03 1.107860755920410156e+01 8.961241722106933594e+00 5.137903213500976562e+00 2.150816650390625000e+02 1.107860755920410156e+01 8.961241722106933594e+00 5.137903213500976562e+00 2.150816650390625000e+02
8.000000000000000000e+03 1.022850322723388672e+01 8.834873199462890625e+00 3.945825576782226562e+00 2.030981140136718750e+02 1.022850322723388672e+01 8.834873199462890625e+00 3.945825576782226562e+00 2.030981140136718750e+02
9.000000000000000000e+03 3.009409666061401367e+00 1.383780002593994141e+01 7.041575908660888672e-01 2.323623809814453125e+02 3.009409666061401367e+00 1.383780002593994141e+01 7.041575908660888672e-01 2.323623809814453125e+02
1.000000000000000000e+04 2.728382825851440430e+00 3.046491622924804688e+01 1.958988428115844727e+00 2.526248321533203125e+02 2.728382825851440430e+00 3.046491622924804688e+01 1.958988428115844727e+00 2.526248321533203125e+02
1.100000000000000000e+04 1.560462594032287598e+00 1.029353427886962891e+01 2.907547712326049805e+00 2.348983001708984375e+02 1.560462594032287598e+00 1.029353427886962891e+01 2.907547712326049805e+00 2.348983001708984375e+02
1.200000000000000000e+04 2.757119417190551758e+00 1.068452644348144531e+01 5.538350105285644531e+00 2.314201354980468750e+02 2.757119417190551758e+00 1.068452644348144531e+01 5.538350105285644531e+00 2.314201354980468750e+02
1.300000000000000000e+04 1.679016947746276855e+00 2.041688728332519531e+01 8.769930839538574219e+00 2.359318542480468750e+02 1.679016947746276855e+00 2.041688728332519531e+01 8.769930839538574219e+00 2.359318542480468750e+02
1.400000000000000000e+04 1.547095298767089844e+00 1.753245544433593750e+01 5.496628284454345703e+00 2.360474853515625000e+02 1.547095298767089844e+00 1.753245544433593750e+01 5.496628284454345703e+00 2.360474853515625000e+02
1.500000000000000000e+04 1.596020340919494629e+00 1.546818637847900391e+01 1.150473880767822266e+01 2.351275787353515625e+02 1.596020340919494629e+00 1.546818637847900391e+01 1.150473880767822266e+01 2.351275787353515625e+02
1.600000000000000000e+04 4.215629577636718750e+00 1.489099502563476562e+01 4.263411331176757812e+01 2.344481964111328125e+02 4.215629577636718750e+00 1.489099502563476562e+01 4.263411331176757812e+01 2.344481964111328125e+02
1.700000000000000000e+04 1.245984196662902832e+00 1.644910430908203125e+01 4.964193701744079590e-01 2.342542266845703125e+02 1.245984196662902832e+00 1.644910430908203125e+01 4.964193701744079590e-01 2.342542266845703125e+02
1.800000000000000000e+04 1.418579283342143726e-22 2.358511734008789062e+01 2.937970214843750000e+03 2.598993835449218750e+02 1.418579283342143726e-22 2.358511734008789062e+01 2.937970214843750000e+03 2.598993835449218750e+02
1.900000000000000000e+04 1.418578652253419549e-22 2.358511161804199219e+01 2.937969726562500000e+03 2.598993835449218750e+02 1.418578652253419549e-22 2.358511161804199219e+01 2.937969726562500000e+03 2.598993835449218750e+02
2.000000000000000000e+04 1.418576254116267677e-22 2.358511734008789062e+01 2.937970214843750000e+03 2.598993835449218750e+02 1.418576254116267677e-22 2.358511734008789062e+01 2.937970214843750000e+03 2.598993835449218750e+02
