# step, loss_train, loss_test, metrics_test
0.000000000000000000e+00 2.931213760375976562e+01 2.239734268188476562e+01 7.201993652343750000e+03 8.966764068603515625e+01 2.931213760375976562e+01 2.239734268188476562e+01 7.201993652343750000e+03 8.966764068603515625e+01
1.000000000000000000e+03 2.719798660278320312e+01 1.379615688323974609e+01 6.487419128417968750e+01 8.188243103027343750e+01 2.719798660278320312e+01 1.379615688323974609e+01 6.487419128417968750e+01 8.188243103027343750e+01
2.000000000000000000e+03 2.044958174228668213e-01 4.026571273803710938e+00 1.538178324699401855e-01 7.961476135253906250e+01 2.044958174228668213e-01 4.026571273803710938e+00 1.538178324699401855e-01 7.961476135253906250e+01
3.000000000000000000e+03 2.250414490699768066e-01 2.947210311889648438e+00 2.757653295993804932e-01 7.720906066894531250e+01 2.250414490699768066e-01 2.947210311889648438e+00 2.757653295993804932e-01 7.720906066894531250e+01
4.000000000000000000e+03 7.667202949523925781e-01 2.600137233734130859e+00 7.130482196807861328e-01 6.809482574462890625e+01 7.667202949523925781e-01 2.600137233734130859e+00 7.130482196807861328e-01 6.809482574462890625e+01
5.000000000000000000e+03 2.922732591629028320e+00 2.552456855773925781e+00 1.159786701202392578e+00 4.798301696777343750e+01 2.922732591629028320e+00 2.552456855773925781e+00 1.159786701202392578e+00 4.798301696777343750e+01
6.000000000000000000e+03 1.583228588104248047e+00 1.472955465316772461e+00 2.610009312629699707e-01 2.336532020568847656e+01 1.583228588104248047e+00 1.472955465316772461e+00 2.610009312629699707e-01 2.336532020568847656e+01
7.000000000000000000e+03 1.472831368446350098e+00 1.027141928672790527e+00 3.848554491996765137e-01 1.637620353698730469e+01 1.472831368446350098e+00 1.027141928672790527e+00 3.848554491996765137e-01 1.637620353698730469e+01
8.000000000000000000e+03 9.672726631164550781e+00 5.388652682304382324e-01 1.263364410400390625e+01 3.572129487991333008e+00 9.672726631164550781e+00 5.388652682304382324e-01 1.263364410400390625e+01 3.572129487991333008e+00
9.000000000000000000e+03 9.545946121215820312e-01 3.870998322963714600e-01 1.173880845308303833e-01 4.133762836456298828e+00 9.545946121215820312e-01 3.870998322963714600e-01 1.173880845308303833e-01 4.133762836456298828e+00
1.000000000000000000e+04 7.334327101707458496e-01 2.957907915115356445e-01 6.410548090934753418e-02 3.038929462432861328e+00 7.334327101707458496e-01 2.957907915115356445e-01 6.410548090934753418e-02 3.038929462432861328e+00
1.100000000000000000e+04 5.753993988037109375e-01 2.064816504716873169e-01 3.340452909469604492e-02 2.417346954345703125e+00 5.753993988037109375e-01 2.064816504716873169e-01 3.340452909469604492e-02 2.417346954345703125e+00
1.200000000000000000e+04 3.572961807250976562e+00 3.597698211669921875e-01 3.461149215698242188e+00 6.202616691589355469e+00 3.572961807250976562e+00 3.597698211669921875e-01 3.461149215698242188e+00 6.202616691589355469e+00
1.300000000000000000e+04 3.651877939701080322e-01 1.521137803792953491e-01 2.996732667088508606e-02 2.428654670715332031e+00 3.651877939701080322e-01 1.521137803792953491e-01 2.996732667088508606e-02 2.428654670715332031e+00
1.400000000000000000e+04 3.346265554428100586e-01 1.807258278131484985e-01 5.665443837642669678e-02 2.996106386184692383e+00 3.346265554428100586e-01 1.807258278131484985e-01 5.665443837642669678e-02 2.996106386184692383e+00
1.500000000000000000e+04 3.094362318515777588e-01 8.202579617500305176e-02 1.330415904521942139e-02 1.525979399681091309e+00 3.094362318515777588e-01 8.202579617500305176e-02 1.330415904521942139e-02 1.525979399681091309e+00
1.600000000000000000e+04 3.329841494560241699e-01 5.023221299052238464e-02 6.391895562410354614e-02 9.822786450386047363e-01 3.329841494560241699e-01 5.023221299052238464e-02 6.391895562410354614e-02 9.822786450386047363e-01
1.700000000000000000e+04 2.540685534477233887e-01 7.839184999465942383e-02 1.978141814470291138e-02 1.678236603736877441e+00 2.540685534477233887e-01 7.839184999465942383e-02 1.978141814470291138e-02 1.678236603736877441e+00
1.800000000000000000e+04 1.114314556121826172e+00 9.094792604446411133e-02 1.656647473573684692e-01 2.661795616149902344e+00 1.114314556121826172e+00 9.094792604446411133e-02 1.656647473573684692e-01 2.661795616149902344e+00
1.900000000000000000e+04 4.157063293457031250e+01 1.519881486892700195e-01 5.418710327148437500e+01 8.845919370651245117e-01 4.157063293457031250e+01 1.519881486892700195e-01 5.418710327148437500e+01 8.845919370651245117e-01
2.000000000000000000e+04 2.200320065021514893e-01 3.989901021122932434e-02 1.030586287379264832e-02 8.933755755424499512e-01 2.200320065021514893e-01 3.989901021122932434e-02 1.030586287379264832e-02 8.933755755424499512e-01
