# step, loss_train, loss_test, metrics_test
0.000000000000000000e+00 7.487066090106964111e-02 1.964672470092773438e+01 2.502970214843750000e+03 3.317114562988281250e+02 7.487066090106964111e-02 1.964672470092773438e+01 2.502970214843750000e+03 3.317114562988281250e+02
1.000000000000000000e+03 0.000000000000000000e+00 1.476014900207519531e+01 1.068628051757812500e+03 3.258723144531250000e+02 0.000000000000000000e+00 1.476014900207519531e+01 1.068628051757812500e+03 3.258723144531250000e+02
2.000000000000000000e+03 0.000000000000000000e+00 1.476014328002929688e+01 1.068628051757812500e+03 3.258723144531250000e+02 0.000000000000000000e+00 1.476014328002929688e+01 1.068628051757812500e+03 3.258723144531250000e+02
3.000000000000000000e+03 0.000000000000000000e+00 1.476013183593750000e+01 1.068628051757812500e+03 3.258723144531250000e+02 0.000000000000000000e+00 1.476013183593750000e+01 1.068628051757812500e+03 3.258723144531250000e+02
4.000000000000000000e+03 0.000000000000000000e+00 1.476069164276123047e+01 1.068627075195312500e+03 3.258728332519531250e+02 0.000000000000000000e+00 1.476069164276123047e+01 1.068627075195312500e+03 3.258728332519531250e+02
5.000000000000000000e+03 0.000000000000000000e+00 1.756866073608398438e+01 1.080199462890625000e+03 3.284432373046875000e+02 0.000000000000000000e+00 1.756866073608398438e+01 1.080199462890625000e+03 3.284432373046875000e+02
6.000000000000000000e+03 0.000000000000000000e+00 1.503619670867919922e+01 1.068304443359375000e+03 3.261236572265625000e+02 0.000000000000000000e+00 1.503619670867919922e+01 1.068304443359375000e+03 3.261236572265625000e+02
7.000000000000000000e+03 0.000000000000000000e+00 1.476008319854736328e+01 1.068628173828125000e+03 3.258722839355468750e+02 0.000000000000000000e+00 1.476008319854736328e+01 1.068628173828125000e+03 3.258722839355468750e+02
8.000000000000000000e+03 0.000000000000000000e+00 1.479360008239746094e+01 1.068567260742187500e+03 3.259027709960937500e+02 0.000000000000000000e+00 1.479360008239746094e+01 1.068567260742187500e+03 3.259027709960937500e+02
9.000000000000000000e+03 0.000000000000000000e+00 1.500417995452880859e+01 1.068321655273437500e+03 3.260944824218750000e+02 0.000000000000000000e+00 1.500417995452880859e+01 1.068321655273437500e+03 3.260944824218750000e+02
1.000000000000000000e+04 0.000000000000000000e+00 1.476339912414550781e+01 1.068621948242187500e+03 3.258753051757812500e+02 0.000000000000000000e+00 1.476339912414550781e+01 1.068621948242187500e+03 3.258753051757812500e+02
1.100000000000000000e+04 0.000000000000000000e+00 1.476017761230468750e+01 1.068628051757812500e+03 3.258723754882812500e+02 0.000000000000000000e+00 1.476017761230468750e+01 1.068628051757812500e+03 3.258723754882812500e+02
1.200000000000000000e+04 0.000000000000000000e+00 1.476007938385009766e+01 1.068628295898437500e+03 3.258722839355468750e+02 0.000000000000000000e+00 1.476007938385009766e+01 1.068628295898437500e+03 3.258722839355468750e+02
1.300000000000000000e+04 0.000000000000000000e+00 1.475913906097412109e+01 1.068629882812500000e+03 3.258713989257812500e+02 0.000000000000000000e+00 1.475913906097412109e+01 1.068629882812500000e+03 3.258713989257812500e+02
1.400000000000000000e+04 0.000000000000000000e+00 1.303568172454833984e+01 1.082048339843750000e+03 3.243130187988281250e+02 0.000000000000000000e+00 1.303568172454833984e+01 1.082048339843750000e+03 3.243130187988281250e+02
1.500000000000000000e+04 0.000000000000000000e+00 1.475999450683593750e+01 1.068628417968750000e+03 3.258721618652343750e+02 0.000000000000000000e+00 1.475999450683593750e+01 1.068628417968750000e+03 3.258721618652343750e+02
1.600000000000000000e+04 0.000000000000000000e+00 1.471667861938476562e+01 1.068716308593750000e+03 3.258328247070312500e+02 0.000000000000000000e+00 1.471667861938476562e+01 1.068716308593750000e+03 3.258328247070312500e+02
1.700000000000000000e+04 0.000000000000000000e+00 7.446937561035156250e+01 2.733466064453125000e+03 3.818574829101562500e+02 0.000000000000000000e+00 7.446937561035156250e+01 2.733466064453125000e+03 3.818574829101562500e+02
1.800000000000000000e+04 0.000000000000000000e+00 1.476010894775390625e+01 1.068628173828125000e+03 3.258722839355468750e+02 0.000000000000000000e+00 1.476010894775390625e+01 1.068628173828125000e+03 3.258722839355468750e+02
1.900000000000000000e+04 0.000000000000000000e+00 1.475955390930175781e+01 1.068629272460937500e+03 3.258717956542968750e+02 0.000000000000000000e+00 1.475955390930175781e+01 1.068629272460937500e+03 3.258717956542968750e+02
2.000000000000000000e+04 0.000000000000000000e+00 1.475648307800292969e+01 1.068635131835937500e+03 3.258690490722656250e+02 0.000000000000000000e+00 1.475648307800292969e+01 1.068635131835937500e+03 3.258690490722656250e+02
