# step, loss_train, loss_test, metrics_test
0.000000000000000000e+00 4.730083984375000000e+04 5.500926589965820312e+01 4.970784179687500000e+03 3.801465759277343750e+02 4.730083984375000000e+04 5.500926589965820312e+01 4.970784179687500000e+03 3.801465759277343750e+02
1.000000000000000000e+03 3.433612108230590820e+00 1.390873336791992188e+01 9.292362928390502930e-01 3.513933410644531250e+02 3.433612108230590820e+00 1.390873336791992188e+01 9.292362928390502930e-01 3.513933410644531250e+02
2.000000000000000000e+03 2.626852750778198242e+00 8.621789932250976562e+00 6.252960681915283203e+00 3.389094848632812500e+02 2.626852750778198242e+00 8.621789932250976562e+00 6.252960681915283203e+00 3.389094848632812500e+02
3.000000000000000000e+03 4.074966812133789062e+01 6.968374252319335938e+00 2.832671928405761719e+01 3.136622009277343750e+02 4.074966812133789062e+01 6.968374252319335938e+00 2.832671928405761719e+01 3.136622009277343750e+02
4.000000000000000000e+03 4.287016391754150391e+00 1.254632091522216797e+01 1.149980068206787109e+00 2.983479003906250000e+02 4.287016391754150391e+00 1.254632091522216797e+01 1.149980068206787109e+00 2.983479003906250000e+02
5.000000000000000000e+03 6.458556652069091797e+00 1.298286628723144531e+01 8.057821989059448242e-01 2.820717468261718750e+02 6.458556652069091797e+00 1.298286628723144531e+01 8.057821989059448242e-01 2.820717468261718750e+02
6.000000000000000000e+03 1.189766693115234375e+01 5.859736919403076172e+00 4.875556182861328125e+01 3.260017395019531250e+02 1.189766693115234375e+01 5.859736919403076172e+00 4.875556182861328125e+01 3.260017395019531250e+02
7.000000000000000000e+03 4.789096069335937500e+01 5.027865767478942871e-01 5.272479534149169922e+00 6.780381774902343750e+01 4.789096069335937500e+01 5.027865767478942871e-01 5.272479534149169922e+00 6.780381774902343750e+01
8.000000000000000000e+03 1.347551727294921875e+01 6.316878646612167358e-02 6.389045119285583496e-01 1.836858987808227539e+00 1.347551727294921875e+01 6.316878646612167358e-02 6.389045119285583496e-01 1.836858987808227539e+00
9.000000000000000000e+03 1.591894340515136719e+01 6.553086638450622559e-02 5.686802864074707031e-01 4.359867858886718750e+01 1.591894340515136719e+01 6.553086638450622559e-02 5.686802864074707031e-01 4.359867858886718750e+01
1.000000000000000000e+04 1.392580032348632812e+00 4.431661684066057205e-03 4.923006147146224976e-02 3.239275813102722168e-01 1.392580032348632812e+00 4.431661684066057205e-03 4.923006147146224976e-02 3.239275813102722168e-01
1.100000000000000000e+04 3.219437599182128906e-01 8.314919658005237579e-03 2.003196179866790771e-01 4.124948754906654358e-02 3.219437599182128906e-01 8.314919658005237579e-03 2.003196179866790771e-01 4.124948754906654358e-02
1.200000000000000000e+04 7.808344364166259766e-01 4.881692584604024887e-03 8.183100074529647827e-02 3.579883873462677002e-01 7.808344364166259766e-01 4.881692584604024887e-03 8.183100074529647827e-02 3.579883873462677002e-01
1.300000000000000000e+04 7.628671169281005859e+00 3.507434427738189697e-01 3.525421380996704102e+00 2.561886596679687500e+02 7.628671169281005859e+00 3.507434427738189697e-01 3.525421380996704102e+00 2.561886596679687500e+02
1.400000000000000000e+04 2.567979240417480469e+01 1.294555091857910156e+01 4.219706726074218750e+01 3.797147216796875000e+02 2.567979240417480469e+01 1.294555091857910156e+01 4.219706726074218750e+01 3.797147216796875000e+02
1.500000000000000000e+04 3.548801803588867188e+01 2.988901901245117188e+01 3.212195129394531250e+02 3.611690368652343750e+02 3.548801803588867188e+01 2.988901901245117188e+01 3.212195129394531250e+02 3.611690368652343750e+02
1.600000000000000000e+04 7.740655422210693359e+00 1.262518405914306641e+01 5.870552062988281250e+01 3.233263244628906250e+02 7.740655422210693359e+00 1.262518405914306641e+01 5.870552062988281250e+01 3.233263244628906250e+02
1.700000000000000000e+04 1.929691791534423828e+00 6.483986973762512207e-03 1.543767750263214111e-01 1.007301521301269531e+01 1.929691791534423828e+00 6.483986973762512207e-03 1.543767750263214111e-01 1.007301521301269531e+01
1.800000000000000000e+04 1.366136013530194759e-03 3.005572679626311583e-08 4.446838374860817567e-06 6.481778807938098907e-03 1.366136013530194759e-03 3.005572679626311583e-08 4.446838374860817567e-06 6.481778807938098907e-03
1.900000000000000000e+04 1.618198990821838379e+00 2.739708404988050461e-03 3.930925950407981873e-02 7.905886077880859375e+01 1.618198990821838379e+00 2.739708404988050461e-03 3.930925950407981873e-02 7.905886077880859375e+01
2.000000000000000000e+04 2.947964239865541458e-04 8.226760996876691934e-07 1.746370398905128241e-04 1.493667904287576675e-02 2.947964239865541458e-04 8.226760996876691934e-07 1.746370398905128241e-04 1.493667904287576675e-02
