# step, loss_train, loss_test, metrics_test
0.000000000000000000e+00 6.807492187500000000e+03 3.272192382812500000e+01 1.026394824218750000e+04 3.672892150878906250e+02 6.807492187500000000e+03 3.272192382812500000e+01 1.026394824218750000e+04 3.672892150878906250e+02
1.000000000000000000e+03 5.758603096008300781e+00 3.443792724609375000e+01 5.223949909210205078e+00 3.515805358886718750e+02 5.758603096008300781e+00 3.443792724609375000e+01 5.223949909210205078e+00 3.515805358886718750e+02
2.000000000000000000e+03 3.431853771209716797e+00 3.842372131347656250e+01 2.925612211227416992e+00 3.391838073730468750e+02 3.431853771209716797e+00 3.842372131347656250e+01 2.925612211227416992e+00 3.391838073730468750e+02
3.000000000000000000e+03 2.058427572250366211e+00 4.074793624877929688e+01 1.885573148727416992e+00 3.315041198730468750e+02 2.058427572250366211e+00 4.074793624877929688e+01 1.885573148727416992e+00 3.315041198730468750e+02
4.000000000000000000e+03 2.720681667327880859e+00 3.479620742797851562e+01 1.523928999900817871e+00 3.249333190917968750e+02 2.720681667327880859e+00 3.479620742797851562e+01 1.523928999900817871e+00 3.249333190917968750e+02
5.000000000000000000e+03 2.908620119094848633e+00 1.505275058746337891e+01 1.219763636589050293e+00 3.111598205566406250e+02 2.908620119094848633e+00 1.505275058746337891e+01 1.219763636589050293e+00 3.111598205566406250e+02
6.000000000000000000e+03 2.127657175064086914e+00 1.386310100555419922e+01 1.219385266304016113e+00 2.958734130859375000e+02 2.127657175064086914e+00 1.386310100555419922e+01 1.219385266304016113e+00 2.958734130859375000e+02
7.000000000000000000e+03 8.856128692626953125e+00 1.456417369842529297e+01 6.482213497161865234e+00 2.531307830810546875e+02 8.856128692626953125e+00 1.456417369842529297e+01 6.482213497161865234e+00 2.531307830810546875e+02
8.000000000000000000e+03 3.406764221191406250e+01 5.315361022949218750e+00 1.400813865661621094e+01 2.448700408935546875e+02 3.406764221191406250e+01 5.315361022949218750e+00 1.400813865661621094e+01 2.448700408935546875e+02
9.000000000000000000e+03 6.023294448852539062e+00 1.215103149414062500e+01 1.903037071228027344e+00 1.676991424560546875e+02 6.023294448852539062e+00 1.215103149414062500e+01 1.903037071228027344e+00 1.676991424560546875e+02
1.000000000000000000e+04 5.282766342163085938e+00 1.022386455535888672e+01 1.321657061576843262e+00 1.411468658447265625e+02 5.282766342163085938e+00 1.022386455535888672e+01 1.321657061576843262e+00 1.411468658447265625e+02
1.100000000000000000e+04 4.152519702911376953e+00 8.678192138671875000e+00 9.693497419357299805e-01 1.208075561523437500e+02 4.152519702911376953e+00 8.678192138671875000e+00 9.693497419357299805e-01 1.208075561523437500e+02
1.200000000000000000e+04 3.475512981414794922e+00 7.051316261291503906e+00 7.019096016883850098e-01 9.447094726562500000e+01 3.475512981414794922e+00 7.051316261291503906e+00 7.019096016883850098e-01 9.447094726562500000e+01
1.300000000000000000e+04 2.967559814453125000e+00 6.001159667968750000e+00 4.903780817985534668e-01 8.567300415039062500e+01 2.967559814453125000e+00 6.001159667968750000e+00 4.903780817985534668e-01 8.567300415039062500e+01
1.400000000000000000e+04 2.619541883468627930e+00 4.276171207427978516e+00 2.875146567821502686e-01 5.304306411743164062e+01 2.619541883468627930e+00 4.276171207427978516e+00 2.875146567821502686e-01 5.304306411743164062e+01
1.500000000000000000e+04 3.148981094360351562e+00 3.284668445587158203e+00 2.032313793897628784e-01 3.005264854431152344e+01 3.148981094360351562e+00 3.284668445587158203e+00 2.032313793897628784e-01 3.005264854431152344e+01
1.600000000000000000e+04 2.962091369628906250e+02 5.630824089050292969e+00 2.515383300781250000e+02 2.872762489318847656e+01 2.962091369628906250e+02 5.630824089050292969e+00 2.515383300781250000e+02 2.872762489318847656e+01
1.700000000000000000e+04 1.778447151184082031e+00 2.553957700729370117e+00 1.175927966833114624e-01 2.976385879516601562e+01 1.778447151184082031e+00 2.553957700729370117e+00 1.175927966833114624e-01 2.976385879516601562e+01
1.800000000000000000e+04 2.364660501480102539e+00 1.875937342643737793e+00 7.824200391769409180e-02 1.303499126434326172e+01 2.364660501480102539e+00 1.875937342643737793e+00 7.824200391769409180e-02 1.303499126434326172e+01
1.900000000000000000e+04 5.020353794097900391e+00 2.997412443161010742e+00 5.901427268981933594e+00 2.317429542541503906e+01 5.020353794097900391e+00 2.997412443161010742e+00 5.901427268981933594e+00 2.317429542541503906e+01
2.000000000000000000e+04 2.093186378479003906e+00 1.214609861373901367e+00 6.285874545574188232e-02 8.281032562255859375e+00 2.093186378479003906e+00 1.214609861373901367e+00 6.285874545574188232e-02 8.281032562255859375e+00
