# step, loss_train, loss_test, metrics_test
0.000000000000000000e+00 0.000000000000000000e+00 4.737983322143554688e+01 6.725647583007812500e+02 4.474331970214843750e+02 0.000000000000000000e+00 4.737983322143554688e+01 6.725647583007812500e+02 4.474331970214843750e+02
1.000000000000000000e+03 0.000000000000000000e+00 2.998713016510009766e+00 1.140032863616943359e+01 1.698694419860839844e+01 0.000000000000000000e+00 2.998713016510009766e+00 1.140032863616943359e+01 1.698694419860839844e+01
2.000000000000000000e+03 0.000000000000000000e+00 2.254790306091308594e+01 2.396377410888671875e+02 4.267116394042968750e+02 0.000000000000000000e+00 2.254790306091308594e+01 2.396377410888671875e+02 4.267116394042968750e+02
3.000000000000000000e+03 0.000000000000000000e+00 2.269157981872558594e+01 2.394323730468750000e+02 4.241006469726562500e+02 0.000000000000000000e+00 2.269157981872558594e+01 2.394323730468750000e+02 4.241006469726562500e+02
4.000000000000000000e+03 0.000000000000000000e+00 1.999402809143066406e+01 2.387523498535156250e+02 4.165297546386718750e+02 0.000000000000000000e+00 1.999402809143066406e+01 2.387523498535156250e+02 4.165297546386718750e+02
5.000000000000000000e+03 0.000000000000000000e+00 1.956437683105468750e+01 2.386037445068359375e+02 4.133474426269531250e+02 0.000000000000000000e+00 1.956437683105468750e+01 2.386037445068359375e+02 4.133474426269531250e+02
6.000000000000000000e+03 0.000000000000000000e+00 1.949798965454101562e+01 2.387062988281250000e+02 4.076632385253906250e+02 0.000000000000000000e+00 1.949798965454101562e+01 2.387062988281250000e+02 4.076632385253906250e+02
7.000000000000000000e+03 0.000000000000000000e+00 1.992206954956054688e+01 2.384158020019531250e+02 4.066832275390625000e+02 0.000000000000000000e+00 1.992206954956054688e+01 2.384158020019531250e+02 4.066832275390625000e+02
8.000000000000000000e+03 0.000000000000000000e+00 2.027300643920898438e+01 2.381164093017578125e+02 4.038653869628906250e+02 0.000000000000000000e+00 2.027300643920898438e+01 2.381164093017578125e+02 4.038653869628906250e+02
9.000000000000000000e+03 0.000000000000000000e+00 2.031393623352050781e+01 2.382938537597656250e+02 3.988040161132812500e+02 0.000000000000000000e+00 2.031393623352050781e+01 2.382938537597656250e+02 3.988040161132812500e+02
1.000000000000000000e+04 0.000000000000000000e+00 2.238876914978027344e+01 2.397868652343750000e+02 4.276463623046875000e+02 0.000000000000000000e+00 2.238876914978027344e+01 2.397868652343750000e+02 4.276463623046875000e+02
1.100000000000000000e+04 0.000000000000000000e+00 2.057994079589843750e+01 2.388404083251953125e+02 4.074282531738281250e+02 0.000000000000000000e+00 2.057994079589843750e+01 2.388404083251953125e+02 4.074282531738281250e+02
1.200000000000000000e+04 0.000000000000000000e+00 2.031544876098632812e+01 2.383876495361328125e+02 4.018158874511718750e+02 0.000000000000000000e+00 2.031544876098632812e+01 2.383876495361328125e+02 4.018158874511718750e+02
1.300000000000000000e+04 0.000000000000000000e+00 2.116745376586914062e+01 2.375500946044921875e+02 4.001065368652343750e+02 0.000000000000000000e+00 2.116745376586914062e+01 2.375500946044921875e+02 4.001065368652343750e+02
1.400000000000000000e+04 0.000000000000000000e+00 2.244745826721191406e+01 2.397932586669921875e+02 4.279680175781250000e+02 0.000000000000000000e+00 2.244745826721191406e+01 2.397932586669921875e+02 4.279680175781250000e+02
1.500000000000000000e+04 0.000000000000000000e+00 2.244746398925781250e+01 2.397932586669921875e+02 4.279679870605468750e+02 0.000000000000000000e+00 2.244746398925781250e+01 2.397932586669921875e+02 4.279679870605468750e+02
1.600000000000000000e+04 0.000000000000000000e+00 2.244746398925781250e+01 2.397932128906250000e+02 4.279680175781250000e+02 0.000000000000000000e+00 2.244746398925781250e+01 2.397932128906250000e+02 4.279680175781250000e+02
1.700000000000000000e+04 0.000000000000000000e+00 2.244745826721191406e+01 2.397932128906250000e+02 4.279679260253906250e+02 0.000000000000000000e+00 2.244745826721191406e+01 2.397932128906250000e+02 4.279679260253906250e+02
1.800000000000000000e+04 0.000000000000000000e+00 2.244744491577148438e+01 2.397932128906250000e+02 4.279678344726562500e+02 0.000000000000000000e+00 2.244744491577148438e+01 2.397932128906250000e+02 4.279678344726562500e+02
1.900000000000000000e+04 0.000000000000000000e+00 2.244742393493652344e+01 2.397932128906250000e+02 4.279677124023437500e+02 0.000000000000000000e+00 2.244742393493652344e+01 2.397932128906250000e+02 4.279677124023437500e+02
2.000000000000000000e+04 0.000000000000000000e+00 2.244739913940429688e+01 2.397932128906250000e+02 4.279675903320312500e+02 0.000000000000000000e+00 2.244739913940429688e+01 2.397932128906250000e+02 4.279675903320312500e+02
