# step, loss_train, loss_test, metrics_test
0.000000000000000000e+00 7.698939514160156250e+01 2.788175964355468750e+01 3.639217773437500000e+03 4.082420654296875000e+02 7.698939514160156250e+01 2.788175964355468750e+01 3.639217773437500000e+03 4.082420654296875000e+02
1.000000000000000000e+03 3.025693893432617188e+01 2.873258888721466064e-01 5.102833271026611328e+00 2.883889198303222656e+01 3.025693893432617188e+01 2.873258888721466064e-01 5.102833271026611328e+00 2.883889198303222656e+01
2.000000000000000000e+03 8.018875122070312500e+00 3.827185332775115967e-01 9.198818206787109375e+00 1.445707511901855469e+01 8.018875122070312500e+00 3.827185332775115967e-01 9.198818206787109375e+00 1.445707511901855469e+01
3.000000000000000000e+03 3.351182222366333008e+00 8.995687216520309448e-02 1.268282318115234375e+01 5.934788227081298828e+00 3.351182222366333008e+00 8.995687216520309448e-02 1.268282318115234375e+01 5.934788227081298828e+00
4.000000000000000000e+03 2.372637033462524414e+00 1.068620756268501282e-01 7.845667362213134766e+00 6.560611724853515625e+00 2.372637033462524414e+00 1.068620756268501282e-01 7.845667362213134766e+00 6.560611724853515625e+00
5.000000000000000000e+03 6.575171351432800293e-01 8.997226133942604065e-03 9.819701910018920898e-01 1.764806747436523438e+00 6.575171351432800293e-01 8.997226133942604065e-03 9.819701910018920898e-01 1.764806747436523438e+00
6.000000000000000000e+03 9.091859459877014160e-01 2.231857627630233765e-01 2.800348281860351562e+00 1.301109433174133301e+00 9.091859459877014160e-01 2.231857627630233765e-01 2.800348281860351562e+00 1.301109433174133301e+00
7.000000000000000000e+03 2.595147609710693359e+00 1.755978912115097046e-01 1.843183708190917969e+01 4.154658794403076172e+00 2.595147609710693359e+00 1.755978912115097046e-01 1.843183708190917969e+01 4.154658794403076172e+00
8.000000000000000000e+03 8.220721483230590820e-01 6.008855253458023071e-02 3.393329620361328125e+00 1.291108608245849609e+00 8.220721483230590820e-01 6.008855253458023071e-02 3.393329620361328125e+00 1.291108608245849609e+00
9.000000000000000000e+03 8.003495931625366211e-01 1.914794296026229858e-01 1.567123293876647949e+00 9.526584148406982422e-01 8.003495931625366211e-01 1.914794296026229858e-01 1.567123293876647949e+00 9.526584148406982422e-01
1.000000000000000000e+04 1.222232818603515625e+00 5.099889263510704041e-02 1.388918280601501465e+00 6.183608174324035645e-01 1.222232818603515625e+00 5.099889263510704041e-02 1.388918280601501465e+00 6.183608174324035645e-01
1.100000000000000000e+04 2.572949230670928955e-01 8.151727169752120972e-02 3.062155485153198242e+00 1.709704041481018066e+00 2.572949230670928955e-01 8.151727169752120972e-02 3.062155485153198242e+00 1.709704041481018066e+00
1.200000000000000000e+04 5.860440731048583984e-01 3.363996045663952827e-03 3.336096286773681641e+00 5.120899677276611328e-01 5.860440731048583984e-01 3.363996045663952827e-03 3.336096286773681641e+00 5.120899677276611328e-01
1.300000000000000000e+04 1.005063131451606750e-01 8.759598247706890106e-03 1.012020468711853027e+00 4.439818859100341797e-01 1.005063131451606750e-01 8.759598247706890106e-03 1.012020468711853027e+00 4.439818859100341797e-01
1.400000000000000000e+04 3.344205766916275024e-02 5.089817102998495102e-03 1.852994263172149658e-01 5.324691534042358398e-01 3.344205766916275024e-02 5.089817102998495102e-03 1.852994263172149658e-01 5.324691534042358398e-01
1.500000000000000000e+04 1.635616868734359741e-01 3.992225974798202515e-03 8.151433467864990234e-01 4.844785332679748535e-01 1.635616868734359741e-01 3.992225974798202515e-03 8.151433467864990234e-01 4.844785332679748535e-01
1.600000000000000000e+04 1.469401568174362183e-01 3.146199975162744522e-03 9.371207952499389648e-01 3.422894179821014404e-01 1.469401568174362183e-01 3.146199975162744522e-03 9.371207952499389648e-01 3.422894179821014404e-01
1.700000000000000000e+04 2.317721545696258545e-01 5.200506187975406647e-03 6.068699955940246582e-01 3.212938904762268066e-01 2.317721545696258545e-01 5.200506187975406647e-03 6.068699955940246582e-01 3.212938904762268066e-01
1.800000000000000000e+04 2.040703147649765015e-01 6.880837609060108662e-04 3.903605341911315918e-01 4.040390253067016602e-01 2.040703147649765015e-01 6.880837609060108662e-04 3.903605341911315918e-01 4.040390253067016602e-01
1.900000000000000000e+04 1.007391661405563354e-01 1.342206378467381001e-03 2.568379163742065430e+00 3.983146548271179199e-01 1.007391661405563354e-01 1.342206378467381001e-03 2.568379163742065430e+00 3.983146548271179199e-01
2.000000000000000000e+04 1.024094939231872559e+00 4.298198036849498749e-03 2.165922403335571289e+00 1.907742768526077271e-01 1.024094939231872559e+00 4.298198036849498749e-03 2.165922403335571289e+00 1.907742768526077271e-01
