# step, loss_train, loss_test, metrics_test
0.000000000000000000e+00 1.798010915517807007e-01 3.203212356567382812e+01 3.067434082031250000e+03 9.488999176025390625e+01 1.798010915517807007e-01 3.203212356567382812e+01 3.067434082031250000e+03 9.488999176025390625e+01
1.000000000000000000e+03 1.399315929412841797e+01 1.908788490295410156e+01 2.008231445312500000e+03 9.209578704833984375e+01 1.399315929412841797e+01 1.908788490295410156e+01 2.008231445312500000e+03 9.209578704833984375e+01
2.000000000000000000e+03 1.033075408935546875e+02 1.558560657501220703e+01 8.235305786132812500e+02 9.100208282470703125e+01 1.033075408935546875e+02 1.558560657501220703e+01 8.235305786132812500e+02 9.100208282470703125e+01
3.000000000000000000e+03 2.025002479553222656e+01 1.983619308471679688e+01 6.615732421875000000e+02 9.242117309570312500e+01 2.025002479553222656e+01 1.983619308471679688e+01 6.615732421875000000e+02 9.242117309570312500e+01
4.000000000000000000e+03 7.775451660156250000e+00 2.084752464294433594e+01 6.109459228515625000e+02 9.288808441162109375e+01 7.775451660156250000e+00 2.084752464294433594e+01 6.109459228515625000e+02 9.288808441162109375e+01
5.000000000000000000e+03 6.953086376190185547e+00 2.149590301513671875e+01 5.701088867187500000e+02 9.294850921630859375e+01 6.953086376190185547e+00 2.149590301513671875e+01 5.701088867187500000e+02 9.294850921630859375e+01
6.000000000000000000e+03 7.174397945404052734e+00 2.217541694641113281e+01 4.946740417480468750e+02 9.270767974853515625e+01 7.174397945404052734e+00 2.217541694641113281e+01 4.946740417480468750e+02 9.270767974853515625e+01
7.000000000000000000e+03 9.038227081298828125e+00 2.500277137756347656e+01 3.475936584472656250e+02 9.249221038818359375e+01 9.038227081298828125e+00 2.500277137756347656e+01 3.475936584472656250e+02 9.249221038818359375e+01
8.000000000000000000e+03 4.975478649139404297e+00 2.786203575134277344e+01 2.525837554931640625e+02 9.173920440673828125e+01 4.975478649139404297e+00 2.786203575134277344e+01 2.525837554931640625e+02 9.173920440673828125e+01
9.000000000000000000e+03 7.286800384521484375e+00 3.318009185791015625e+01 8.982141876220703125e+01 8.852738952636718750e+01 7.286800384521484375e+00 3.318009185791015625e+01 8.982141876220703125e+01 8.852738952636718750e+01
1.000000000000000000e+04 2.583243131637573242e+00 3.528235626220703125e+01 1.639951515197753906e+01 8.644972229003906250e+01 2.583243131637573242e+00 3.528235626220703125e+01 1.639951515197753906e+01 8.644972229003906250e+01
1.100000000000000000e+04 1.244513154029846191e+00 3.288754653930664062e+01 6.892023563385009766e+00 8.678491973876953125e+01 1.244513154029846191e+00 3.288754653930664062e+01 6.892023563385009766e+00 8.678491973876953125e+01
1.200000000000000000e+04 8.373938202857971191e-01 3.001512336730957031e+01 3.013381242752075195e+00 8.727523803710937500e+01 8.373938202857971191e-01 3.001512336730957031e+01 3.013381242752075195e+00 8.727523803710937500e+01
1.300000000000000000e+04 6.890605092048645020e-01 2.668597793579101562e+01 1.853440999984741211e+00 8.753907012939453125e+01 6.890605092048645020e-01 2.668597793579101562e+01 1.853440999984741211e+00 8.753907012939453125e+01
1.400000000000000000e+04 6.585544943809509277e-01 2.296956634521484375e+01 1.650846958160400391e+00 8.759794616699218750e+01 6.585544943809509277e-01 2.296956634521484375e+01 1.650846958160400391e+00 8.759794616699218750e+01
1.500000000000000000e+04 7.476390600204467773e-01 1.895806694030761719e+01 1.510345458984375000e+00 8.749504852294921875e+01 7.476390600204467773e-01 1.895806694030761719e+01 1.510345458984375000e+00 8.749504852294921875e+01
1.600000000000000000e+04 9.265255331993103027e-01 1.453730869293212891e+01 1.224143624305725098e+00 8.710633087158203125e+01 9.265255331993103027e-01 1.453730869293212891e+01 1.224143624305725098e+00 8.710633087158203125e+01
1.700000000000000000e+04 9.697376489639282227e-01 1.025939178466796875e+01 8.374472260475158691e-01 8.624388885498046875e+01 9.697376489639282227e-01 1.025939178466796875e+01 8.374472260475158691e-01 8.624388885498046875e+01
1.800000000000000000e+04 7.664597630500793457e-01 8.033559799194335938e+00 6.824879646301269531e-01 8.550969696044921875e+01 7.664597630500793457e-01 8.033559799194335938e+00 6.824879646301269531e-01 8.550969696044921875e+01
1.900000000000000000e+04 5.451964139938354492e-01 6.569976806640625000e+00 5.899115800857543945e-01 8.522282409667968750e+01 5.451964139938354492e-01 6.569976806640625000e+00 5.899115800857543945e-01 8.522282409667968750e+01
2.000000000000000000e+04 4.972823560237884521e-01 5.094621181488037109e+00 5.721829533576965332e-01 8.501927185058593750e+01 4.972823560237884521e-01 5.094621181488037109e+00 5.721829533576965332e-01 8.501927185058593750e+01
