# step, loss_train, loss_test, metrics_test
0.000000000000000000e+00 2.551564941406250000e+03 1.031261062622070312e+01 3.061186279296875000e+03 3.964769592285156250e+02 2.551564941406250000e+03 1.031261062622070312e+01 3.061186279296875000e+03 3.964769592285156250e+02
1.000000000000000000e+03 1.915327453613281250e+01 1.446714496612548828e+01 2.272375679016113281e+01 2.969258117675781250e+02 1.915327453613281250e+01 1.446714496612548828e+01 2.272375679016113281e+01 2.969258117675781250e+02
2.000000000000000000e+03 1.133155250549316406e+01 5.850932121276855469e+00 6.986002326011657715e-01 1.264362716674804688e+01 1.133155250549316406e+01 5.850932121276855469e+00 6.986002326011657715e-01 1.264362716674804688e+01
3.000000000000000000e+03 4.656334877014160156e+00 2.798812150955200195e+00 2.151230424642562866e-01 7.276397705078125000e+00 4.656334877014160156e+00 2.798812150955200195e+00 2.151230424642562866e-01 7.276397705078125000e+00
4.000000000000000000e+03 1.162567710876464844e+01 1.750919818878173828e+00 1.840198326110839844e+01 7.155346393585205078e+00 1.162567710876464844e+01 1.750919818878173828e+00 1.840198326110839844e+01 7.155346393585205078e+00
5.000000000000000000e+03 2.921292543411254883e+00 1.190928936004638672e+00 4.607494354248046875e+00 3.748217582702636719e+00 2.921292543411254883e+00 1.190928936004638672e+00 4.607494354248046875e+00 3.748217582702636719e+00
6.000000000000000000e+03 6.514246940612792969e+00 9.903610348701477051e-01 1.570234394073486328e+01 3.331703662872314453e+00 6.514246940612792969e+00 9.903610348701477051e-01 1.570234394073486328e+01 3.331703662872314453e+00
7.000000000000000000e+03 1.599733591079711914e+00 8.018982410430908203e-01 1.218752503395080566e+00 3.620271921157836914e+00 1.599733591079711914e+00 8.018982410430908203e-01 1.218752503395080566e+00 3.620271921157836914e+00
8.000000000000000000e+03 1.483469009399414062e+00 6.397185921669006348e-01 3.904763162136077881e-01 2.745912075042724609e+00 1.483469009399414062e+00 6.397185921669006348e-01 3.904763162136077881e-01 2.745912075042724609e+00
9.000000000000000000e+03 4.186526298522949219e+00 6.490718126296997070e-01 8.497268676757812500e+00 2.849171161651611328e+00 4.186526298522949219e+00 6.490718126296997070e-01 8.497268676757812500e+00 2.849171161651611328e+00
1.000000000000000000e+04 2.065537643432617188e+01 1.003475785255432129e+00 5.845152664184570312e+01 2.480393171310424805e+00 2.065537643432617188e+01 1.003475785255432129e+00 5.845152664184570312e+01 2.480393171310424805e+00
1.100000000000000000e+04 1.249891281127929688e+00 3.617404103279113770e-01 9.865229725837707520e-01 1.966682314872741699e+00 1.249891281127929688e+00 3.617404103279113770e-01 9.865229725837707520e-01 1.966682314872741699e+00
1.200000000000000000e+04 8.654799461364746094e-01 2.798351943492889404e-01 5.316179618239402771e-02 1.665304422378540039e+00 8.654799461364746094e-01 2.798351943492889404e-01 5.316179618239402771e-02 1.665304422378540039e+00
1.300000000000000000e+04 1.854154109954833984e+00 2.466165572404861450e-01 5.244854927062988281e+00 2.271638870239257812e+00 1.854154109954833984e+00 2.466165572404861450e-01 5.244854927062988281e+00 2.271638870239257812e+00
1.400000000000000000e+04 1.717414140701293945e+00 1.795268952846527100e-01 3.317085742950439453e+00 1.995116114616394043e+00 1.717414140701293945e+00 1.795268952846527100e-01 3.317085742950439453e+00 1.995116114616394043e+00
1.500000000000000000e+04 2.339737892150878906e+00 1.516516953706741333e-01 1.865299582481384277e+00 1.693116068840026855e+00 2.339737892150878906e+00 1.516516953706741333e-01 1.865299582481384277e+00 1.693116068840026855e+00
1.600000000000000000e+04 1.234586119651794434e+00 1.277286112308502197e-01 1.648504585027694702e-01 1.181998133659362793e+00 1.234586119651794434e+00 1.277286112308502197e-01 1.648504585027694702e-01 1.181998133659362793e+00
1.700000000000000000e+04 2.227139472961425781e+00 1.021648570895195007e-01 7.860031127929687500e+00 1.080220699310302734e+00 2.227139472961425781e+00 1.021648570895195007e-01 7.860031127929687500e+00 1.080220699310302734e+00
1.800000000000000000e+04 6.682637929916381836e-01 7.708191871643066406e-02 2.600890398025512695e-01 9.999175071716308594e-01 6.682637929916381836e-01 7.708191871643066406e-02 2.600890398025512695e-01 9.999175071716308594e-01
1.900000000000000000e+04 6.102014183998107910e-01 4.994571954011917114e-02 3.956789076328277588e-01 9.388387203216552734e-01 6.102014183998107910e-01 4.994571954011917114e-02 3.956789076328277588e-01 9.388387203216552734e-01
2.000000000000000000e+04 2.497344970703125000e+00 5.433384701609611511e-02 3.091404914855957031e+00 1.959902644157409668e+00 2.497344970703125000e+00 5.433384701609611511e-02 3.091404914855957031e+00 1.959902644157409668e+00
