# step, loss_train, loss_test, metrics_test
0.000000000000000000e+00 7.222354125976562500e+02 3.088829231262207031e+01 3.672920410156250000e+03 4.237897949218750000e+02 7.222354125976562500e+02 3.088829231262207031e+01 3.672920410156250000e+03 4.237897949218750000e+02
1.000000000000000000e+03 5.502033233642578125e+00 4.510741806030273438e+01 7.276570320129394531e+00 4.094273071289062500e+02 5.502033233642578125e+00 4.510741806030273438e+01 7.276570320129394531e+00 4.094273071289062500e+02
2.000000000000000000e+03 4.798873901367187500e+00 2.430745315551757812e+01 5.228543281555175781e+00 3.822465515136718750e+02 4.798873901367187500e+00 2.430745315551757812e+01 5.228543281555175781e+00 3.822465515136718750e+02
3.000000000000000000e+03 2.635994434356689453e+00 1.345247459411621094e+01 2.126776933670043945e+00 3.521976013183593750e+02 2.635994434356689453e+00 1.345247459411621094e+01 2.126776933670043945e+00 3.521976013183593750e+02
4.000000000000000000e+03 4.975728607177734375e+01 1.239716434478759766e+01 3.627402496337890625e+01 3.524883422851562500e+02 4.975728607177734375e+01 1.239716434478759766e+01 3.627402496337890625e+01 3.524883422851562500e+02
5.000000000000000000e+03 1.238807201385498047e+01 7.317009449005126953e+00 2.629595565795898438e+01 3.650430603027343750e+02 1.238807201385498047e+01 7.317009449005126953e+00 2.629595565795898438e+01 3.650430603027343750e+02
6.000000000000000000e+03 1.183718681335449219e+01 9.464958190917968750e+00 1.842290878295898438e+00 2.481531677246093750e+02 1.183718681335449219e+01 9.464958190917968750e+00 1.842290878295898438e+00 2.481531677246093750e+02
7.000000000000000000e+03 3.732994794845581055e+00 1.184026145935058594e+01 2.548483848571777344e+00 2.910104064941406250e+02 3.732994794845581055e+00 1.184026145935058594e+01 2.548483848571777344e+00 2.910104064941406250e+02
8.000000000000000000e+03 7.013327026367187500e+02 3.473786163330078125e+01 1.824946777343750000e+03 2.054094390869140625e+02 7.013327026367187500e+02 3.473786163330078125e+01 1.824946777343750000e+03 2.054094390869140625e+02
9.000000000000000000e+03 1.773562927246093750e+02 6.635408020019531250e+01 8.917713928222656250e+01 4.224531555175781250e+02 1.773562927246093750e+02 6.635408020019531250e+01 8.917713928222656250e+01 4.224531555175781250e+02
1.000000000000000000e+04 5.730232715606689453e+00 1.092163562774658203e+01 1.220027208328247070e+00 2.932065734863281250e+02 5.730232715606689453e+00 1.092163562774658203e+01 1.220027208328247070e+00 2.932065734863281250e+02
1.100000000000000000e+04 3.409399795532226562e+01 1.346165847778320312e+01 7.675311088562011719e+00 1.672392578125000000e+02 3.409399795532226562e+01 1.346165847778320312e+01 7.675311088562011719e+00 1.672392578125000000e+02
1.200000000000000000e+04 1.315293121337890625e+01 4.931398868560791016e+00 1.733222246170043945e+00 1.495998687744140625e+02 1.315293121337890625e+01 4.931398868560791016e+00 1.733222246170043945e+00 1.495998687744140625e+02
1.300000000000000000e+04 1.938790893554687500e+01 4.054808139801025391e+00 6.685005187988281250e+00 1.373237152099609375e+02 1.938790893554687500e+01 4.054808139801025391e+00 6.685005187988281250e+00 1.373237152099609375e+02
1.400000000000000000e+04 5.213321208953857422e+00 1.374859362840652466e-01 1.619693517684936523e+00 2.477504539489746094e+01 5.213321208953857422e+00 1.374859362840652466e-01 1.619693517684936523e+00 2.477504539489746094e+01
1.500000000000000000e+04 3.090679168701171875e+00 1.785183399915695190e-01 1.215589493513107300e-01 1.263007068634033203e+01 3.090679168701171875e+00 1.785183399915695190e-01 1.215589493513107300e-01 1.263007068634033203e+01
1.600000000000000000e+04 5.565973758697509766e+00 1.168941035866737366e-01 3.512430667877197266e+00 1.047294807434082031e+01 5.565973758697509766e+00 1.168941035866737366e-01 3.512430667877197266e+00 1.047294807434082031e+01
1.700000000000000000e+04 3.155063629150390625e+01 1.250039786100387573e-01 1.088021516799926758e+00 5.902344703674316406e+00 3.155063629150390625e+01 1.250039786100387573e-01 1.088021516799926758e+00 5.902344703674316406e+00
1.800000000000000000e+04 2.090852737426757812e+00 5.022814497351646423e-02 5.030667781829833984e-01 5.840214252471923828e+00 2.090852737426757812e+00 5.022814497351646423e-02 5.030667781829833984e-01 5.840214252471923828e+00
1.900000000000000000e+04 3.349567174911499023e+00 5.121886357665061951e-02 1.851167917251586914e+00 3.772300958633422852e+00 3.349567174911499023e+00 5.121886357665061951e-02 1.851167917251586914e+00 3.772300958633422852e+00
2.000000000000000000e+04 2.660740375518798828e+00 1.184329483658075333e-02 2.156090587377548218e-01 2.133439064025878906e+00 2.660740375518798828e+00 1.184329483658075333e-02 2.156090587377548218e-01 2.133439064025878906e+00
