# step, loss_train, loss_test, metrics_test
0.000000000000000000e+00 2.025627593994140625e+02 3.203872680664062500e+01 6.756582641601562500e+02 2.345297851562500000e+02 2.025627593994140625e+02 3.203872680664062500e+01 6.756582641601562500e+02 2.345297851562500000e+02
1.000000000000000000e+03 6.252779960632324219e+00 1.872319102287292480e+00 2.714439153671264648e+00 3.727846908569335938e+01 6.252779960632324219e+00 1.872319102287292480e+00 2.714439153671264648e+00 3.727846908569335938e+01
2.000000000000000000e+03 3.433467149734497070e-01 8.819053322076797485e-02 4.142359793186187744e-01 1.263917446136474609e+00 3.433467149734497070e-01 8.819053322076797485e-02 4.142359793186187744e-01 1.263917446136474609e+00
3.000000000000000000e+03 2.228508442640304565e-01 6.965844035148620605e-01 1.046053051948547363e+00 1.769519448280334473e+00 2.228508442640304565e-01 6.965844035148620605e-01 1.046053051948547363e+00 1.769519448280334473e+00
4.000000000000000000e+03 1.170684695243835449e-01 5.165436305105686188e-03 5.093754529953002930e-01 8.569787144660949707e-01 1.170684695243835449e-01 5.165436305105686188e-03 5.093754529953002930e-01 8.569787144660949707e-01
5.000000000000000000e+03 5.881030559539794922e+00 1.326963752508163452e-01 5.102999687194824219e+00 6.875641345977783203e-01 5.881030559539794922e+00 1.326963752508163452e-01 5.102999687194824219e+00 6.875641345977783203e-01
6.000000000000000000e+03 5.145130306482315063e-02 5.920590832829475403e-03 8.288245797157287598e-01 4.237139821052551270e-01 5.145130306482315063e-02 5.920590832829475403e-03 8.288245797157287598e-01 4.237139821052551270e-01
7.000000000000000000e+03 9.766638278961181641e-02 3.130739554762840271e-03 3.652786016464233398e-01 8.743350505828857422e-01 9.766638278961181641e-02 3.130739554762840271e-03 3.652786016464233398e-01 8.743350505828857422e-01
8.000000000000000000e+03 9.280045628547668457e-01 4.999658092856407166e-03 5.007467865943908691e-01 4.483019113540649414e-01 9.280045628547668457e-01 4.999658092856407166e-03 5.007467865943908691e-01 4.483019113540649414e-01
9.000000000000000000e+03 5.322826653718948364e-02 2.138570882380008698e-02 2.765497267246246338e-01 7.610393762588500977e-01 5.322826653718948364e-02 2.138570882380008698e-02 2.765497267246246338e-01 7.610393762588500977e-01
1.000000000000000000e+04 1.588618010282516479e-02 4.647362045943737030e-03 2.436103224754333496e-01 6.359053850173950195e-01 1.588618010282516479e-02 4.647362045943737030e-03 2.436103224754333496e-01 6.359053850173950195e-01
1.100000000000000000e+04 7.057623267173767090e-01 1.329914294183254242e-02 1.269078105688095093e-01 3.964229822158813477e-01 7.057623267173767090e-01 1.329914294183254242e-02 1.269078105688095093e-01 3.964229822158813477e-01
1.200000000000000000e+04 2.619052231311798096e-01 3.764369059354066849e-03 1.580404490232467651e-01 3.178711533546447754e-01 2.619052231311798096e-01 3.764369059354066849e-03 1.580404490232467651e-01 3.178711533546447754e-01
1.300000000000000000e+04 1.442920118570327759e-01 6.040926673449575901e-04 5.354989692568778992e-02 2.268693745136260986e-01 1.442920118570327759e-01 6.040926673449575901e-04 5.354989692568778992e-02 2.268693745136260986e-01
1.400000000000000000e+04 1.563045755028724670e-02 1.883496879599988461e-04 1.747280359268188477e-02 1.717987805604934692e-01 1.563045755028724670e-02 1.883496879599988461e-04 1.747280359268188477e-02 1.717987805604934692e-01
1.500000000000000000e+04 8.100982308387756348e-01 9.421230643056333065e-04 1.249658226966857910e+00 4.049267172813415527e-01 8.100982308387756348e-01 9.421230643056333065e-04 1.249658226966857910e+00 4.049267172813415527e-01
1.600000000000000000e+04 2.445310726761817932e-02 2.734551380854099989e-04 3.606315702199935913e-02 1.735712587833404541e-01 2.445310726761817932e-02 2.734551380854099989e-04 3.606315702199935913e-02 1.735712587833404541e-01
1.700000000000000000e+04 1.729087978601455688e-01 1.583296060562133789e-02 3.905355930328369141e-01 1.948507279157638550e-01 1.729087978601455688e-01 1.583296060562133789e-02 3.905355930328369141e-01 1.948507279157638550e-01
1.800000000000000000e+04 2.450235038995742798e-01 5.462330882437527180e-04 8.182143419981002808e-02 1.022491678595542908e-01 2.450235038995742798e-01 5.462330882437527180e-04 8.182143419981002808e-02 1.022491678595542908e-01
1.900000000000000000e+04 4.595378413796424866e-02 2.051729010418057442e-03 1.092050448060035706e-01 8.029276132583618164e-02 4.595378413796424866e-02 2.051729010418057442e-03 1.092050448060035706e-01 8.029276132583618164e-02
2.000000000000000000e+04 2.327327281236648560e-01 2.506408374756574631e-03 4.662974551320075989e-02 7.699933648109436035e-02 2.327327281236648560e-01 2.506408374756574631e-03 4.662974551320075989e-02 7.699933648109436035e-02
