# step, loss_train, loss_test, metrics_test
0.000000000000000000e+00 3.990968437500000000e+05 2.128962707519531250e+02 1.735430297851562500e+03 3.669338989257812500e+02 3.990968437500000000e+05 2.128962707519531250e+02 1.735430297851562500e+03 3.669338989257812500e+02
1.000000000000000000e+03 2.116832885742187500e+02 2.601856803894042969e+01 1.790113983154296875e+02 2.273562469482421875e+02 2.116832885742187500e+02 2.601856803894042969e+01 1.790113983154296875e+02 2.273562469482421875e+02
2.000000000000000000e+03 9.330664062500000000e+01 2.402276611328125000e+01 1.206972885131835938e+02 2.277446289062500000e+02 9.330664062500000000e+01 2.402276611328125000e+01 1.206972885131835938e+02 2.277446289062500000e+02
3.000000000000000000e+03 8.117375183105468750e+01 2.023932838439941406e+01 6.269048690795898438e+01 2.257100524902343750e+02 8.117375183105468750e+01 2.023932838439941406e+01 6.269048690795898438e+01 2.257100524902343750e+02
4.000000000000000000e+03 6.991198730468750000e+01 1.556191825866699219e+01 2.823535728454589844e+01 2.205303649902343750e+02 6.991198730468750000e+01 1.556191825866699219e+01 2.823535728454589844e+01 2.205303649902343750e+02
5.000000000000000000e+03 4.507949066162109375e+01 8.121499061584472656e+00 7.786571025848388672e+00 2.144687194824218750e+02 4.507949066162109375e+01 8.121499061584472656e+00 7.786571025848388672e+00 2.144687194824218750e+02
6.000000000000000000e+03 3.303192520141601562e+01 5.760938644409179688e+00 3.137524604797363281e+00 2.084603271484375000e+02 3.303192520141601562e+01 5.760938644409179688e+00 3.137524604797363281e+00 2.084603271484375000e+02
7.000000000000000000e+03 2.121673583984375000e+01 5.020686149597167969e+00 1.264376878738403320e+00 2.028896484375000000e+02 2.121673583984375000e+01 5.020686149597167969e+00 1.264376878738403320e+00 2.028896484375000000e+02
8.000000000000000000e+03 1.638281059265136719e+01 4.766536235809326172e+00 5.354007482528686523e-01 1.977527465820312500e+02 1.638281059265136719e+01 4.766536235809326172e+00 5.354007482528686523e-01 1.977527465820312500e+02
9.000000000000000000e+03 1.395857620239257812e+01 5.190239429473876953e+00 4.945326745510101318e-01 1.875375671386718750e+02 1.395857620239257812e+01 5.190239429473876953e+00 4.945326745510101318e-01 1.875375671386718750e+02
1.000000000000000000e+04 1.520939445495605469e+01 4.917334556579589844e+00 2.836842775344848633e+00 1.770156402587890625e+02 1.520939445495605469e+01 4.917334556579589844e+00 2.836842775344848633e+00 1.770156402587890625e+02
1.100000000000000000e+04 2.103878021240234375e+01 6.569569110870361328e+00 7.384136319160461426e-01 1.608987426757812500e+02 2.103878021240234375e+01 6.569569110870361328e+00 7.384136319160461426e-01 1.608987426757812500e+02
1.200000000000000000e+04 6.126442718505859375e+01 7.351902008056640625e+00 9.773437500000000000e+00 1.490454559326171875e+02 6.126442718505859375e+01 7.351902008056640625e+00 9.773437500000000000e+00 1.490454559326171875e+02
1.300000000000000000e+04 1.457306098937988281e+01 7.075744628906250000e+00 6.658980250358581543e-01 1.428699493408203125e+02 1.457306098937988281e+01 7.075744628906250000e+00 6.658980250358581543e-01 1.428699493408203125e+02
1.400000000000000000e+04 1.695804405212402344e+01 5.983006000518798828e+00 1.534320473670959473e+00 1.224599761962890625e+02 1.695804405212402344e+01 5.983006000518798828e+00 1.534320473670959473e+00 1.224599761962890625e+02
1.500000000000000000e+04 4.975164413452148438e+01 4.617184638977050781e+00 7.465882778167724609e+00 1.240580062866210938e+02 4.975164413452148438e+01 4.617184638977050781e+00 7.465882778167724609e+00 1.240580062866210938e+02
1.600000000000000000e+04 4.439617919921875000e+01 1.219731712341308594e+01 6.204710483551025391e+00 1.887295532226562500e+02 4.439617919921875000e+01 1.219731712341308594e+01 6.204710483551025391e+00 1.887295532226562500e+02
1.700000000000000000e+04 3.890099334716796875e+01 1.616755867004394531e+01 3.720359039306640625e+01 2.048369445800781250e+02 3.890099334716796875e+01 1.616755867004394531e+01 3.720359039306640625e+01 2.048369445800781250e+02
1.800000000000000000e+04 1.216947078704833984e+01 9.497146606445312500e+00 2.263273000717163086e+00 1.316581878662109375e+02 1.216947078704833984e+01 9.497146606445312500e+00 2.263273000717163086e+00 1.316581878662109375e+02
1.900000000000000000e+04 1.765244102478027344e+01 2.217057228088378906e+01 5.911361694335937500e+01 1.989403686523437500e+02 1.765244102478027344e+01 2.217057228088378906e+01 5.911361694335937500e+01 1.989403686523437500e+02
2.000000000000000000e+04 2.157469558715820312e+01 1.281519603729248047e+01 7.951217174530029297e+00 1.867644348144531250e+02 2.157469558715820312e+01 1.281519603729248047e+01 7.951217174530029297e+00 1.867644348144531250e+02
