# step, loss_train, loss_test, metrics_test
0.000000000000000000e+00 1.034994562500000000e+06 2.052515869140625000e+03 1.460227031250000000e+05 0.000000000000000000e+00 1.034994562500000000e+06 2.052515869140625000e+03 1.460227031250000000e+05 0.000000000000000000e+00
1.000000000000000000e+03 8.987343750000000000e+05 1.831483520507812500e+03 1.254248671875000000e+05 0.000000000000000000e+00 8.987343750000000000e+05 1.831483520507812500e+03 1.254248671875000000e+05 0.000000000000000000e+00
2.000000000000000000e+03 7.742875625000000000e+05 1.632932617187500000e+03 1.071904140625000000e+05 0.000000000000000000e+00 7.742875625000000000e+05 1.632932617187500000e+03 1.071904140625000000e+05 0.000000000000000000e+00
3.000000000000000000e+03 6.607457500000000000e+05 1.453008666992187500e+03 9.123653906250000000e+04 0.000000000000000000e+00 6.607457500000000000e+05 1.453008666992187500e+03 9.123653906250000000e+04 0.000000000000000000e+00
4.000000000000000000e+03 5.585091875000000000e+05 1.287055053710937500e+03 7.724273437500000000e+04 0.000000000000000000e+00 5.585091875000000000e+05 1.287055053710937500e+03 7.724273437500000000e+04 0.000000000000000000e+00
5.000000000000000000e+03 4.665249062500000000e+05 1.136835937500000000e+03 6.509080078125000000e+04 0.000000000000000000e+00 4.665249062500000000e+05 1.136835937500000000e+03 6.509080078125000000e+04 0.000000000000000000e+00
6.000000000000000000e+03 3.834470625000000000e+05 1.003180358886718750e+03 5.478909765625000000e+04 0.000000000000000000e+00 3.834470625000000000e+05 1.003180358886718750e+03 5.478909765625000000e+04 0.000000000000000000e+00
7.000000000000000000e+03 3.101885937500000000e+05 8.818370361328125000e+02 4.607698828125000000e+04 0.000000000000000000e+00 3.101885937500000000e+05 8.818370361328125000e+02 4.607698828125000000e+04 0.000000000000000000e+00
8.000000000000000000e+03 2.472429531250000000e+05 7.714743041992187500e+02 3.859660156250000000e+04 0.000000000000000000e+00 2.472429531250000000e+05 7.714743041992187500e+02 3.859660156250000000e+04 0.000000000000000000e+00
9.000000000000000000e+03 1.937250312500000000e+05 6.725528564453125000e+02 3.213299609375000000e+04 0.000000000000000000e+00 1.937250312500000000e+05 6.725528564453125000e+02 3.213299609375000000e+04 0.000000000000000000e+00
1.000000000000000000e+04 1.496911250000000000e+05 5.830952148437500000e+02 2.656958203125000000e+04 0.000000000000000000e+00 1.496911250000000000e+05 5.830952148437500000e+02 2.656958203125000000e+04 0.000000000000000000e+00
1.100000000000000000e+04 1.146449609375000000e+05 5.048866271972656250e+02 2.191094726562500000e+04 0.000000000000000000e+00 1.146449609375000000e+05 5.048866271972656250e+02 2.191094726562500000e+04 0.000000000000000000e+00
1.200000000000000000e+04 8.728073437500000000e+04 4.404362792968750000e+02 1.818734570312500000e+04 0.000000000000000000e+00 8.728073437500000000e+04 4.404362792968750000e+02 1.818734570312500000e+04 0.000000000000000000e+00
1.300000000000000000e+04 6.661400000000000000e+04 3.874253234863281250e+02 1.522571386718750000e+04 0.000000000000000000e+00 6.661400000000000000e+04 3.874253234863281250e+02 1.522571386718750000e+04 0.000000000000000000e+00
1.400000000000000000e+04 5.074362890625000000e+04 3.418687133789062500e+02 1.277653515625000000e+04 0.000000000000000000e+00 5.074362890625000000e+04 3.418687133789062500e+02 1.277653515625000000e+04 0.000000000000000000e+00
1.500000000000000000e+04 3.880884765625000000e+04 3.010096130371093750e+02 1.066141503906250000e+04 0.000000000000000000e+00 3.880884765625000000e+04 3.010096130371093750e+02 1.066141503906250000e+04 0.000000000000000000e+00
1.600000000000000000e+04 2.988635742187500000e+04 2.638460693359375000e+02 8.781577148437500000e+03 0.000000000000000000e+00 2.988635742187500000e+04 2.638460693359375000e+02 8.781577148437500000e+03 0.000000000000000000e+00
1.700000000000000000e+04 2.316757031250000000e+04 2.294092864990234375e+02 7.080369628906250000e+03 0.000000000000000000e+00 2.316757031250000000e+04 2.294092864990234375e+02 7.080369628906250000e+03 0.000000000000000000e+00
1.800000000000000000e+04 1.812394140625000000e+04 1.970329132080078125e+02 5.521907714843750000e+03 0.000000000000000000e+00 1.812394140625000000e+04 1.970329132080078125e+02 5.521907714843750000e+03 0.000000000000000000e+00
1.900000000000000000e+04 1.427043261718750000e+04 1.689610290527343750e+02 4.218592285156250000e+03 0.000000000000000000e+00 1.427043261718750000e+04 1.689610290527343750e+02 4.218592285156250000e+03 0.000000000000000000e+00
2.000000000000000000e+04 1.130562597656250000e+04 1.477470245361328125e+02 3.271041992187500000e+03 0.000000000000000000e+00 1.130562597656250000e+04 1.477470245361328125e+02 3.271041992187500000e+03 0.000000000000000000e+00
