# step, loss_train, loss_test, metrics_test
0.000000000000000000e+00 0.000000000000000000e+00 1.932432174682617188e+01 5.565516113281250000e+03 1.903478546142578125e+02 0.000000000000000000e+00 1.932432174682617188e+01 5.565516113281250000e+03 1.903478546142578125e+02
1.000000000000000000e+03 0.000000000000000000e+00 1.685735583305358887e+00 2.979303896427154541e-01 3.147663497924804688e+01 0.000000000000000000e+00 1.685735583305358887e+00 2.979303896427154541e-01 3.147663497924804688e+01
2.000000000000000000e+03 0.000000000000000000e+00 4.534019622951745987e-03 1.131351338699460030e-03 8.153781294822692871e-01 0.000000000000000000e+00 4.534019622951745987e-03 1.131351338699460030e-03 8.153781294822692871e-01
3.000000000000000000e+03 0.000000000000000000e+00 6.978622078895568848e-02 7.977015018463134766e+00 7.234498858451843262e-01 0.000000000000000000e+00 6.978622078895568848e-02 7.977015018463134766e+00 7.234498858451843262e-01
4.000000000000000000e+03 0.000000000000000000e+00 7.796253194101154804e-04 6.096120341680943966e-04 2.419757843017578125e-01 0.000000000000000000e+00 7.796253194101154804e-04 6.096120341680943966e-04 2.419757843017578125e-01
5.000000000000000000e+03 0.000000000000000000e+00 2.274535130709409714e-03 4.085931181907653809e-02 1.156055405735969543e-01 0.000000000000000000e+00 2.274535130709409714e-03 4.085931181907653809e-02 1.156055405735969543e-01
6.000000000000000000e+03 0.000000000000000000e+00 8.035843260586261749e-03 2.210150957107543945e-01 1.177254021167755127e-01 0.000000000000000000e+00 8.035843260586261749e-03 2.210150957107543945e-01 1.177254021167755127e-01
7.000000000000000000e+03 0.000000000000000000e+00 3.359276428818702698e-02 2.456478476524353027e-01 7.863616198301315308e-02 0.000000000000000000e+00 3.359276428818702698e-02 2.456478476524353027e-01 7.863616198301315308e-02
8.000000000000000000e+03 0.000000000000000000e+00 3.692229092121124268e-02 1.147894710302352905e-01 1.556604802608489990e-01 0.000000000000000000e+00 3.692229092121124268e-02 1.147894710302352905e-01 1.556604802608489990e-01
9.000000000000000000e+03 0.000000000000000000e+00 3.890680090989917517e-04 8.513405919075012207e-03 1.784096285700798035e-02 0.000000000000000000e+00 3.890680090989917517e-04 8.513405919075012207e-03 1.784096285700798035e-02
1.000000000000000000e+04 0.000000000000000000e+00 1.220479840412735939e-03 1.780899055302143097e-02 1.459297072142362595e-02 0.000000000000000000e+00 1.220479840412735939e-03 1.780899055302143097e-02 1.459297072142362595e-02
1.100000000000000000e+04 0.000000000000000000e+00 5.215145274996757507e-02 1.300964802503585815e-01 2.322693318128585815e-01 0.000000000000000000e+00 5.215145274996757507e-02 1.300964802503585815e-01 2.322693318128585815e-01
1.200000000000000000e+04 0.000000000000000000e+00 1.906870456878095865e-04 4.163603764027357101e-03 7.058350369334220886e-03 0.000000000000000000e+00 1.906870456878095865e-04 4.163603764027357101e-03 7.058350369334220886e-03
1.300000000000000000e+04 0.000000000000000000e+00 4.885531325271585956e-06 3.533410563250072300e-06 4.486536141484975815e-03 0.000000000000000000e+00 4.885531325271585956e-06 3.533410563250072300e-06 4.486536141484975815e-03
1.400000000000000000e+04 0.000000000000000000e+00 4.520576567301759496e-06 2.820429756411613198e-08 4.170522093772888184e-03 0.000000000000000000e+00 4.520576567301759496e-06 2.820429756411613198e-08 4.170522093772888184e-03
1.500000000000000000e+04 0.000000000000000000e+00 2.610234787425724790e-06 2.676580095339886611e-07 3.230620874091982841e-03 0.000000000000000000e+00 2.610234787425724790e-06 2.676580095339886611e-07 3.230620874091982841e-03
1.600000000000000000e+04 0.000000000000000000e+00 1.251032131222018506e-06 3.703970818946800136e-08 2.779259812086820602e-03 0.000000000000000000e+00 1.251032131222018506e-06 3.703970818946800136e-08 2.779259812086820602e-03
1.700000000000000000e+04 0.000000000000000000e+00 7.366379577433690429e-06 2.564403985161334276e-06 5.804430693387985229e-03 0.000000000000000000e+00 7.366379577433690429e-06 2.564403985161334276e-06 5.804430693387985229e-03
1.800000000000000000e+04 0.000000000000000000e+00 2.805270487442612648e-04 3.626028820872306824e-02 4.431118257343769073e-03 0.000000000000000000e+00 2.805270487442612648e-04 3.626028820872306824e-02 4.431118257343769073e-03
1.900000000000000000e+04 0.000000000000000000e+00 8.120303391478955746e-05 4.219221882522106171e-03 3.776976838707923889e-03 0.000000000000000000e+00 8.120303391478955746e-05 4.219221882522106171e-03 3.776976838707923889e-03
2.000000000000000000e+04 0.000000000000000000e+00 1.507797278463840485e-03 5.441709235310554504e-02 6.949587259441614151e-03 0.000000000000000000e+00 1.507797278463840485e-03 5.441709235310554504e-02 6.949587259441614151e-03
