# step, loss_train, loss_test, metrics_test
0.000000000000000000e+00 0.000000000000000000e+00 1.261234893798828125e+02 5.158727734375000000e+04 3.898827209472656250e+02 0.000000000000000000e+00 1.261234893798828125e+02 5.158727734375000000e+04 3.898827209472656250e+02
1.000000000000000000e+03 0.000000000000000000e+00 3.128778266906738281e+01 2.546214103698730469e+00 2.857245483398437500e+02 0.000000000000000000e+00 3.128778266906738281e+01 2.546214103698730469e+00 2.857245483398437500e+02
2.000000000000000000e+03 0.000000000000000000e+00 7.745811939239501953e-01 3.814341306686401367e+00 1.103889007568359375e+02 0.000000000000000000e+00 7.745811939239501953e-01 3.814341306686401367e+00 1.103889007568359375e+02
3.000000000000000000e+03 0.000000000000000000e+00 1.437556934356689453e+01 2.937890625000000000e+03 2.835575866699218750e+02 0.000000000000000000e+00 1.437556934356689453e+01 2.937890625000000000e+03 2.835575866699218750e+02
4.000000000000000000e+03 0.000000000000000000e+00 1.437556457519531250e+01 2.937890625000000000e+03 2.835575561523437500e+02 0.000000000000000000e+00 1.437556457519531250e+01 2.937890625000000000e+03 2.835575561523437500e+02
5.000000000000000000e+03 0.000000000000000000e+00 1.437556076049804688e+01 2.937890625000000000e+03 2.835575866699218750e+02 0.000000000000000000e+00 1.437556076049804688e+01 2.937890625000000000e+03 2.835575866699218750e+02
6.000000000000000000e+03 0.000000000000000000e+00 1.437556076049804688e+01 2.937890625000000000e+03 2.835575866699218750e+02 0.000000000000000000e+00 1.437556076049804688e+01 2.937890625000000000e+03 2.835575866699218750e+02
7.000000000000000000e+03 0.000000000000000000e+00 1.437556076049804688e+01 2.937890625000000000e+03 2.835575866699218750e+02 0.000000000000000000e+00 1.437556076049804688e+01 2.937890625000000000e+03 2.835575866699218750e+02
8.000000000000000000e+03 0.000000000000000000e+00 1.437556076049804688e+01 2.937890625000000000e+03 2.835575866699218750e+02 0.000000000000000000e+00 1.437556076049804688e+01 2.937890625000000000e+03 2.835575866699218750e+02
9.000000000000000000e+03 0.000000000000000000e+00 1.437556076049804688e+01 2.937890625000000000e+03 2.835575866699218750e+02 0.000000000000000000e+00 1.437556076049804688e+01 2.937890625000000000e+03 2.835575866699218750e+02
1.000000000000000000e+04 0.000000000000000000e+00 1.437556076049804688e+01 2.937890625000000000e+03 2.835575866699218750e+02 0.000000000000000000e+00 1.437556076049804688e+01 2.937890625000000000e+03 2.835575866699218750e+02
1.100000000000000000e+04 0.000000000000000000e+00 1.437556076049804688e+01 2.937890625000000000e+03 2.835575866699218750e+02 0.000000000000000000e+00 1.437556076049804688e+01 2.937890625000000000e+03 2.835575866699218750e+02
1.200000000000000000e+04 0.000000000000000000e+00 1.437557315826416016e+01 2.937890869140625000e+03 2.835575866699218750e+02 0.000000000000000000e+00 1.437557315826416016e+01 2.937890869140625000e+03 2.835575866699218750e+02
1.300000000000000000e+04 0.000000000000000000e+00 1.437554454803466797e+01 2.937890869140625000e+03 2.835575561523437500e+02 0.000000000000000000e+00 1.437554454803466797e+01 2.937890869140625000e+03 2.835575561523437500e+02
1.400000000000000000e+04 0.000000000000000000e+00 1.437664222717285156e+01 2.937888671875000000e+03 2.835584716796875000e+02 0.000000000000000000e+00 1.437664222717285156e+01 2.937888671875000000e+03 2.835584716796875000e+02
1.500000000000000000e+04 0.000000000000000000e+00 1.437795543670654297e+01 2.937885986328125000e+03 2.835595703125000000e+02 0.000000000000000000e+00 1.437795543670654297e+01 2.937885986328125000e+03 2.835595703125000000e+02
1.600000000000000000e+04 0.000000000000000000e+00 1.520933723449707031e+01 2.941258300781250000e+03 2.842481689453125000e+02 0.000000000000000000e+00 1.520933723449707031e+01 2.941258300781250000e+03 2.842481689453125000e+02
1.700000000000000000e+04 0.000000000000000000e+00 1.437644481658935547e+01 2.937889160156250000e+03 2.835582885742187500e+02 0.000000000000000000e+00 1.437644481658935547e+01 2.937889160156250000e+03 2.835582885742187500e+02
1.800000000000000000e+04 0.000000000000000000e+00 1.437787342071533203e+01 2.937886718750000000e+03 2.835594787597656250e+02 0.000000000000000000e+00 1.437787342071533203e+01 2.937886718750000000e+03 2.835594787597656250e+02
1.900000000000000000e+04 0.000000000000000000e+00 1.437567234039306641e+01 2.937890136718750000e+03 2.835576477050781250e+02 0.000000000000000000e+00 1.437567234039306641e+01 2.937890136718750000e+03 2.835576477050781250e+02
2.000000000000000000e+04 0.000000000000000000e+00 1.435854339599609375e+01 2.937923828125000000e+03 2.835435180664062500e+02 0.000000000000000000e+00 1.435854339599609375e+01 2.937923828125000000e+03 2.835435180664062500e+02
