# step, loss_train, loss_test, metrics_test
0.000000000000000000e+00 0.000000000000000000e+00 3.816097259521484375e+01 1.119250976562500000e+04 1.427972106933593750e+02 0.000000000000000000e+00 3.816097259521484375e+01 1.119250976562500000e+04 1.427972106933593750e+02
1.000000000000000000e+03 0.000000000000000000e+00 6.967720508575439453e+00 5.879071354866027832e-01 1.116771087646484375e+02 0.000000000000000000e+00 6.967720508575439453e+00 5.879071354866027832e-01 1.116771087646484375e+02
2.000000000000000000e+03 0.000000000000000000e+00 2.697180986404418945e+00 1.479326128959655762e+00 6.304207611083984375e+01 0.000000000000000000e+00 2.697180986404418945e+00 1.479326128959655762e+00 6.304207611083984375e+01
3.000000000000000000e+03 0.000000000000000000e+00 2.313765048980712891e+00 4.678179509937763214e-03 4.061417007446289062e+01 0.000000000000000000e+00 2.313765048980712891e+00 4.678179509937763214e-03 4.061417007446289062e+01
4.000000000000000000e+03 0.000000000000000000e+00 5.240072011947631836e-01 7.493476383388042450e-03 2.134282875061035156e+01 0.000000000000000000e+00 5.240072011947631836e-01 7.493476383388042450e-03 2.134282875061035156e+01
5.000000000000000000e+03 0.000000000000000000e+00 2.414904236793518066e-01 9.690337777137756348e-01 1.387958717346191406e+01 0.000000000000000000e+00 2.414904236793518066e-01 9.690337777137756348e-01 1.387958717346191406e+01
6.000000000000000000e+03 0.000000000000000000e+00 5.258211120963096619e-02 1.729289651848375797e-03 9.482201576232910156e+00 0.000000000000000000e+00 5.258211120963096619e-02 1.729289651848375797e-03 9.482201576232910156e+00
7.000000000000000000e+03 0.000000000000000000e+00 4.500687122344970703e-02 4.589954763650894165e-02 7.952244758605957031e+00 0.000000000000000000e+00 4.500687122344970703e-02 4.589954763650894165e-02 7.952244758605957031e+00
8.000000000000000000e+03 0.000000000000000000e+00 2.685678005218505859e-02 1.687148003838956356e-03 6.605276584625244141e+00 0.000000000000000000e+00 2.685678005218505859e-02 1.687148003838956356e-03 6.605276584625244141e+00
9.000000000000000000e+03 0.000000000000000000e+00 2.933395467698574066e-02 6.821149028837680817e-03 5.891807079315185547e+00 0.000000000000000000e+00 2.933395467698574066e-02 6.821149028837680817e-03 5.891807079315185547e+00
1.000000000000000000e+04 0.000000000000000000e+00 2.683458104729652405e-02 8.752051740884780884e-03 5.276139736175537109e+00 0.000000000000000000e+00 2.683458104729652405e-02 8.752051740884780884e-03 5.276139736175537109e+00
1.100000000000000000e+04 0.000000000000000000e+00 3.193244338035583496e-02 2.914056062698364258e+00 4.697809696197509766e+00 0.000000000000000000e+00 3.193244338035583496e-02 2.914056062698364258e+00 4.697809696197509766e+00
1.200000000000000000e+04 0.000000000000000000e+00 1.186238322407007217e-02 1.375930383801460266e-02 4.230606079101562500e+00 0.000000000000000000e+00 1.186238322407007217e-02 1.375930383801460266e-02 4.230606079101562500e+00
1.300000000000000000e+04 0.000000000000000000e+00 1.008460391312837601e-02 1.733829826116561890e-02 3.872605800628662109e+00 0.000000000000000000e+00 1.008460391312837601e-02 1.733829826116561890e-02 3.872605800628662109e+00
1.400000000000000000e+04 0.000000000000000000e+00 1.718146726489067078e-02 3.855031132698059082e-01 3.605787754058837891e+00 0.000000000000000000e+00 1.718146726489067078e-02 3.855031132698059082e-01 3.605787754058837891e+00
1.500000000000000000e+04 0.000000000000000000e+00 6.090288050472736359e-03 2.327894791960716248e-03 3.306383371353149414e+00 0.000000000000000000e+00 6.090288050472736359e-03 2.327894791960716248e-03 3.306383371353149414e+00
1.600000000000000000e+04 0.000000000000000000e+00 1.050287578254938126e-02 1.935566030442714691e-02 3.117171525955200195e+00 0.000000000000000000e+00 1.050287578254938126e-02 1.935566030442714691e-02 3.117171525955200195e+00
1.700000000000000000e+04 0.000000000000000000e+00 3.226612694561481476e-03 4.527817014604806900e-03 2.839787244796752930e+00 0.000000000000000000e+00 3.226612694561481476e-03 4.527817014604806900e-03 2.839787244796752930e+00
1.800000000000000000e+04 0.000000000000000000e+00 2.201696392148733139e-03 1.473433687351644039e-03 2.621616840362548828e+00 0.000000000000000000e+00 2.201696392148733139e-03 1.473433687351644039e-03 2.621616840362548828e+00
1.900000000000000000e+04 0.000000000000000000e+00 4.701932426542043686e-03 4.824666500091552734e+00 2.434007406234741211e+00 0.000000000000000000e+00 4.701932426542043686e-03 4.824666500091552734e+00 2.434007406234741211e+00
2.000000000000000000e+04 0.000000000000000000e+00 2.545572351664304733e-03 3.197058103978633881e-03 2.352230548858642578e+00 0.000000000000000000e+00 2.545572351664304733e-03 3.197058103978633881e-03 2.352230548858642578e+00
