# step, loss_train, loss_test, metrics_test
0.000000000000000000e+00 1.323534179687500000e+04 8.133990478515625000e+01 6.948764160156250000e+03 6.633152770996093750e+01 1.323534179687500000e+04 8.133990478515625000e+01 6.948764160156250000e+03 6.633152770996093750e+01
1.000000000000000000e+03 1.373100566864013672e+01 5.196490097045898438e+01 9.860462188720703125e+00 7.007508087158203125e+01 1.373100566864013672e+01 5.196490097045898438e+01 9.860462188720703125e+00 7.007508087158203125e+01
2.000000000000000000e+03 3.930420875549316406e+00 4.953871536254882812e+01 3.116339206695556641e+00 6.799645996093750000e+01 3.930420875549316406e+00 4.953871536254882812e+01 3.116339206695556641e+00 6.799645996093750000e+01
3.000000000000000000e+03 7.952251911163330078e+00 4.780597686767578125e+01 2.699568748474121094e+00 6.704417419433593750e+01 7.952251911163330078e+00 4.780597686767578125e+01 2.699568748474121094e+00 6.704417419433593750e+01
4.000000000000000000e+03 2.514432430267333984e+00 4.547797012329101562e+01 1.490913033485412598e+00 6.668927764892578125e+01 2.514432430267333984e+00 4.547797012329101562e+01 1.490913033485412598e+00 6.668927764892578125e+01
5.000000000000000000e+03 2.496729850769042969e+00 4.299939727783203125e+01 1.265822768211364746e+00 6.638455200195312500e+01 2.496729850769042969e+00 4.299939727783203125e+01 1.265822768211364746e+00 6.638455200195312500e+01
6.000000000000000000e+03 2.678960561752319336e+00 3.978687286376953125e+01 1.181491732597351074e+00 6.602201080322265625e+01 2.678960561752319336e+00 3.978687286376953125e+01 1.181491732597351074e+00 6.602201080322265625e+01
7.000000000000000000e+03 4.131199359893798828e+00 3.535203933715820312e+01 1.330712199211120605e+00 6.560523223876953125e+01 4.131199359893798828e+00 3.535203933715820312e+01 1.330712199211120605e+00 6.560523223876953125e+01
8.000000000000000000e+03 3.861493587493896484e+00 2.930030250549316406e+01 1.150807142257690430e+00 6.501430511474609375e+01 3.861493587493896484e+00 2.930030250549316406e+01 1.150807142257690430e+00 6.501430511474609375e+01
9.000000000000000000e+03 6.346446037292480469e+00 1.913609695434570312e+01 1.464027404785156250e+00 6.426568603515625000e+01 6.346446037292480469e+00 1.913609695434570312e+01 1.464027404785156250e+00 6.426568603515625000e+01
1.000000000000000000e+04 4.020249843597412109e+00 7.657326221466064453e+00 1.268749475479125977e+00 6.344192504882812500e+01 4.020249843597412109e+00 7.657326221466064453e+00 1.268749475479125977e+00 6.344192504882812500e+01
1.100000000000000000e+04 2.695377826690673828e+00 4.500318050384521484e+00 1.013732075691223145e+00 6.308138275146484375e+01 2.695377826690673828e+00 4.500318050384521484e+00 1.013732075691223145e+00 6.308138275146484375e+01
1.200000000000000000e+04 1.868729591369628906e+00 3.595199346542358398e+00 8.573879003524780273e-01 6.296904373168945312e+01 1.868729591369628906e+00 3.595199346542358398e+00 8.573879003524780273e-01 6.296904373168945312e+01
1.300000000000000000e+04 1.656032681465148926e+00 3.092685222625732422e+00 8.095870614051818848e-01 6.286886215209960938e+01 1.656032681465148926e+00 3.092685222625732422e+00 8.095870614051818848e-01 6.286886215209960938e+01
1.400000000000000000e+04 1.225665688514709473e+00 2.660678148269653320e+00 7.203940153121948242e-01 6.267988586425781250e+01 1.225665688514709473e+00 2.660678148269653320e+00 7.203940153121948242e-01 6.267988586425781250e+01
1.500000000000000000e+04 1.759344100952148438e+01 2.606575727462768555e+00 2.955419063568115234e+00 6.236247634887695312e+01 1.759344100952148438e+01 2.606575727462768555e+00 2.955419063568115234e+00 6.236247634887695312e+01
1.600000000000000000e+04 9.964649677276611328e-01 2.124258279800415039e+00 6.852332949638366699e-01 6.199840927124023438e+01 9.964649677276611328e-01 2.124258279800415039e+00 6.852332949638366699e-01 6.199840927124023438e+01
1.700000000000000000e+04 9.431155920028686523e-01 1.976474642753601074e+00 6.785764098167419434e-01 6.148748779296875000e+01 9.431155920028686523e-01 1.976474642753601074e+00 6.785764098167419434e-01 6.148748779296875000e+01
1.800000000000000000e+04 2.224298238754272461e+00 1.831416964530944824e+00 8.183591365814208984e-01 6.087272262573242188e+01 2.224298238754272461e+00 1.831416964530944824e+00 8.183591365814208984e-01 6.087272262573242188e+01
1.900000000000000000e+04 1.714649558067321777e+00 1.824690699577331543e+00 7.399638295173645020e-01 6.006072616577148438e+01 1.714649558067321777e+00 1.824690699577331543e+00 7.399638295173645020e-01 6.006072616577148438e+01
2.000000000000000000e+04 1.035854458808898926e+00 1.890119433403015137e+00 6.196725964546203613e-01 5.900619506835937500e+01 1.035854458808898926e+00 1.890119433403015137e+00 6.196725964546203613e-01 5.900619506835937500e+01
