# step, loss_train, loss_test, metrics_test
0.000000000000000000e+00 2.143539794921875000e+03 2.913329124450683594e+01 1.375984179687500000e+04 3.306760253906250000e+02 2.143539794921875000e+03 2.913329124450683594e+01 1.375984179687500000e+04 3.306760253906250000e+02
1.000000000000000000e+03 3.854340649996674662e+20 2.262248250000000000e+06 1.259901157376000000e+12 2.124492750000000000e+06 3.854340649996674662e+20 2.262248250000000000e+06 1.259901157376000000e+12 2.124492750000000000e+06
2.000000000000000000e+03 2.181318025968353280e+17 1.499148500000000000e+06 8.112205987840000000e+11 1.425223000000000000e+06 2.181318025968353280e+17 1.499148500000000000e+06 8.112205987840000000e+11 1.425223000000000000e+06
3.000000000000000000e+03 1.503827342076674048e+19 7.106444500000000000e+06 9.519168880640000000e+11 6.721569000000000000e+06 1.503827342076674048e+19 7.106444500000000000e+06 9.519168880640000000e+11 6.721569000000000000e+06
4.000000000000000000e+03 1.127868934599475200e+16 8.919629687500000000e+04 1.012421296128000000e+12 8.706039062500000000e+04 1.127868934599475200e+16 8.919629687500000000e+04 1.012421296128000000e+12 8.706039062500000000e+04
5.000000000000000000e+03 6.367815874804239565e+19 1.139871948242187500e+03 1.246529323008000000e+12 2.046228027343750000e+03 6.367815874804239565e+19 1.139871948242187500e+03 1.246529323008000000e+12 2.046228027343750000e+03
6.000000000000000000e+03 6.493468063626480845e+19 5.276818500000000000e+06 8.362072473600000000e+11 4.961930000000000000e+06 6.493468063626480845e+19 5.276818500000000000e+06 8.362072473600000000e+11 4.961930000000000000e+06
7.000000000000000000e+03 5.403629322240000000e+12 1.764393000000000000e+07 1.142203088896000000e+12 1.662428900000000000e+07 5.403629322240000000e+12 1.764393000000000000e+07 1.142203088896000000e+12 1.662428900000000000e+07
8.000000000000000000e+03 3.976771269749532262e+19 3.590724000000000000e+07 1.771716870144000000e+12 3.399940800000000000e+07 3.976771269749532262e+19 3.590724000000000000e+07 1.771716870144000000e+12 3.399940800000000000e+07
9.000000000000000000e+03 8.224600378834944000e+16 7.707652800000000000e+07 1.538981756928000000e+12 7.301456000000000000e+07 8.224600378834944000e+16 7.707652800000000000e+07 1.538981756928000000e+12 7.301456000000000000e+07
1.000000000000000000e+04 7.617064713511239680e+19 8.728204000000000000e+07 1.779359678464000000e+12 8.266197600000000000e+07 7.617064713511239680e+19 8.728204000000000000e+07 1.779359678464000000e+12 8.266197600000000000e+07
1.100000000000000000e+04 7.814000646343884800e+16 7.184530400000000000e+07 1.457417093120000000e+12 6.805439200000000000e+07 7.814000646343884800e+16 7.184530400000000000e+07 1.457417093120000000e+12 6.805439200000000000e+07
1.200000000000000000e+04 9.661099435622400000e+13 1.017499280000000000e+08 1.195922685952000000e+12 9.630145600000000000e+07 9.661099435622400000e+13 1.017499280000000000e+08 1.195922685952000000e+12 9.630145600000000000e+07
1.300000000000000000e+04 1.054090582530247885e+19 1.486716640000000000e+08 9.913972817920000000e+11 1.407729600000000000e+08 1.054090582530247885e+19 1.486716640000000000e+08 9.913972817920000000e+11 1.407729600000000000e+08
1.400000000000000000e+04 7.080146385072291840e+17 1.137045680000000000e+08 1.496098930688000000e+12 1.076427200000000000e+08 7.080146385072291840e+17 1.137045680000000000e+08 1.496098930688000000e+12 1.076427200000000000e+08
1.500000000000000000e+04 3.117385119971672064e+18 6.330184000000000000e+07 1.431938138112000000e+12 5.988118400000000000e+07 3.117385119971672064e+18 6.330184000000000000e+07 1.431938138112000000e+12 5.988118400000000000e+07
1.600000000000000000e+04 2.673710084852285440e+17 9.045072800000000000e+07 8.064177930240000000e+11 8.556333600000000000e+07 2.673710084852285440e+17 9.045072800000000000e+07 8.064177930240000000e+11 8.556333600000000000e+07
1.700000000000000000e+04 1.783606287741747200e+17 1.435295360000000000e+08 1.148556410880000000e+12 1.358734080000000000e+08 1.783606287741747200e+17 1.435295360000000000e+08 1.148556410880000000e+12 1.358734080000000000e+08
1.800000000000000000e+04 4.372985122669776077e+19 1.905195520000000000e+08 1.234716459008000000e+12 1.804521920000000000e+08 4.372985122669776077e+19 1.905195520000000000e+08 1.234716459008000000e+12 1.804521920000000000e+08
1.900000000000000000e+04 2.332842066989547520e+18 3.163659840000000000e+08 1.232131981312000000e+12 2.997820800000000000e+08 2.332842066989547520e+18 3.163659840000000000e+08 1.232131981312000000e+12 2.997820800000000000e+08
2.000000000000000000e+04 1.370622195566379008e+18 4.058271360000000000e+08 1.270604496896000000e+12 3.845761920000000000e+08 1.370622195566379008e+18 4.058271360000000000e+08 1.270604496896000000e+12 3.845761920000000000e+08
