# step, loss_train, loss_test, metrics_test
0.000000000000000000e+00 5.210467187500000000e+04 2.057874908447265625e+02 6.903222656250000000e+02 7.278171997070312500e+02 5.210467187500000000e+04 2.057874908447265625e+02 6.903222656250000000e+02 7.278171997070312500e+02
1.000000000000000000e+03 1.481970500946044922e+01 1.834358024597167969e+01 6.994833374023437500e+01 3.972042541503906250e+02 1.481970500946044922e+01 1.834358024597167969e+01 6.994833374023437500e+01 3.972042541503906250e+02
2.000000000000000000e+03 9.322317123413085938e+00 2.967496871948242188e+01 4.061431503295898438e+01 3.811592102050781250e+02 9.322317123413085938e+00 2.967496871948242188e+01 4.061431503295898438e+01 3.811592102050781250e+02
3.000000000000000000e+03 6.384555816650390625e+00 3.545602035522460938e+01 2.316585540771484375e+01 3.749089355468750000e+02 6.384555816650390625e+00 3.545602035522460938e+01 2.316585540771484375e+01 3.749089355468750000e+02
4.000000000000000000e+03 4.222339153289794922e+00 3.064691352844238281e+01 1.681675529479980469e+01 3.694075012207031250e+02 4.222339153289794922e+00 3.064691352844238281e+01 1.681675529479980469e+01 3.694075012207031250e+02
5.000000000000000000e+03 3.289992332458496094e+00 2.116044807434082031e+01 1.091212081909179688e+01 3.628137207031250000e+02 3.289992332458496094e+00 2.116044807434082031e+01 1.091212081909179688e+01 3.628137207031250000e+02
6.000000000000000000e+03 2.924545526504516602e+00 1.563349342346191406e+01 8.196022033691406250e+00 3.512169799804687500e+02 2.924545526504516602e+00 1.563349342346191406e+01 8.196022033691406250e+00 3.512169799804687500e+02
7.000000000000000000e+03 6.753500938415527344e+00 1.591615676879882812e+01 6.496128559112548828e+00 2.953498840332031250e+02 6.753500938415527344e+00 1.591615676879882812e+01 6.496128559112548828e+00 2.953498840332031250e+02
8.000000000000000000e+03 1.866595458984375000e+01 9.183308601379394531e+00 4.319798469543457031e+00 9.999754333496093750e+01 1.866595458984375000e+01 9.183308601379394531e+00 4.319798469543457031e+00 9.999754333496093750e+01
9.000000000000000000e+03 1.470940685272216797e+01 3.744355678558349609e+00 3.045225620269775391e+00 1.826865959167480469e+01 1.470940685272216797e+01 3.744355678558349609e+00 3.045225620269775391e+00 1.826865959167480469e+01
1.000000000000000000e+04 9.247477531433105469e+00 2.507028579711914062e+00 1.924970269203186035e+00 9.179115295410156250e+00 9.247477531433105469e+00 2.507028579711914062e+00 1.924970269203186035e+00 9.179115295410156250e+00
1.100000000000000000e+04 5.966838359832763672e+00 2.059752464294433594e+00 1.322019219398498535e+00 7.045440673828125000e+00 5.966838359832763672e+00 2.059752464294433594e+00 1.322019219398498535e+00 7.045440673828125000e+00
1.200000000000000000e+04 4.201079845428466797e+00 1.834343791007995605e+00 9.809103012084960938e-01 6.201384067535400391e+00 4.201079845428466797e+00 1.834343791007995605e+00 9.809103012084960938e-01 6.201384067535400391e+00
1.300000000000000000e+04 3.253887653350830078e+00 1.718732953071594238e+00 7.818751335144042969e-01 5.655255794525146484e+00 3.253887653350830078e+00 1.718732953071594238e+00 7.818751335144042969e-01 5.655255794525146484e+00
1.400000000000000000e+04 2.682332038879394531e+00 1.648541450500488281e+00 6.483553647994995117e-01 5.238458633422851562e+00 2.682332038879394531e+00 1.648541450500488281e+00 6.483553647994995117e-01 5.238458633422851562e+00
1.500000000000000000e+04 2.292502880096435547e+00 1.598965644836425781e+00 5.531468391418457031e-01 4.894405364990234375e+00 2.292502880096435547e+00 1.598965644836425781e+00 5.531468391418457031e-01 4.894405364990234375e+00
1.600000000000000000e+04 2.031330823898315430e+00 1.552650690078735352e+00 4.897828698158264160e-01 4.583300590515136719e+00 2.031330823898315430e+00 1.552650690078735352e+00 4.897828698158264160e-01 4.583300590515136719e+00
1.700000000000000000e+04 1.832230210304260254e+00 1.508568644523620605e+00 4.379639327526092529e-01 4.288141250610351562e+00 1.832230210304260254e+00 1.508568644523620605e+00 4.379639327526092529e-01 4.288141250610351562e+00
1.800000000000000000e+04 1.666127204895019531e+00 1.474787712097167969e+00 3.990806043148040771e-01 4.056159019470214844e+00 1.666127204895019531e+00 1.474787712097167969e+00 3.990806043148040771e-01 4.056159019470214844e+00
1.900000000000000000e+04 1.540647625923156738e+00 1.433040380477905273e+00 3.669651448726654053e-01 3.843343496322631836e+00 1.540647625923156738e+00 1.433040380477905273e+00 3.669651448726654053e-01 3.843343496322631836e+00
2.000000000000000000e+04 1.808219552040100098e+00 1.398839473724365234e+00 3.358786702156066895e-01 3.653478622436523438e+00 1.808219552040100098e+00 1.398839473724365234e+00 3.358786702156066895e-01 3.653478622436523438e+00
