# step, loss_train, loss_test, metrics_test
0.000000000000000000e+00 0.000000000000000000e+00 1.342900543212890625e+02 4.478830566406250000e+02 4.759471740722656250e+02 0.000000000000000000e+00 1.342900543212890625e+02 4.478830566406250000e+02 4.759471740722656250e+02
1.000000000000000000e+03 0.000000000000000000e+00 4.696856445312500000e+03 3.945275268554687500e+02 3.866688232421875000e+03 0.000000000000000000e+00 4.696856445312500000e+03 3.945275268554687500e+02 3.866688232421875000e+03
2.000000000000000000e+03 0.000000000000000000e+00 8.914310913085937500e+02 3.747716522216796875e+01 1.062172607421875000e+03 0.000000000000000000e+00 8.914310913085937500e+02 3.747716522216796875e+01 1.062172607421875000e+03
3.000000000000000000e+03 0.000000000000000000e+00 7.559011840820312500e+01 6.166794586181640625e+01 4.637131958007812500e+02 0.000000000000000000e+00 7.559011840820312500e+01 6.166794586181640625e+01 4.637131958007812500e+02
4.000000000000000000e+03 0.000000000000000000e+00 2.614418220520019531e+01 6.368201065063476562e+01 4.281350097656250000e+02 0.000000000000000000e+00 2.614418220520019531e+01 6.368201065063476562e+01 4.281350097656250000e+02
5.000000000000000000e+03 0.000000000000000000e+00 2.251313781738281250e+01 4.623668289184570312e+01 4.255935058593750000e+02 0.000000000000000000e+00 2.251313781738281250e+01 4.623668289184570312e+01 4.255935058593750000e+02
6.000000000000000000e+03 0.000000000000000000e+00 1.945403289794921875e+01 4.021250534057617188e+01 4.234966430664062500e+02 0.000000000000000000e+00 1.945403289794921875e+01 4.021250534057617188e+01 4.234966430664062500e+02
7.000000000000000000e+03 0.000000000000000000e+00 7.335746582031250000e+03 2.414485742187500000e+04 5.810885253906250000e+03 0.000000000000000000e+00 7.335746582031250000e+03 2.414485742187500000e+04 5.810885253906250000e+03
8.000000000000000000e+03 0.000000000000000000e+00 4.461630859375000000e+03 1.440324609375000000e+04 3.691518310546875000e+03 0.000000000000000000e+00 4.461630859375000000e+03 1.440324609375000000e+04 3.691518310546875000e+03
9.000000000000000000e+03 0.000000000000000000e+00 1.985604125976562500e+03 6.146691894531250000e+03 1.866984252929687500e+03 0.000000000000000000e+00 1.985604125976562500e+03 6.146691894531250000e+03 1.866984252929687500e+03
1.000000000000000000e+04 0.000000000000000000e+00 5.501074829101562500e+02 1.547624145507812500e+03 8.109706420898437500e+02 0.000000000000000000e+00 5.501074829101562500e+02 1.547624145507812500e+03 8.109706420898437500e+02
1.100000000000000000e+04 0.000000000000000000e+00 9.278515625000000000e+01 2.531794738769531250e+02 4.761610717773437500e+02 0.000000000000000000e+00 9.278515625000000000e+01 2.531794738769531250e+02 4.761610717773437500e+02
1.200000000000000000e+04 0.000000000000000000e+00 2.667909812927246094e+01 1.451347045898437500e+02 4.285130310058593750e+02 0.000000000000000000e+00 2.667909812927246094e+01 1.451347045898437500e+02 4.285130310058593750e+02
1.300000000000000000e+04 0.000000000000000000e+00 3.324780029296875000e+03 1.138166308593750000e+04 2.853556152343750000e+03 0.000000000000000000e+00 3.324780029296875000e+03 1.138166308593750000e+04 2.853556152343750000e+03
1.400000000000000000e+04 0.000000000000000000e+00 1.915761840820312500e+03 6.456308593750000000e+03 1.815550415039062500e+03 0.000000000000000000e+00 1.915761840820312500e+03 6.456308593750000000e+03 1.815550415039062500e+03
1.500000000000000000e+04 0.000000000000000000e+00 7.833565063476562500e+02 2.557849609375000000e+03 9.823148193359375000e+02 0.000000000000000000e+00 7.833565063476562500e+02 2.557849609375000000e+03 9.823148193359375000e+02
1.600000000000000000e+04 0.000000000000000000e+00 1.954403381347656250e+02 6.069647827148437500e+02 5.510111694335937500e+02 0.000000000000000000e+00 1.954403381347656250e+02 6.069647827148437500e+02 5.510111694335937500e+02
1.700000000000000000e+04 0.000000000000000000e+00 3.748710250854492188e+01 1.428449859619140625e+02 4.361946411132812500e+02 0.000000000000000000e+00 3.748710250854492188e+01 1.428449859619140625e+02 4.361946411132812500e+02
1.800000000000000000e+04 0.000000000000000000e+00 1.945617675781250000e+01 1.135307922363281250e+02 4.235060119628906250e+02 0.000000000000000000e+00 1.945617675781250000e+01 1.135307922363281250e+02 4.235060119628906250e+02
1.900000000000000000e+04 0.000000000000000000e+00 4.207095312500000000e+04 6.228408729600000000e+10 3.162986132812500000e+04 0.000000000000000000e+00 4.207095312500000000e+04 6.228408729600000000e+10 3.162986132812500000e+04
2.000000000000000000e+04 0.000000000000000000e+00 3.984528906250000000e+04 1.050685625000000000e+05 2.988850781250000000e+04 0.000000000000000000e+00 3.984528906250000000e+04 1.050685625000000000e+05 2.988850781250000000e+04
