# step, loss_train, loss_test, metrics_test
0.000000000000000000e+00 0.000000000000000000e+00 3.919147491455078125e+01 0.000000000000000000e+00 4.670657653808593750e+02 0.000000000000000000e+00 3.919147491455078125e+01 0.000000000000000000e+00 4.670657653808593750e+02
1.000000000000000000e+03 0.000000000000000000e+00 2.133848953247070312e+01 0.000000000000000000e+00 2.816805114746093750e+02 0.000000000000000000e+00 2.133848953247070312e+01 0.000000000000000000e+00 2.816805114746093750e+02
2.000000000000000000e+03 0.000000000000000000e+00 3.437870025634765625e+01 0.000000000000000000e+00 1.292922973632812500e+02 0.000000000000000000e+00 3.437870025634765625e+01 0.000000000000000000e+00 1.292922973632812500e+02
3.000000000000000000e+03 0.000000000000000000e+00 2.466618347167968750e+01 0.000000000000000000e+00 8.002542114257812500e+01 0.000000000000000000e+00 2.466618347167968750e+01 0.000000000000000000e+00 8.002542114257812500e+01
4.000000000000000000e+03 0.000000000000000000e+00 1.668383979797363281e+01 0.000000000000000000e+00 5.556819152832031250e+01 0.000000000000000000e+00 1.668383979797363281e+01 0.000000000000000000e+00 5.556819152832031250e+01
5.000000000000000000e+03 0.000000000000000000e+00 9.193409919738769531e+00 0.000000000000000000e+00 3.999101638793945312e+01 0.000000000000000000e+00 9.193409919738769531e+00 0.000000000000000000e+00 3.999101638793945312e+01
6.000000000000000000e+03 0.000000000000000000e+00 2.650554895401000977e+00 0.000000000000000000e+00 2.004567909240722656e+01 0.000000000000000000e+00 2.650554895401000977e+00 0.000000000000000000e+00 2.004567909240722656e+01
7.000000000000000000e+03 0.000000000000000000e+00 5.684757828712463379e-01 0.000000000000000000e+00 1.075031089782714844e+01 0.000000000000000000e+00 5.684757828712463379e-01 0.000000000000000000e+00 1.075031089782714844e+01
8.000000000000000000e+03 0.000000000000000000e+00 2.146345824003219604e-01 0.000000000000000000e+00 4.525521755218505859e+00 0.000000000000000000e+00 2.146345824003219604e-01 0.000000000000000000e+00 4.525521755218505859e+00
9.000000000000000000e+03 0.000000000000000000e+00 4.842908307909965515e-02 0.000000000000000000e+00 1.116189241409301758e+00 0.000000000000000000e+00 4.842908307909965515e-02 0.000000000000000000e+00 1.116189241409301758e+00
1.000000000000000000e+04 0.000000000000000000e+00 6.089724134653806686e-03 0.000000000000000000e+00 2.668886780738830566e-01 0.000000000000000000e+00 6.089724134653806686e-03 0.000000000000000000e+00 2.668886780738830566e-01
1.100000000000000000e+04 0.000000000000000000e+00 2.173397690057754517e-03 0.000000000000000000e+00 1.166820228099822998e-01 0.000000000000000000e+00 2.173397690057754517e-03 0.000000000000000000e+00 1.166820228099822998e-01
1.200000000000000000e+04 0.000000000000000000e+00 6.362138083204627037e-04 0.000000000000000000e+00 6.865585595369338989e-02 0.000000000000000000e+00 6.362138083204627037e-04 0.000000000000000000e+00 6.865585595369338989e-02
1.300000000000000000e+04 0.000000000000000000e+00 2.352488954784348607e-04 0.000000000000000000e+00 4.618592932820320129e-02 0.000000000000000000e+00 2.352488954784348607e-04 0.000000000000000000e+00 4.618592932820320129e-02
1.400000000000000000e+04 0.000000000000000000e+00 1.389314857078716159e-04 0.000000000000000000e+00 3.336630761623382568e-02 0.000000000000000000e+00 1.389314857078716159e-04 0.000000000000000000e+00 3.336630761623382568e-02
1.500000000000000000e+04 0.000000000000000000e+00 8.292600250570103526e-05 0.000000000000000000e+00 2.565984055399894714e-02 0.000000000000000000e+00 8.292600250570103526e-05 0.000000000000000000e+00 2.565984055399894714e-02
1.600000000000000000e+04 0.000000000000000000e+00 5.393854007706977427e-05 0.000000000000000000e+00 2.029242180287837982e-02 0.000000000000000000e+00 5.393854007706977427e-05 0.000000000000000000e+00 2.029242180287837982e-02
1.700000000000000000e+04 0.000000000000000000e+00 2.681383193703368306e-05 0.000000000000000000e+00 1.647390983998775482e-02 0.000000000000000000e+00 2.681383193703368306e-05 0.000000000000000000e+00 1.647390983998775482e-02
1.800000000000000000e+04 0.000000000000000000e+00 2.326939284102991223e-05 0.000000000000000000e+00 1.362374518066644669e-02 0.000000000000000000e+00 2.326939284102991223e-05 0.000000000000000000e+00 1.362374518066644669e-02
1.900000000000000000e+04 0.000000000000000000e+00 9.932679859048221260e-06 0.000000000000000000e+00 1.148188114166259766e-02 0.000000000000000000e+00 9.932679859048221260e-06 0.000000000000000000e+00 1.148188114166259766e-02
2.000000000000000000e+04 0.000000000000000000e+00 6.744935944880126044e-06 0.000000000000000000e+00 9.890814311802387238e-03 0.000000000000000000e+00 6.744935944880126044e-06 0.000000000000000000e+00 9.890814311802387238e-03
