# step, loss_train, loss_test, metrics_test
0.000000000000000000e+00 2.418003125000000000e+05 3.767190551757812500e+02 5.056835546875000000e+04 3.972074279785156250e+02 2.418003125000000000e+05 3.767190551757812500e+02 5.056835546875000000e+04 3.972074279785156250e+02
1.000000000000000000e+03 2.964744873046875000e+02 3.435224533081054688e+01 2.477664375305175781e+01 3.741172790527343750e+02 2.964744873046875000e+02 3.435224533081054688e+01 2.477664375305175781e+01 3.741172790527343750e+02
2.000000000000000000e+03 1.340392608642578125e+02 2.816140365600585938e+01 6.635798454284667969e+00 3.558890686035156250e+02 1.340392608642578125e+02 2.816140365600585938e+01 6.635798454284667969e+00 3.558890686035156250e+02
3.000000000000000000e+03 8.428675079345703125e+01 2.105940246582031250e+01 3.689885139465332031e+00 3.445249023437500000e+02 8.428675079345703125e+01 2.105940246582031250e+01 3.689885139465332031e+00 3.445249023437500000e+02
4.000000000000000000e+03 5.366612243652343750e+01 1.676838684082031250e+01 1.531987071037292480e+00 3.338858337402343750e+02 5.366612243652343750e+01 1.676838684082031250e+01 1.531987071037292480e+00 3.338858337402343750e+02
5.000000000000000000e+03 3.906892776489257812e+01 1.398895263671875000e+01 2.651386499404907227e+00 3.201470947265625000e+02 3.906892776489257812e+01 1.398895263671875000e+01 2.651386499404907227e+00 3.201470947265625000e+02
6.000000000000000000e+03 2.523041534423828125e+01 1.228093338012695312e+01 7.320068478584289551e-01 3.086509399414062500e+02 2.523041534423828125e+01 1.228093338012695312e+01 7.320068478584289551e-01 3.086509399414062500e+02
7.000000000000000000e+03 2.156537055969238281e+01 1.182155704498291016e+01 1.743943333625793457e+00 2.916931762695312500e+02 2.156537055969238281e+01 1.182155704498291016e+01 1.743943333625793457e+00 2.916931762695312500e+02
8.000000000000000000e+03 2.391278457641601562e+01 1.177179718017578125e+01 2.615966081619262695e+00 2.620171203613281250e+02 2.391278457641601562e+01 1.177179718017578125e+01 2.615966081619262695e+00 2.620171203613281250e+02
9.000000000000000000e+03 3.174551200866699219e+01 1.107265186309814453e+01 1.709777474403381348e+00 2.195845336914062500e+02 3.174551200866699219e+01 1.107265186309814453e+01 1.709777474403381348e+00 2.195845336914062500e+02
1.000000000000000000e+04 4.125370788574218750e+01 9.743551254272460938e+00 3.345568656921386719e+00 1.784611663818359375e+02 4.125370788574218750e+01 9.743551254272460938e+00 3.345568656921386719e+00 1.784611663818359375e+02
1.100000000000000000e+04 4.188463211059570312e+01 8.021666526794433594e+00 9.442521095275878906e+00 1.423416137695312500e+02 4.188463211059570312e+01 8.021666526794433594e+00 9.442521095275878906e+00 1.423416137695312500e+02
1.200000000000000000e+04 4.612061309814453125e+01 6.228458404541015625e+00 1.511417746543884277e+00 1.150523834228515625e+02 4.612061309814453125e+01 6.228458404541015625e+00 1.511417746543884277e+00 1.150523834228515625e+02
1.300000000000000000e+04 8.601826477050781250e+01 4.520037174224853516e+00 1.308306274414062500e+02 9.198592376708984375e+01 8.601826477050781250e+01 4.520037174224853516e+00 1.308306274414062500e+02 9.198592376708984375e+01
1.400000000000000000e+04 4.471950531005859375e+01 4.482028484344482422e+00 1.210383796691894531e+01 7.901708221435546875e+01 4.471950531005859375e+01 4.482028484344482422e+00 1.210383796691894531e+01 7.901708221435546875e+01
1.500000000000000000e+04 4.717066192626953125e+01 3.826534748077392578e+00 1.150207233428955078e+01 6.415107727050781250e+01 4.717066192626953125e+01 3.826534748077392578e+00 1.150207233428955078e+01 6.415107727050781250e+01
1.600000000000000000e+04 4.668099975585937500e+01 3.042131185531616211e+00 1.446900939941406250e+01 5.019021224975585938e+01 4.668099975585937500e+01 3.042131185531616211e+00 1.446900939941406250e+01 5.019021224975585938e+01
1.700000000000000000e+04 4.394029235839843750e+01 2.160895824432373047e+00 2.401494026184082031e+00 3.926562881469726562e+01 4.394029235839843750e+01 2.160895824432373047e+00 2.401494026184082031e+00 3.926562881469726562e+01
1.800000000000000000e+04 3.754022598266601562e+01 1.739996552467346191e+00 9.004466533660888672e-01 3.216973114013671875e+01 3.754022598266601562e+01 1.739996552467346191e+00 9.004466533660888672e-01 3.216973114013671875e+01
1.900000000000000000e+04 3.496342086791992188e+01 1.230018258094787598e+00 9.291758537292480469e+00 2.509436225891113281e+01 3.496342086791992188e+01 1.230018258094787598e+00 9.291758537292480469e+00 2.509436225891113281e+01
2.000000000000000000e+04 4.519480895996093750e+01 1.206654787063598633e+00 1.862464666366577148e+00 2.213267135620117188e+01 4.519480895996093750e+01 1.206654787063598633e+00 1.862464666366577148e+00 2.213267135620117188e+01
