# step, loss_train, loss_test, metrics_test
0.000000000000000000e+00 1.463108593750000000e+04 1.459251594543457031e+01 6.448087768554687500e+02 3.669952392578125000e+02 1.463108593750000000e+04 1.459251594543457031e+01 6.448087768554687500e+02 3.669952392578125000e+02
1.000000000000000000e+03 1.539688110351562500e+01 2.701522254943847656e+01 1.550288543701171875e+02 3.599066162109375000e+02 1.539688110351562500e+01 2.701522254943847656e+01 1.550288543701171875e+02 3.599066162109375000e+02
2.000000000000000000e+03 1.023497104644775391e+01 3.988967895507812500e+01 2.447408866882324219e+01 3.628752441406250000e+02 1.023497104644775391e+01 3.988967895507812500e+01 2.447408866882324219e+01 3.628752441406250000e+02
3.000000000000000000e+03 5.534326076507568359e+00 4.479430770874023438e+01 1.034672737121582031e+01 3.486204223632812500e+02 5.534326076507568359e+00 4.479430770874023438e+01 1.034672737121582031e+01 3.486204223632812500e+02
4.000000000000000000e+03 4.108463764190673828e+00 4.460865402221679688e+01 7.768662452697753906e+00 3.394147033691406250e+02 4.108463764190673828e+00 4.460865402221679688e+01 7.768662452697753906e+00 3.394147033691406250e+02
5.000000000000000000e+03 3.529606580734252930e+00 4.075176620483398438e+01 5.975927829742431641e+00 3.332290039062500000e+02 3.529606580734252930e+00 4.075176620483398438e+01 5.975927829742431641e+00 3.332290039062500000e+02
6.000000000000000000e+03 3.237054109573364258e+00 3.469706344604492188e+01 4.508772850036621094e+00 3.267917175292968750e+02 3.237054109573364258e+00 3.469706344604492188e+01 4.508772850036621094e+00 3.267917175292968750e+02
7.000000000000000000e+03 3.464857101440429688e+00 2.705093765258789062e+01 3.280653715133666992e+00 3.188239746093750000e+02 3.464857101440429688e+00 2.705093765258789062e+01 3.280653715133666992e+00 3.188239746093750000e+02
8.000000000000000000e+03 3.510770320892333984e+00 2.156084823608398438e+01 2.620327234268188477e+00 3.118992614746093750e+02 3.510770320892333984e+00 2.156084823608398438e+01 2.620327234268188477e+00 3.118992614746093750e+02
9.000000000000000000e+03 3.441258430480957031e+00 1.975814247131347656e+01 2.377389430999755859e+00 3.076916198730468750e+02 3.441258430480957031e+00 1.975814247131347656e+01 2.377389430999755859e+00 3.076916198730468750e+02
1.000000000000000000e+04 3.133877277374267578e+00 1.899107551574707031e+01 2.218519210815429688e+00 3.041314392089843750e+02 3.133877277374267578e+00 1.899107551574707031e+01 2.218519210815429688e+00 3.041314392089843750e+02
1.100000000000000000e+04 3.228711128234863281e+00 1.854096031188964844e+01 2.129234313964843750e+00 2.996717224121093750e+02 3.228711128234863281e+00 1.854096031188964844e+01 2.129234313964843750e+00 2.996717224121093750e+02
1.200000000000000000e+04 5.017588615417480469e+00 1.794040298461914062e+01 2.066752672195434570e+00 2.938751220703125000e+02 5.017588615417480469e+00 1.794040298461914062e+01 2.066752672195434570e+00 2.938751220703125000e+02
1.300000000000000000e+04 1.639532089233398438e+01 1.791679954528808594e+01 1.864565849304199219e+00 2.844669494628906250e+02 1.639532089233398438e+01 1.791679954528808594e+01 1.864565849304199219e+00 2.844669494628906250e+02
1.400000000000000000e+04 8.714132308959960938e+00 1.688005828857421875e+01 2.196922302246093750e+00 2.694556884765625000e+02 8.714132308959960938e+00 1.688005828857421875e+01 2.196922302246093750e+00 2.694556884765625000e+02
1.500000000000000000e+04 1.354262065887451172e+01 1.606377601623535156e+01 2.314620733261108398e+00 2.464548187255859375e+02 1.354262065887451172e+01 1.606377601623535156e+01 2.314620733261108398e+00 2.464548187255859375e+02
1.600000000000000000e+04 1.956491279602050781e+01 1.519642353057861328e+01 2.718240261077880859e+00 2.142050170898437500e+02 1.956491279602050781e+01 1.519642353057861328e+01 2.718240261077880859e+00 2.142050170898437500e+02
1.700000000000000000e+04 2.934590339660644531e+01 1.363923740386962891e+01 3.627012491226196289e+00 1.771070404052734375e+02 2.934590339660644531e+01 1.363923740386962891e+01 3.627012491226196289e+00 1.771070404052734375e+02
1.800000000000000000e+04 3.611325454711914062e+01 1.171114730834960938e+01 4.664390563964843750e+00 1.435150604248046875e+02 3.611325454711914062e+01 1.171114730834960938e+01 4.664390563964843750e+00 1.435150604248046875e+02
1.900000000000000000e+04 4.132510375976562500e+01 9.962100982666015625e+00 6.004512786865234375e+00 1.119160766601562500e+02 4.132510375976562500e+01 9.962100982666015625e+00 6.004512786865234375e+00 1.119160766601562500e+02
2.000000000000000000e+04 4.817249298095703125e+01 9.311118125915527344e+00 6.841632366180419922e+00 9.279557037353515625e+01 4.817249298095703125e+01 9.311118125915527344e+00 6.841632366180419922e+00 9.279557037353515625e+01
