# step, loss_train, loss_test, metrics_test
0.000000000000000000e+00 0.000000000000000000e+00 4.757401275634765625e+01 1.050882446289062500e+03 4.474331970214843750e+02 0.000000000000000000e+00 4.757401275634765625e+01 1.050882446289062500e+03 4.474331970214843750e+02
1.000000000000000000e+03 0.000000000000000000e+00 3.814400911331176758e+00 1.180305385589599609e+01 1.318686389923095703e+01 0.000000000000000000e+00 3.814400911331176758e+00 1.180305385589599609e+01 1.318686389923095703e+01
2.000000000000000000e+03 0.000000000000000000e+00 1.894351243972778320e+00 1.263309097290039062e+01 3.770066261291503906e+00 0.000000000000000000e+00 1.894351243972778320e+00 1.263309097290039062e+01 3.770066261291503906e+00
3.000000000000000000e+03 0.000000000000000000e+00 2.344105148315429688e+01 3.727339172363281250e+02 4.285984497070312500e+02 0.000000000000000000e+00 2.344105148315429688e+01 3.727339172363281250e+02 4.285984497070312500e+02
4.000000000000000000e+03 0.000000000000000000e+00 2.344105720520019531e+01 3.727337341308593750e+02 4.285984497070312500e+02 0.000000000000000000e+00 2.344105720520019531e+01 3.727337341308593750e+02 4.285984497070312500e+02
5.000000000000000000e+03 0.000000000000000000e+00 2.344107246398925781e+01 3.727332458496093750e+02 4.285984497070312500e+02 0.000000000000000000e+00 2.344107246398925781e+01 3.727332458496093750e+02 4.285984497070312500e+02
6.000000000000000000e+03 0.000000000000000000e+00 2.344109344482421875e+01 3.727322082519531250e+02 4.285985107421875000e+02 0.000000000000000000e+00 2.344109344482421875e+01 3.727322082519531250e+02 4.285985107421875000e+02
7.000000000000000000e+03 0.000000000000000000e+00 2.344112968444824219e+01 3.727307434082031250e+02 4.285986022949218750e+02 0.000000000000000000e+00 2.344112968444824219e+01 3.727307434082031250e+02 4.285986022949218750e+02
8.000000000000000000e+03 0.000000000000000000e+00 2.344133758544921875e+01 3.727207031250000000e+02 4.285986633300781250e+02 0.000000000000000000e+00 2.344133758544921875e+01 3.727207031250000000e+02 4.285986633300781250e+02
9.000000000000000000e+03 0.000000000000000000e+00 1.724538421630859375e+01 4.365017089843750000e+02 4.244474792480468750e+02 0.000000000000000000e+00 1.724538421630859375e+01 4.365017089843750000e+02 4.244474792480468750e+02
1.000000000000000000e+04 0.000000000000000000e+00 2.344091796875000000e+01 3.727349853515625000e+02 4.285983276367187500e+02 0.000000000000000000e+00 2.344091796875000000e+01 3.727349853515625000e+02 4.285983276367187500e+02
1.100000000000000000e+04 0.000000000000000000e+00 2.344097900390625000e+01 3.727348937988281250e+02 4.285983886718750000e+02 0.000000000000000000e+00 2.344097900390625000e+01 3.727348937988281250e+02 4.285983886718750000e+02
1.200000000000000000e+04 0.000000000000000000e+00 2.344099998474121094e+01 3.727348022460937500e+02 4.285984191894531250e+02 0.000000000000000000e+00 2.344099998474121094e+01 3.727348022460937500e+02 4.285984191894531250e+02
1.300000000000000000e+04 0.000000000000000000e+00 2.344101524353027344e+01 3.727347717285156250e+02 4.285984191894531250e+02 0.000000000000000000e+00 2.344101524353027344e+01 3.727347717285156250e+02 4.285984191894531250e+02
1.400000000000000000e+04 0.000000000000000000e+00 2.344102287292480469e+01 3.727347717285156250e+02 4.285984191894531250e+02 0.000000000000000000e+00 2.344102287292480469e+01 3.727347717285156250e+02 4.285984191894531250e+02
1.500000000000000000e+04 0.000000000000000000e+00 2.344102859497070312e+01 3.727347717285156250e+02 4.285984191894531250e+02 0.000000000000000000e+00 2.344102859497070312e+01 3.727347717285156250e+02 4.285984191894531250e+02
1.600000000000000000e+04 0.000000000000000000e+00 2.344103050231933594e+01 3.727347717285156250e+02 4.285984191894531250e+02 0.000000000000000000e+00 2.344103050231933594e+01 3.727347717285156250e+02 4.285984191894531250e+02
1.700000000000000000e+04 0.000000000000000000e+00 2.344103431701660156e+01 3.727347717285156250e+02 4.285984191894531250e+02 0.000000000000000000e+00 2.344103431701660156e+01 3.727347717285156250e+02 4.285984191894531250e+02
1.800000000000000000e+04 0.000000000000000000e+00 2.344103431701660156e+01 3.727347717285156250e+02 4.285984191894531250e+02 0.000000000000000000e+00 2.344103431701660156e+01 3.727347717285156250e+02 4.285984191894531250e+02
1.900000000000000000e+04 0.000000000000000000e+00 2.344103431701660156e+01 3.727347717285156250e+02 4.285984191894531250e+02 0.000000000000000000e+00 2.344103431701660156e+01 3.727347717285156250e+02 4.285984191894531250e+02
2.000000000000000000e+04 0.000000000000000000e+00 2.344103431701660156e+01 3.727347717285156250e+02 4.285984191894531250e+02 0.000000000000000000e+00 2.344103431701660156e+01 3.727347717285156250e+02 4.285984191894531250e+02
