# step, loss_train, loss_test, metrics_test
0.000000000000000000e+00 4.162568529864074662e-06 1.548064517974853516e+01 0.000000000000000000e+00 1.335492248535156250e+02 4.162568529864074662e-06 1.548064517974853516e+01 0.000000000000000000e+00 1.335492248535156250e+02
1.000000000000000000e+03 7.481059583369642496e-05 1.365965080261230469e+01 0.000000000000000000e+00 1.329105529785156250e+02 7.481059583369642496e-05 1.365965080261230469e+01 0.000000000000000000e+00 1.329105529785156250e+02
2.000000000000000000e+03 4.647922992706298828e+00 6.466958045959472656e+00 0.000000000000000000e+00 1.049522171020507812e+02 4.647922992706298828e+00 6.466958045959472656e+00 0.000000000000000000e+00 1.049522171020507812e+02
3.000000000000000000e+03 4.358974933624267578e+00 9.932455062866210938e+00 0.000000000000000000e+00 9.456898498535156250e+01 4.358974933624267578e+00 9.932455062866210938e+00 0.000000000000000000e+00 9.456898498535156250e+01
4.000000000000000000e+03 3.642947912216186523e+00 1.300835704803466797e+01 0.000000000000000000e+00 8.842730712890625000e+01 3.642947912216186523e+00 1.300835704803466797e+01 0.000000000000000000e+00 8.842730712890625000e+01
5.000000000000000000e+03 2.839296817779541016e+00 1.483572387695312500e+01 0.000000000000000000e+00 8.530899810791015625e+01 2.839296817779541016e+00 1.483572387695312500e+01 0.000000000000000000e+00 8.530899810791015625e+01
6.000000000000000000e+03 2.258681535720825195e+00 1.568807792663574219e+01 0.000000000000000000e+00 8.401320648193359375e+01 2.258681535720825195e+00 1.568807792663574219e+01 0.000000000000000000e+00 8.401320648193359375e+01
7.000000000000000000e+03 1.791181921958923340e+00 1.597551059722900391e+01 0.000000000000000000e+00 8.353192138671875000e+01 1.791181921958923340e+00 1.597551059722900391e+01 0.000000000000000000e+00 8.353192138671875000e+01
8.000000000000000000e+03 1.415470361709594727e+00 1.607301902770996094e+01 0.000000000000000000e+00 8.328324127197265625e+01 1.415470361709594727e+00 1.607301902770996094e+01 0.000000000000000000e+00 8.328324127197265625e+01
9.000000000000000000e+03 1.107411980628967285e+00 1.611921882629394531e+01 0.000000000000000000e+00 8.309703826904296875e+01 1.107411980628967285e+00 1.611921882629394531e+01 0.000000000000000000e+00 8.309703826904296875e+01
1.000000000000000000e+04 8.510466217994689941e-01 1.616162490844726562e+01 0.000000000000000000e+00 8.291345214843750000e+01 8.510466217994689941e-01 1.616162490844726562e+01 0.000000000000000000e+00 8.291345214843750000e+01
1.100000000000000000e+04 6.372100710868835449e-01 1.620603942871093750e+01 0.000000000000000000e+00 8.271701049804687500e+01 6.372100710868835449e-01 1.620603942871093750e+01 0.000000000000000000e+00 8.271701049804687500e+01
1.200000000000000000e+04 4.636906385421752930e-01 1.625467491149902344e+01 0.000000000000000000e+00 8.249831390380859375e+01 4.636906385421752930e-01 1.625467491149902344e+01 0.000000000000000000e+00 8.249831390380859375e+01
1.300000000000000000e+04 3.279953896999359131e-01 1.631035232543945312e+01 0.000000000000000000e+00 8.224299621582031250e+01 3.279953896999359131e-01 1.631035232543945312e+01 0.000000000000000000e+00 8.224299621582031250e+01
1.400000000000000000e+04 2.295961230993270874e-01 1.637972450256347656e+01 0.000000000000000000e+00 8.192708587646484375e+01 2.295961230993270874e-01 1.637972450256347656e+01 0.000000000000000000e+00 8.192708587646484375e+01
1.500000000000000000e+04 1.637554764747619629e-01 1.647624588012695312e+01 0.000000000000000000e+00 8.148416137695312500e+01 1.637554764747619629e-01 1.647624588012695312e+01 0.000000000000000000e+00 8.148416137695312500e+01
1.600000000000000000e+04 1.511986553668975830e-01 1.668630981445312500e+01 0.000000000000000000e+00 8.063788604736328125e+01 1.511986553668975830e-01 1.668630981445312500e+01 0.000000000000000000e+00 8.063788604736328125e+01
1.700000000000000000e+04 2.250330448150634766e-01 1.705999755859375000e+01 0.000000000000000000e+00 7.786511230468750000e+01 2.250330448150634766e-01 1.705999755859375000e+01 0.000000000000000000e+00 7.786511230468750000e+01
1.800000000000000000e+04 3.498190641403198242e+00 1.246649551391601562e+01 0.000000000000000000e+00 6.255593490600585938e+01 3.498190641403198242e+00 1.246649551391601562e+01 0.000000000000000000e+00 6.255593490600585938e+01
1.900000000000000000e+04 4.529941558837890625e+00 6.042985439300537109e+00 0.000000000000000000e+00 4.153354263305664062e+01 4.529941558837890625e+00 6.042985439300537109e+00 0.000000000000000000e+00 4.153354263305664062e+01
2.000000000000000000e+04 2.309982061386108398e+00 8.417359352111816406e+00 0.000000000000000000e+00 3.249179840087890625e+01 2.309982061386108398e+00 8.417359352111816406e+00 0.000000000000000000e+00 3.249179840087890625e+01
