# step, loss_train, loss_test, metrics_test
0.000000000000000000e+00 3.897542187500000000e+05 6.764348745346069336e-01 1.816762109375000000e+04 0.000000000000000000e+00 3.897542187500000000e+05 6.764348745346069336e-01 1.816762109375000000e+04 0.000000000000000000e+00
1.000000000000000000e+03 3.072644653320312500e+02 1.688961386680603027e+00 7.276985931396484375e+01 0.000000000000000000e+00 3.072644653320312500e+02 1.688961386680603027e+00 7.276985931396484375e+01 0.000000000000000000e+00
2.000000000000000000e+03 9.926789093017578125e+01 1.881579041481018066e+00 1.264341163635253906e+01 0.000000000000000000e+00 9.926789093017578125e+01 1.881579041481018066e+00 1.264341163635253906e+01 0.000000000000000000e+00
3.000000000000000000e+03 4.641087722778320312e+01 1.910738945007324219e+00 3.456385850906372070e+00 0.000000000000000000e+00 4.641087722778320312e+01 1.910738945007324219e+00 3.456385850906372070e+00 0.000000000000000000e+00
4.000000000000000000e+03 2.675452423095703125e+01 1.911890387535095215e+00 1.197227358818054199e+00 0.000000000000000000e+00 2.675452423095703125e+01 1.911890387535095215e+00 1.197227358818054199e+00 0.000000000000000000e+00
5.000000000000000000e+03 1.724757766723632812e+01 1.901216030120849609e+00 5.372787714004516602e-01 0.000000000000000000e+00 1.724757766723632812e+01 1.901216030120849609e+00 5.372787714004516602e-01 0.000000000000000000e+00
6.000000000000000000e+03 1.995694923400878906e+01 1.887038350105285645e+00 3.763014972209930420e-01 0.000000000000000000e+00 1.995694923400878906e+01 1.887038350105285645e+00 3.763014972209930420e-01 0.000000000000000000e+00
7.000000000000000000e+03 9.188568115234375000e+00 1.859862089157104492e+00 1.875001043081283569e-01 0.000000000000000000e+00 9.188568115234375000e+00 1.859862089157104492e+00 1.875001043081283569e-01 0.000000000000000000e+00
8.000000000000000000e+03 2.913164138793945312e+01 1.821578264236450195e+00 5.245076417922973633e-01 0.000000000000000000e+00 2.913164138793945312e+01 1.821578264236450195e+00 5.245076417922973633e-01 0.000000000000000000e+00
9.000000000000000000e+03 2.715495491027832031e+01 1.798335194587707520e+00 2.901440858840942383e-01 0.000000000000000000e+00 2.715495491027832031e+01 1.798335194587707520e+00 2.901440858840942383e-01 0.000000000000000000e+00
1.000000000000000000e+04 5.148070335388183594e+00 1.774386405944824219e+00 8.340701460838317871e-02 0.000000000000000000e+00 5.148070335388183594e+00 1.774386405944824219e+00 8.340701460838317871e-02 0.000000000000000000e+00
1.100000000000000000e+04 4.964060783386230469e+00 1.744021654129028320e+00 6.960988044738769531e-02 0.000000000000000000e+00 4.964060783386230469e+00 1.744021654129028320e+00 6.960988044738769531e-02 0.000000000000000000e+00
1.200000000000000000e+04 6.181006908416748047e+00 1.711819171905517578e+00 7.913848757743835449e-02 0.000000000000000000e+00 6.181006908416748047e+00 1.711819171905517578e+00 7.913848757743835449e-02 0.000000000000000000e+00
1.300000000000000000e+04 3.009770774841308594e+01 1.685773611068725586e+00 2.465317696332931519e-01 0.000000000000000000e+00 3.009770774841308594e+01 1.685773611068725586e+00 2.465317696332931519e-01 0.000000000000000000e+00
1.400000000000000000e+04 4.385772228240966797e+00 1.647109389305114746e+00 6.986293941736221313e-02 0.000000000000000000e+00 4.385772228240966797e+00 1.647109389305114746e+00 6.986293941736221313e-02 0.000000000000000000e+00
1.500000000000000000e+04 5.685543060302734375e+00 1.613662958145141602e+00 9.996197372674942017e-02 0.000000000000000000e+00 5.685543060302734375e+00 1.613662958145141602e+00 9.996197372674942017e-02 0.000000000000000000e+00
1.600000000000000000e+04 2.156658554077148438e+01 1.590407133102416992e+00 2.735787630081176758e-01 0.000000000000000000e+00 2.156658554077148438e+01 1.590407133102416992e+00 2.735787630081176758e-01 0.000000000000000000e+00
1.700000000000000000e+04 2.215669393539428711e+00 1.558552503585815430e+00 3.572383150458335876e-02 0.000000000000000000e+00 2.215669393539428711e+00 1.558552503585815430e+00 3.572383150458335876e-02 0.000000000000000000e+00
1.800000000000000000e+04 2.841919660568237305e+00 1.530709505081176758e+00 5.320943519473075867e-02 0.000000000000000000e+00 2.841919660568237305e+00 1.530709505081176758e+00 5.320943519473075867e-02 0.000000000000000000e+00
1.900000000000000000e+04 5.283016586303710938e+01 1.507649898529052734e+00 8.349505662918090820e-01 0.000000000000000000e+00 5.283016586303710938e+01 1.507649898529052734e+00 8.349505662918090820e-01 0.000000000000000000e+00
2.000000000000000000e+04 1.663261532783508301e+00 1.473726034164428711e+00 2.284961752593517303e-02 0.000000000000000000e+00 1.663261532783508301e+00 1.473726034164428711e+00 2.284961752593517303e-02 0.000000000000000000e+00
