# step, loss_train, loss_test, metrics_test
0.000000000000000000e+00 0.000000000000000000e+00 1.166173839569091797e+01 4.825968261718750000e+03 1.761683959960937500e+02 0.000000000000000000e+00 1.166173839569091797e+01 4.825968261718750000e+03 1.761683959960937500e+02
1.000000000000000000e+03 0.000000000000000000e+00 2.230100440979003906e+01 3.852818965911865234e+00 1.666092224121093750e+02 0.000000000000000000e+00 2.230100440979003906e+01 3.852818965911865234e+00 1.666092224121093750e+02
2.000000000000000000e+03 0.000000000000000000e+00 1.294515514373779297e+01 3.996598422527313232e-01 1.596096038818359375e+02 0.000000000000000000e+00 1.294515514373779297e+01 3.996598422527313232e-01 1.596096038818359375e+02
3.000000000000000000e+03 0.000000000000000000e+00 8.291199684143066406e+00 4.140953369140625000e+02 1.323958435058593750e+02 0.000000000000000000e+00 8.291199684143066406e+00 4.140953369140625000e+02 1.323958435058593750e+02
4.000000000000000000e+03 0.000000000000000000e+00 7.523547172546386719e+00 6.923937797546386719e-01 4.539720916748046875e+01 0.000000000000000000e+00 7.523547172546386719e+00 6.923937797546386719e-01 4.539720916748046875e+01
5.000000000000000000e+03 0.000000000000000000e+00 1.681831836700439453e+00 8.629758834838867188e+00 1.292276382446289062e+01 0.000000000000000000e+00 1.681831836700439453e+00 8.629758834838867188e+00 1.292276382446289062e+01
6.000000000000000000e+03 0.000000000000000000e+00 2.614319324493408203e-01 8.877405524253845215e-02 6.661495685577392578e+00 0.000000000000000000e+00 2.614319324493408203e-01 8.877405524253845215e-02 6.661495685577392578e+00
7.000000000000000000e+03 0.000000000000000000e+00 1.104325652122497559e-01 1.093518435955047607e-01 3.984931945800781250e+00 0.000000000000000000e+00 1.104325652122497559e-01 1.093518435955047607e-01 3.984931945800781250e+00
8.000000000000000000e+03 0.000000000000000000e+00 4.653057456016540527e-01 1.084591579437255859e+01 3.171390771865844727e+00 0.000000000000000000e+00 4.653057456016540527e-01 1.084591579437255859e+01 3.171390771865844727e+00
9.000000000000000000e+03 0.000000000000000000e+00 2.280077934265136719e-01 1.480365157127380371e+00 2.239491939544677734e+00 0.000000000000000000e+00 2.280077934265136719e-01 1.480365157127380371e+00 2.239491939544677734e+00
1.000000000000000000e+04 0.000000000000000000e+00 7.458283565938472748e-03 4.830301553010940552e-02 1.578608393669128418e+00 0.000000000000000000e+00 7.458283565938472748e-03 4.830301553010940552e-02 1.578608393669128418e+00
1.100000000000000000e+04 0.000000000000000000e+00 6.463284138590097427e-03 4.192125424742698669e-02 1.187642574310302734e+00 0.000000000000000000e+00 6.463284138590097427e-03 4.192125424742698669e-02 1.187642574310302734e+00
1.200000000000000000e+04 0.000000000000000000e+00 6.328543648123741150e-03 2.494190074503421783e-02 8.573510050773620605e-01 0.000000000000000000e+00 6.328543648123741150e-03 2.494190074503421783e-02 8.573510050773620605e-01
1.300000000000000000e+04 0.000000000000000000e+00 5.090359132736921310e-03 2.013035304844379425e-02 5.960578322410583496e-01 0.000000000000000000e+00 5.090359132736921310e-03 2.013035304844379425e-02 5.960578322410583496e-01
1.400000000000000000e+04 0.000000000000000000e+00 4.681806545704603195e-03 8.729478344321250916e-03 3.777239024639129639e-01 0.000000000000000000e+00 4.681806545704603195e-03 8.729478344321250916e-03 3.777239024639129639e-01
1.500000000000000000e+04 0.000000000000000000e+00 3.773102303966879845e-03 3.777922131121158600e-03 2.470127195119857788e-01 0.000000000000000000e+00 3.773102303966879845e-03 3.777922131121158600e-03 2.470127195119857788e-01
1.600000000000000000e+04 0.000000000000000000e+00 1.986573450267314911e-03 2.930919639766216278e-03 1.807134002447128296e-01 0.000000000000000000e+00 1.986573450267314911e-03 2.930919639766216278e-03 1.807134002447128296e-01
1.700000000000000000e+04 0.000000000000000000e+00 5.035299658775329590e-01 8.063322067260742188e+00 6.055169701576232910e-01 0.000000000000000000e+00 5.035299658775329590e-01 8.063322067260742188e+00 6.055169701576232910e-01
1.800000000000000000e+04 0.000000000000000000e+00 8.640734595246613026e-04 3.807793837040662766e-04 1.029265820980072021e-01 0.000000000000000000e+00 8.640734595246613026e-04 3.807793837040662766e-04 1.029265820980072021e-01
1.900000000000000000e+04 0.000000000000000000e+00 1.745838206261396408e-03 1.312030106782913208e-02 9.456946700811386108e-02 0.000000000000000000e+00 1.745838206261396408e-03 1.312030106782913208e-02 9.456946700811386108e-02
2.000000000000000000e+04 0.000000000000000000e+00 2.711790730245411396e-04 2.281309571117162704e-04 7.842775434255599976e-02 0.000000000000000000e+00 2.711790730245411396e-04 2.281309571117162704e-04 7.842775434255599976e-02
