# step, loss_train, loss_test, metrics_test
0.000000000000000000e+00 0.000000000000000000e+00 4.737983322143554688e+01 9.668118286132812500e+02 4.474331970214843750e+02 0.000000000000000000e+00 4.737983322143554688e+01 9.668118286132812500e+02 4.474331970214843750e+02
1.000000000000000000e+03 0.000000000000000000e+00 2.378140449523925781e+00 1.989220046997070312e+01 2.711363792419433594e+01 0.000000000000000000e+00 2.378140449523925781e+00 1.989220046997070312e+01 2.711363792419433594e+01
2.000000000000000000e+03 0.000000000000000000e+00 2.109772109985351562e+01 3.371015319824218750e+02 4.095188293457031250e+02 0.000000000000000000e+00 2.109772109985351562e+01 3.371015319824218750e+02 4.095188293457031250e+02
3.000000000000000000e+03 0.000000000000000000e+00 2.104927635192871094e+01 3.361984863281250000e+02 4.052643127441406250e+02 0.000000000000000000e+00 2.104927635192871094e+01 3.361984863281250000e+02 4.052643127441406250e+02
4.000000000000000000e+03 0.000000000000000000e+00 2.548693466186523438e+01 3.412338562011718750e+02 4.262800292968750000e+02 0.000000000000000000e+00 2.548693466186523438e+01 3.412338562011718750e+02 4.262800292968750000e+02
5.000000000000000000e+03 0.000000000000000000e+00 2.327953720092773438e+01 3.430220336914062500e+02 4.248050842285156250e+02 0.000000000000000000e+00 2.327953720092773438e+01 3.430220336914062500e+02 4.248050842285156250e+02
6.000000000000000000e+03 0.000000000000000000e+00 2.327889251708984375e+01 3.430227355957031250e+02 4.248052368164062500e+02 0.000000000000000000e+00 2.327889251708984375e+01 3.430227355957031250e+02 4.248052368164062500e+02
7.000000000000000000e+03 0.000000000000000000e+00 2.327906990051269531e+01 3.430222167968750000e+02 4.248041992187500000e+02 0.000000000000000000e+00 2.327906990051269531e+01 3.430222167968750000e+02 4.248041992187500000e+02
8.000000000000000000e+03 0.000000000000000000e+00 2.327915191650390625e+01 3.430219726562500000e+02 4.248027343750000000e+02 0.000000000000000000e+00 2.327915191650390625e+01 3.430219726562500000e+02 4.248027343750000000e+02
9.000000000000000000e+03 0.000000000000000000e+00 2.323536300659179688e+01 3.430941467285156250e+02 4.265738220214843750e+02 0.000000000000000000e+00 2.323536300659179688e+01 3.430941467285156250e+02 4.265738220214843750e+02
1.000000000000000000e+04 0.000000000000000000e+00 2.327318763732910156e+01 3.430317382812500000e+02 4.248709716796875000e+02 0.000000000000000000e+00 2.327318763732910156e+01 3.430317382812500000e+02 4.248709716796875000e+02
1.100000000000000000e+04 0.000000000000000000e+00 1.251223999023437500e+03 1.011158496093750000e+04 1.337497436523437500e+03 0.000000000000000000e+00 1.251223999023437500e+03 1.011158496093750000e+04 1.337497436523437500e+03
1.200000000000000000e+04 0.000000000000000000e+00 2.319594573974609375e+01 3.431604919433593750e+02 4.284934082031250000e+02 0.000000000000000000e+00 2.319594573974609375e+01 3.431604919433593750e+02 4.284934082031250000e+02
1.300000000000000000e+04 0.000000000000000000e+00 2.319594573974609375e+01 3.431604919433593750e+02 4.284934082031250000e+02 0.000000000000000000e+00 2.319594573974609375e+01 3.431604919433593750e+02 4.284934082031250000e+02
1.400000000000000000e+04 0.000000000000000000e+00 2.319598197937011719e+01 3.431604614257812500e+02 4.284934082031250000e+02 0.000000000000000000e+00 2.319598197937011719e+01 3.431604614257812500e+02 4.284934082031250000e+02
1.500000000000000000e+04 0.000000000000000000e+00 2.319590759277343750e+01 3.431605529785156250e+02 4.284933776855468750e+02 0.000000000000000000e+00 2.319590759277343750e+01 3.431605529785156250e+02 4.284933776855468750e+02
1.600000000000000000e+04 0.000000000000000000e+00 2.319613075256347656e+01 3.431601867675781250e+02 4.284934997558593750e+02 0.000000000000000000e+00 2.319613075256347656e+01 3.431601867675781250e+02 4.284934997558593750e+02
1.700000000000000000e+04 0.000000000000000000e+00 2.397392272949218750e+01 3.420920104980468750e+02 4.290411987304687500e+02 0.000000000000000000e+00 2.397392272949218750e+01 3.420920104980468750e+02 4.290411987304687500e+02
1.800000000000000000e+04 0.000000000000000000e+00 3.066571998596191406e+01 3.466851501464843750e+02 4.338066101074218750e+02 0.000000000000000000e+00 3.066571998596191406e+01 3.466851501464843750e+02 4.338066101074218750e+02
1.900000000000000000e+04 0.000000000000000000e+00 2.321051597595214844e+01 3.431357727050781250e+02 4.285036621093750000e+02 0.000000000000000000e+00 2.321051597595214844e+01 3.431357727050781250e+02 4.285036621093750000e+02
2.000000000000000000e+04 0.000000000000000000e+00 2.319020271301269531e+01 3.431702880859375000e+02 4.284893798828125000e+02 0.000000000000000000e+00 2.319020271301269531e+01 3.431702880859375000e+02 4.284893798828125000e+02
