# step, loss_train, loss_test, metrics_test
0.000000000000000000e+00 0.000000000000000000e+00 3.732590103149414062e+01 1.087242797851562500e+03 4.300377197265625000e+02 0.000000000000000000e+00 3.732590103149414062e+01 1.087242797851562500e+03 4.300377197265625000e+02
1.000000000000000000e+03 0.000000000000000000e+00 2.715790877118706703e-03 8.677503094077110291e-03 1.292214691638946533e-01 0.000000000000000000e+00 2.715790877118706703e-03 8.677503094077110291e-03 1.292214691638946533e-01
2.000000000000000000e+03 0.000000000000000000e+00 2.511910535395145416e-02 1.231065392494201660e-01 9.518989920616149902e-01 0.000000000000000000e+00 2.511910535395145416e-02 1.231065392494201660e-01 9.518989920616149902e-01
3.000000000000000000e+03 0.000000000000000000e+00 1.491373172029852867e-03 2.949184924364089966e-02 7.168235629796981812e-02 0.000000000000000000e+00 1.491373172029852867e-03 2.949184924364089966e-02 7.168235629796981812e-02
4.000000000000000000e+03 0.000000000000000000e+00 2.363640628755092621e-02 6.694743037223815918e-01 3.244450390338897705e-01 0.000000000000000000e+00 2.363640628755092621e-02 6.694743037223815918e-01 3.244450390338897705e-01
5.000000000000000000e+03 0.000000000000000000e+00 2.254699134826660156e+01 4.169906921386718750e+02 4.170058593750000000e+02 0.000000000000000000e+00 2.254699134826660156e+01 4.169906921386718750e+02 4.170058593750000000e+02
6.000000000000000000e+03 0.000000000000000000e+00 2.254698562622070312e+01 4.169907531738281250e+02 4.170058593750000000e+02 0.000000000000000000e+00 2.254698562622070312e+01 4.169907531738281250e+02 4.170058593750000000e+02
7.000000000000000000e+03 0.000000000000000000e+00 2.254699897766113281e+01 4.169906921386718750e+02 4.170058593750000000e+02 0.000000000000000000e+00 2.254699897766113281e+01 4.169906921386718750e+02 4.170058593750000000e+02
8.000000000000000000e+03 0.000000000000000000e+00 2.254699134826660156e+01 4.169906921386718750e+02 4.170058593750000000e+02 0.000000000000000000e+00 2.254699134826660156e+01 4.169906921386718750e+02 4.170058593750000000e+02
9.000000000000000000e+03 0.000000000000000000e+00 2.254698562622070312e+01 4.169907531738281250e+02 4.170058593750000000e+02 0.000000000000000000e+00 2.254698562622070312e+01 4.169907531738281250e+02 4.170058593750000000e+02
1.000000000000000000e+04 0.000000000000000000e+00 2.254696083068847656e+01 4.169907531738281250e+02 4.170058593750000000e+02 0.000000000000000000e+00 2.254696083068847656e+01 4.169907531738281250e+02 4.170058593750000000e+02
1.100000000000000000e+04 0.000000000000000000e+00 2.254699897766113281e+01 4.169906921386718750e+02 4.170058593750000000e+02 0.000000000000000000e+00 2.254699897766113281e+01 4.169906921386718750e+02 4.170058593750000000e+02
1.200000000000000000e+04 0.000000000000000000e+00 2.254373931884765625e+01 4.169963073730468750e+02 4.170036010742187500e+02 0.000000000000000000e+00 2.254373931884765625e+01 4.169963073730468750e+02 4.170036010742187500e+02
1.300000000000000000e+04 0.000000000000000000e+00 2.253096771240234375e+01 4.170183410644531250e+02 4.169943847656250000e+02 0.000000000000000000e+00 2.253096771240234375e+01 4.170183410644531250e+02 4.169943847656250000e+02
1.400000000000000000e+04 0.000000000000000000e+00 2.254696655273437500e+01 4.169907531738281250e+02 4.170058593750000000e+02 0.000000000000000000e+00 2.254696655273437500e+01 4.169907531738281250e+02 4.170058593750000000e+02
1.500000000000000000e+04 0.000000000000000000e+00 2.254677391052246094e+01 4.169910888671875000e+02 4.170057373046875000e+02 0.000000000000000000e+00 2.254677391052246094e+01 4.169910888671875000e+02 4.170057373046875000e+02
1.600000000000000000e+04 0.000000000000000000e+00 2.253669738769531250e+01 4.170084228515625000e+02 4.169985351562500000e+02 0.000000000000000000e+00 2.253669738769531250e+01 4.170084228515625000e+02 4.169985351562500000e+02
1.700000000000000000e+04 0.000000000000000000e+00 2.254683685302734375e+01 4.169909973144531250e+02 4.170057983398437500e+02 0.000000000000000000e+00 2.254683685302734375e+01 4.169909973144531250e+02 4.170057983398437500e+02
1.800000000000000000e+04 0.000000000000000000e+00 2.254708671569824219e+01 4.169905700683593750e+02 4.170059509277343750e+02 0.000000000000000000e+00 2.254708671569824219e+01 4.169905700683593750e+02 4.170059509277343750e+02
1.900000000000000000e+04 0.000000000000000000e+00 2.254703521728515625e+01 4.169906616210937500e+02 4.170058593750000000e+02 0.000000000000000000e+00 2.254703521728515625e+01 4.169906616210937500e+02 4.170058593750000000e+02
2.000000000000000000e+04 0.000000000000000000e+00 2.249049568176269531e+01 4.170894775390625000e+02 4.169653625488281250e+02 0.000000000000000000e+00 2.249049568176269531e+01 4.170894775390625000e+02 4.169653625488281250e+02
