# step, loss_train, loss_test, metrics_test
0.000000000000000000e+00 1.248934268951416016e-01 2.651974182128906250e+02 2.131062500000000000e+04 6.400673217773437500e+02 1.248934268951416016e-01 2.651974182128906250e+02 2.131062500000000000e+04 6.400673217773437500e+02
1.000000000000000000e+03 9.034891612827777863e-03 1.196959972381591797e+01 2.021903930664062500e+03 3.831152954101562500e+02 9.034891612827777863e-03 1.196959972381591797e+01 2.021903930664062500e+03 3.831152954101562500e+02
2.000000000000000000e+03 2.045978605747222900e-02 1.655316162109375000e+01 1.437032714843750000e+03 3.870241394042968750e+02 2.045978605747222900e-02 1.655316162109375000e+01 1.437032714843750000e+03 3.870241394042968750e+02
3.000000000000000000e+03 2.452115342020988464e-02 1.677987861633300781e+01 1.427536743164062500e+03 3.872576293945312500e+02 2.452115342020988464e-02 1.677987861633300781e+01 1.427536743164062500e+03 3.872576293945312500e+02
4.000000000000000000e+03 1.022319197654724121e-01 1.669157028198242188e+01 1.405071411132812500e+03 3.872433776855468750e+02 1.022319197654724121e-01 1.669157028198242188e+01 1.405071411132812500e+03 3.872433776855468750e+02
5.000000000000000000e+03 5.179828405380249023e-01 1.648761749267578125e+01 1.332164550781250000e+03 3.873121948242187500e+02 5.179828405380249023e-01 1.648761749267578125e+01 1.332164550781250000e+03 3.873121948242187500e+02
6.000000000000000000e+03 6.427859663963317871e-01 1.642284202575683594e+01 1.078571777343750000e+03 3.884213256835937500e+02 6.427859663963317871e-01 1.642284202575683594e+01 1.078571777343750000e+03 3.884213256835937500e+02
7.000000000000000000e+03 9.914624691009521484e-01 2.068706893920898438e+01 7.770647583007812500e+02 3.955504760742187500e+02 9.914624691009521484e-01 2.068706893920898438e+01 7.770647583007812500e+02 3.955504760742187500e+02
8.000000000000000000e+03 1.754115343093872070e+00 2.340983200073242188e+01 6.899918212890625000e+02 4.005803833007812500e+02 1.754115343093872070e+00 2.340983200073242188e+01 6.899918212890625000e+02 4.005803833007812500e+02
9.000000000000000000e+03 2.047736406326293945e+00 2.463819503784179688e+01 5.987657470703125000e+02 4.042544860839843750e+02 2.047736406326293945e+00 2.463819503784179688e+01 5.987657470703125000e+02 4.042544860839843750e+02
1.000000000000000000e+04 1.775435566902160645e+00 2.627028465270996094e+01 3.651779174804687500e+02 4.079008483886718750e+02 1.775435566902160645e+00 2.627028465270996094e+01 3.651779174804687500e+02 4.079008483886718750e+02
1.100000000000000000e+04 1.661968350410461426e+00 3.806060791015625000e+01 2.722835731506347656e+01 4.063985595703125000e+02 1.661968350410461426e+00 3.806060791015625000e+01 2.722835731506347656e+01 4.063985595703125000e+02
1.200000000000000000e+04 1.010010123252868652e+00 4.210597991943359375e+01 9.692100524902343750e+00 3.913345336914062500e+02 1.010010123252868652e+00 4.210597991943359375e+01 9.692100524902343750e+00 3.913345336914062500e+02
1.300000000000000000e+04 8.662614226341247559e-01 4.478226089477539062e+01 7.055990695953369141e+00 3.781948547363281250e+02 8.662614226341247559e-01 4.478226089477539062e+01 7.055990695953369141e+00 3.781948547363281250e+02
1.400000000000000000e+04 8.090380430221557617e-01 4.690868759155273438e+01 6.705468177795410156e+00 3.664901733398437500e+02 8.090380430221557617e-01 4.690868759155273438e+01 6.705468177795410156e+00 3.664901733398437500e+02
1.500000000000000000e+04 7.688646316528320312e-01 4.813018035888671875e+01 6.579207420349121094e+00 3.572660217285156250e+02 7.688646316528320312e-01 4.813018035888671875e+01 6.579207420349121094e+00 3.572660217285156250e+02
1.600000000000000000e+04 7.663696408271789551e-01 4.756885910034179688e+01 6.108993053436279297e+00 3.511467590332031250e+02 7.663696408271789551e-01 4.756885910034179688e+01 6.108993053436279297e+00 3.511467590332031250e+02
1.700000000000000000e+04 7.338672280311584473e-01 4.485490417480468750e+01 5.143511295318603516e+00 3.471808471679687500e+02 7.338672280311584473e-01 4.485490417480468750e+01 5.143511295318603516e+00 3.471808471679687500e+02
1.800000000000000000e+04 6.158776879310607910e-01 3.986654663085937500e+01 3.801196336746215820e+00 3.446358642578125000e+02 6.158776879310607910e-01 3.986654663085937500e+01 3.801196336746215820e+00 3.446358642578125000e+02
1.900000000000000000e+04 4.643981754779815674e-01 3.417313003540039062e+01 2.532587766647338867e+00 3.429711303710937500e+02 4.643981754779815674e-01 3.417313003540039062e+01 2.532587766647338867e+00 3.429711303710937500e+02
2.000000000000000000e+04 3.010838031768798828e-01 2.979466438293457031e+01 1.669069051742553711e+00 3.418853759765625000e+02 3.010838031768798828e-01 2.979466438293457031e+01 1.669069051742553711e+00 3.418853759765625000e+02
