# step, loss_train, loss_test, metrics_test
0.000000000000000000e+00 1.642751342773437500e+03 3.311383819580078125e+01 1.457649902343750000e+04 2.772135620117187500e+02 1.642751342773437500e+03 3.311383819580078125e+01 1.457649902343750000e+04 2.772135620117187500e+02
1.000000000000000000e+03 6.947080135345458984e+00 4.170597457885742188e+01 8.822243690490722656e+00 2.674853820800781250e+02 6.947080135345458984e+00 4.170597457885742188e+01 8.822243690490722656e+00 2.674853820800781250e+02
2.000000000000000000e+03 2.700551033020019531e+00 3.968441772460937500e+01 3.954661607742309570e+00 2.562813415527343750e+02 2.700551033020019531e+00 3.968441772460937500e+01 3.954661607742309570e+00 2.562813415527343750e+02
3.000000000000000000e+03 2.237038850784301758e+00 3.963882827758789062e+01 2.655612707138061523e+00 2.473911437988281250e+02 2.237038850784301758e+00 3.963882827758789062e+01 2.655612707138061523e+00 2.473911437988281250e+02
4.000000000000000000e+03 2.170336723327636719e+00 3.909100723266601562e+01 1.935744166374206543e+00 2.419523162841796875e+02 2.170336723327636719e+00 3.909100723266601562e+01 1.935744166374206543e+00 2.419523162841796875e+02
5.000000000000000000e+03 1.674023032188415527e+00 3.655651092529296875e+01 1.529751896858215332e+00 2.385656585693359375e+02 1.674023032188415527e+00 3.655651092529296875e+01 1.529751896858215332e+00 2.385656585693359375e+02
6.000000000000000000e+03 1.685668706893920898e+00 3.293638610839843750e+01 1.240880966186523438e+00 2.358417510986328125e+02 1.685668706893920898e+00 3.293638610839843750e+01 1.240880966186523438e+00 2.358417510986328125e+02
7.000000000000000000e+03 1.736812353134155273e+00 2.870313262939453125e+01 1.005894064903259277e+00 2.332527618408203125e+02 1.736812353134155273e+00 2.870313262939453125e+01 1.005894064903259277e+00 2.332527618408203125e+02
8.000000000000000000e+03 1.747277736663818359e+00 2.382294654846191406e+01 8.405557870864868164e-01 2.306263275146484375e+02 1.747277736663818359e+00 2.382294654846191406e+01 8.405557870864868164e-01 2.306263275146484375e+02
9.000000000000000000e+03 1.991687059402465820e+00 1.843472671508789062e+01 7.107537388801574707e-01 2.278776397705078125e+02 1.991687059402465820e+00 1.843472671508789062e+01 7.107537388801574707e-01 2.278776397705078125e+02
1.000000000000000000e+04 1.911246418952941895e+00 1.386578273773193359e+01 6.616725325584411621e-01 2.252443084716796875e+02 1.911246418952941895e+00 1.386578273773193359e+01 6.616725325584411621e-01 2.252443084716796875e+02
1.100000000000000000e+04 1.804514408111572266e+00 1.147078132629394531e+01 6.423223614692687988e-01 2.231809997558593750e+02 1.804514408111572266e+00 1.147078132629394531e+01 6.423223614692687988e-01 2.231809997558593750e+02
1.200000000000000000e+04 1.545185327529907227e+00 1.068513488769531250e+01 6.710284948348999023e-01 2.216736450195312500e+02 1.545185327529907227e+00 1.068513488769531250e+01 6.710284948348999023e-01 2.216736450195312500e+02
1.300000000000000000e+04 1.330513834953308105e+00 1.048634243011474609e+01 6.917294263839721680e-01 2.203604278564453125e+02 1.330513834953308105e+00 1.048634243011474609e+01 6.917294263839721680e-01 2.203604278564453125e+02
1.400000000000000000e+04 1.322332382202148438e+00 1.043740463256835938e+01 7.151739001274108887e-01 2.191842193603515625e+02 1.322332382202148438e+00 1.043740463256835938e+01 7.151739001274108887e-01 2.191842193603515625e+02
1.500000000000000000e+04 1.347557306289672852e+00 1.043475818634033203e+01 7.102648615837097168e-01 2.180607299804687500e+02 1.347557306289672852e+00 1.043475818634033203e+01 7.102648615837097168e-01 2.180607299804687500e+02
1.600000000000000000e+04 1.305068969726562500e+00 1.049066829681396484e+01 7.216237783432006836e-01 2.167488861083984375e+02 1.305068969726562500e+00 1.049066829681396484e+01 7.216237783432006836e-01 2.167488861083984375e+02
1.700000000000000000e+04 1.340806245803833008e+00 1.059097290039062500e+01 7.532196044921875000e-01 2.150888214111328125e+02 1.340806245803833008e+00 1.059097290039062500e+01 7.532196044921875000e-01 2.150888214111328125e+02
1.800000000000000000e+04 6.375204086303710938e+00 1.048410892486572266e+01 1.172727704048156738e+00 2.131601104736328125e+02 6.375204086303710938e+00 1.048410892486572266e+01 1.172727704048156738e+00 2.131601104736328125e+02
1.900000000000000000e+04 1.846648216247558594e+00 1.074992370605468750e+01 8.065232634544372559e-01 2.108034973144531250e+02 1.846648216247558594e+00 1.074992370605468750e+01 8.065232634544372559e-01 2.108034973144531250e+02
2.000000000000000000e+04 2.361461639404296875e+00 1.081359577178955078e+01 8.227727413177490234e-01 2.079318389892578125e+02 2.361461639404296875e+00 1.081359577178955078e+01 8.227727413177490234e-01 2.079318389892578125e+02
