# step, loss_train, loss_test, metrics_test
0.000000000000000000e+00 0.000000000000000000e+00 3.999130249023437500e+01 0.000000000000000000e+00 4.362702026367187500e+02 0.000000000000000000e+00 3.999130249023437500e+01 0.000000000000000000e+00 4.362702026367187500e+02
1.000000000000000000e+03 0.000000000000000000e+00 1.678498649597167969e+01 0.000000000000000000e+00 2.975460510253906250e+02 0.000000000000000000e+00 1.678498649597167969e+01 0.000000000000000000e+00 2.975460510253906250e+02
2.000000000000000000e+03 0.000000000000000000e+00 3.319378280639648438e+01 0.000000000000000000e+00 1.407019348144531250e+02 0.000000000000000000e+00 3.319378280639648438e+01 0.000000000000000000e+00 1.407019348144531250e+02
3.000000000000000000e+03 0.000000000000000000e+00 2.571691894531250000e+01 0.000000000000000000e+00 8.904132080078125000e+01 0.000000000000000000e+00 2.571691894531250000e+01 0.000000000000000000e+00 8.904132080078125000e+01
4.000000000000000000e+03 0.000000000000000000e+00 1.922080802917480469e+01 0.000000000000000000e+00 6.046444320678710938e+01 0.000000000000000000e+00 1.922080802917480469e+01 0.000000000000000000e+00 6.046444320678710938e+01
5.000000000000000000e+03 0.000000000000000000e+00 1.234757041931152344e+01 0.000000000000000000e+00 4.604949188232421875e+01 0.000000000000000000e+00 1.234757041931152344e+01 0.000000000000000000e+00 4.604949188232421875e+01
6.000000000000000000e+03 0.000000000000000000e+00 6.290271759033203125e+00 0.000000000000000000e+00 2.979842376708984375e+01 0.000000000000000000e+00 6.290271759033203125e+00 0.000000000000000000e+00 2.979842376708984375e+01
7.000000000000000000e+03 0.000000000000000000e+00 1.528008460998535156e+00 0.000000000000000000e+00 1.566081523895263672e+01 0.000000000000000000e+00 1.528008460998535156e+00 0.000000000000000000e+00 1.566081523895263672e+01
8.000000000000000000e+03 0.000000000000000000e+00 4.651746451854705811e-01 0.000000000000000000e+00 8.967411994934082031e+00 0.000000000000000000e+00 4.651746451854705811e-01 0.000000000000000000e+00 8.967411994934082031e+00
9.000000000000000000e+03 0.000000000000000000e+00 1.310680508613586426e-01 0.000000000000000000e+00 3.648091077804565430e+00 0.000000000000000000e+00 1.310680508613586426e-01 0.000000000000000000e+00 3.648091077804565430e+00
1.000000000000000000e+04 0.000000000000000000e+00 3.264238312840461731e-02 0.000000000000000000e+00 9.209610223770141602e-01 0.000000000000000000e+00 3.264238312840461731e-02 0.000000000000000000e+00 9.209610223770141602e-01
1.100000000000000000e+04 0.000000000000000000e+00 5.548112094402313232e-03 0.000000000000000000e+00 2.827140688896179199e-01 0.000000000000000000e+00 5.548112094402313232e-03 0.000000000000000000e+00 2.827140688896179199e-01
1.200000000000000000e+04 0.000000000000000000e+00 1.727055758237838745e-03 0.000000000000000000e+00 1.114679947495460510e-01 0.000000000000000000e+00 1.727055758237838745e-03 0.000000000000000000e+00 1.114679947495460510e-01
1.300000000000000000e+04 0.000000000000000000e+00 7.502677035517990589e-04 0.000000000000000000e+00 5.888439714908599854e-02 0.000000000000000000e+00 7.502677035517990589e-04 0.000000000000000000e+00 5.888439714908599854e-02
1.400000000000000000e+04 0.000000000000000000e+00 3.298947412986308336e-04 0.000000000000000000e+00 3.860669210553169250e-02 0.000000000000000000e+00 3.298947412986308336e-04 0.000000000000000000e+00 3.860669210553169250e-02
1.500000000000000000e+04 0.000000000000000000e+00 1.340003509540110826e-04 0.000000000000000000e+00 2.764808572828769684e-02 0.000000000000000000e+00 1.340003509540110826e-04 0.000000000000000000e+00 2.764808572828769684e-02
1.600000000000000000e+04 0.000000000000000000e+00 4.901871216134168208e-05 0.000000000000000000e+00 2.061652205884456635e-02 0.000000000000000000e+00 4.901871216134168208e-05 0.000000000000000000e+00 2.061652205884456635e-02
1.700000000000000000e+04 0.000000000000000000e+00 2.757390211627352983e-05 0.000000000000000000e+00 1.571122929453849792e-02 0.000000000000000000e+00 2.757390211627352983e-05 0.000000000000000000e+00 1.571122929453849792e-02
1.800000000000000000e+04 0.000000000000000000e+00 2.228855191788170487e-05 0.000000000000000000e+00 1.226004865020513535e-02 0.000000000000000000e+00 2.228855191788170487e-05 0.000000000000000000e+00 1.226004865020513535e-02
1.900000000000000000e+04 0.000000000000000000e+00 9.667579433880746365e-06 0.000000000000000000e+00 9.794542565941810608e-03 0.000000000000000000e+00 9.667579433880746365e-06 0.000000000000000000e+00 9.794542565941810608e-03
2.000000000000000000e+04 0.000000000000000000e+00 6.725182174704968929e-06 0.000000000000000000e+00 8.083853870630264282e-03 0.000000000000000000e+00 6.725182174704968929e-06 0.000000000000000000e+00 8.083853870630264282e-03
