# step, loss_train, loss_test, metrics_test
0.000000000000000000e+00 5.997091531753540039e-03 2.157706069946289062e+01 3.610137695312500000e+03 4.202438049316406250e+02 5.997091531753540039e-03 2.157706069946289062e+01 3.610137695312500000e+03 4.202438049316406250e+02
1.000000000000000000e+03 1.152044892311096191e+00 4.672975158691406250e+01 1.070995140075683594e+01 3.621578979492187500e+02 1.152044892311096191e+00 4.672975158691406250e+01 1.070995140075683594e+01 3.621578979492187500e+02
2.000000000000000000e+03 2.010460376739501953e+00 3.177702713012695312e+01 2.894674777984619141e+00 3.529179077148437500e+02 2.010460376739501953e+00 3.177702713012695312e+01 2.894674777984619141e+00 3.529179077148437500e+02
3.000000000000000000e+03 2.845813989639282227e+00 2.604827880859375000e+01 2.204480409622192383e+00 3.357903442382812500e+02 2.845813989639282227e+00 2.604827880859375000e+01 2.204480409622192383e+00 3.357903442382812500e+02
4.000000000000000000e+03 4.197031021118164062e+00 2.828005981445312500e+01 3.616979837417602539e+00 3.099242858886718750e+02 4.197031021118164062e+00 2.828005981445312500e+01 3.616979837417602539e+00 3.099242858886718750e+02
5.000000000000000000e+03 6.372183322906494141e+00 3.168899345397949219e+01 5.765995979309082031e+00 2.773759765625000000e+02 6.372183322906494141e+00 3.168899345397949219e+01 5.765995979309082031e+00 2.773759765625000000e+02
6.000000000000000000e+03 1.090013313293457031e+01 3.402328491210937500e+01 7.106420516967773438e+00 2.302674560546875000e+02 1.090013313293457031e+01 3.402328491210937500e+01 7.106420516967773438e+00 2.302674560546875000e+02
7.000000000000000000e+03 2.725944328308105469e+01 1.948561477661132812e+01 1.114619922637939453e+01 1.282256317138671875e+02 2.725944328308105469e+01 1.948561477661132812e+01 1.114619922637939453e+01 1.282256317138671875e+02
8.000000000000000000e+03 2.662131881713867188e+01 7.992163181304931641e+00 9.761310577392578125e+00 4.389244461059570312e+01 2.662131881713867188e+01 7.992163181304931641e+00 9.761310577392578125e+00 4.389244461059570312e+01
9.000000000000000000e+03 1.775563430786132812e+01 5.177073478698730469e+00 5.167584419250488281e+00 1.699694252014160156e+01 1.775563430786132812e+01 5.177073478698730469e+00 5.167584419250488281e+00 1.699694252014160156e+01
1.000000000000000000e+04 1.309929847717285156e+01 3.791429042816162109e+00 1.069069385528564453e+01 8.736435890197753906e+00 1.309929847717285156e+01 3.791429042816162109e+00 1.069069385528564453e+01 8.736435890197753906e+00
1.100000000000000000e+04 8.631761550903320312e+00 3.024989128112792969e+00 1.688714861869812012e+00 6.740611076354980469e+00 8.631761550903320312e+00 3.024989128112792969e+00 1.688714861869812012e+00 6.740611076354980469e+00
1.200000000000000000e+04 7.128500938415527344e+00 2.680781841278076172e+00 1.190612077713012695e+00 5.798170566558837891e+00 7.128500938415527344e+00 2.680781841278076172e+00 1.190612077713012695e+00 5.798170566558837891e+00
1.300000000000000000e+04 6.158477783203125000e+00 2.530694961547851562e+00 8.779835700988769531e-01 5.635877132415771484e+00 6.158477783203125000e+00 2.530694961547851562e+00 8.779835700988769531e-01 5.635877132415771484e+00
1.400000000000000000e+04 5.551473140716552734e+00 2.393036842346191406e+00 7.536705732345581055e-01 5.257442474365234375e+00 5.551473140716552734e+00 2.393036842346191406e+00 7.536705732345581055e-01 5.257442474365234375e+00
1.500000000000000000e+04 5.591458320617675781e+00 2.604963541030883789e+00 7.610839080810546875e+01 5.679969310760498047e+00 5.591458320617675781e+00 2.604963541030883789e+00 7.610839080810546875e+01 5.679969310760498047e+00
1.600000000000000000e+04 4.646840095520019531e+00 2.227112293243408203e+00 6.073534488677978516e-01 5.081243515014648438e+00 4.646840095520019531e+00 2.227112293243408203e+00 6.073534488677978516e-01 5.081243515014648438e+00
1.700000000000000000e+04 4.340754032135009766e+00 2.150757074356079102e+00 5.224537253379821777e-01 4.927167415618896484e+00 4.340754032135009766e+00 2.150757074356079102e+00 5.224537253379821777e-01 4.927167415618896484e+00
1.800000000000000000e+04 4.073502540588378906e+00 2.066987514495849609e+00 4.925824403762817383e-01 4.740163803100585938e+00 4.073502540588378906e+00 2.066987514495849609e+00 4.925824403762817383e-01 4.740163803100585938e+00
1.900000000000000000e+04 3.806092262268066406e+00 2.042996168136596680e+00 9.500229954719543457e-01 4.825041294097900391e+00 3.806092262268066406e+00 2.042996168136596680e+00 9.500229954719543457e-01 4.825041294097900391e+00
2.000000000000000000e+04 3.598046302795410156e+00 1.976777076721191406e+00 4.244458973407745361e-01 4.688428878784179688e+00 3.598046302795410156e+00 1.976777076721191406e+00 4.244458973407745361e-01 4.688428878784179688e+00
