# step, loss_train, loss_test, metrics_test
0.000000000000000000e+00 3.913806562500000000e+05 1.343778228759765625e+02 0.000000000000000000e+00 3.481462097167968750e+02 3.913806562500000000e+05 1.343778228759765625e+02 0.000000000000000000e+00 3.481462097167968750e+02
1.000000000000000000e+03 0.000000000000000000e+00 1.742915534973144531e+01 0.000000000000000000e+00 2.052063751220703125e+02 0.000000000000000000e+00 1.742915534973144531e+01 0.000000000000000000e+00 2.052063751220703125e+02
2.000000000000000000e+03 0.000000000000000000e+00 1.742915725708007812e+01 0.000000000000000000e+00 2.052063751220703125e+02 0.000000000000000000e+00 1.742915725708007812e+01 0.000000000000000000e+00 2.052063751220703125e+02
3.000000000000000000e+03 0.000000000000000000e+00 1.742915534973144531e+01 0.000000000000000000e+00 2.052063751220703125e+02 0.000000000000000000e+00 1.742915534973144531e+01 0.000000000000000000e+00 2.052063751220703125e+02
4.000000000000000000e+03 0.000000000000000000e+00 1.742915725708007812e+01 0.000000000000000000e+00 2.052063751220703125e+02 0.000000000000000000e+00 1.742915725708007812e+01 0.000000000000000000e+00 2.052063751220703125e+02
5.000000000000000000e+03 0.000000000000000000e+00 1.742915725708007812e+01 0.000000000000000000e+00 2.052063751220703125e+02 0.000000000000000000e+00 1.742915725708007812e+01 0.000000000000000000e+00 2.052063751220703125e+02
6.000000000000000000e+03 0.000000000000000000e+00 1.742915725708007812e+01 0.000000000000000000e+00 2.052063751220703125e+02 0.000000000000000000e+00 1.742915725708007812e+01 0.000000000000000000e+00 2.052063751220703125e+02
7.000000000000000000e+03 0.000000000000000000e+00 1.742915725708007812e+01 0.000000000000000000e+00 2.052063446044921875e+02 0.000000000000000000e+00 1.742915725708007812e+01 0.000000000000000000e+00 2.052063446044921875e+02
8.000000000000000000e+03 0.000000000000000000e+00 1.742916107177734375e+01 0.000000000000000000e+00 2.052063751220703125e+02 0.000000000000000000e+00 1.742916107177734375e+01 0.000000000000000000e+00 2.052063751220703125e+02
9.000000000000000000e+03 0.000000000000000000e+00 1.742916297912597656e+01 0.000000000000000000e+00 2.052063751220703125e+02 0.000000000000000000e+00 1.742916297912597656e+01 0.000000000000000000e+00 2.052063751220703125e+02
1.000000000000000000e+04 0.000000000000000000e+00 1.742881393432617188e+01 0.000000000000000000e+00 2.052067260742187500e+02 0.000000000000000000e+00 1.742881393432617188e+01 0.000000000000000000e+00 2.052067260742187500e+02
1.100000000000000000e+04 0.000000000000000000e+00 1.742913818359375000e+01 0.000000000000000000e+00 2.052063903808593750e+02 0.000000000000000000e+00 1.742913818359375000e+01 0.000000000000000000e+00 2.052063903808593750e+02
1.200000000000000000e+04 0.000000000000000000e+00 1.742915534973144531e+01 0.000000000000000000e+00 2.052063751220703125e+02 0.000000000000000000e+00 1.742915534973144531e+01 0.000000000000000000e+00 2.052063751220703125e+02
1.300000000000000000e+04 0.000000000000000000e+00 1.762007713317871094e+01 0.000000000000000000e+00 2.052326202392578125e+02 0.000000000000000000e+00 1.762007713317871094e+01 0.000000000000000000e+00 2.052326202392578125e+02
1.400000000000000000e+04 0.000000000000000000e+00 1.742911911010742188e+01 0.000000000000000000e+00 2.052140350341796875e+02 0.000000000000000000e+00 1.742911911010742188e+01 0.000000000000000000e+00 2.052140350341796875e+02
1.500000000000000000e+04 0.000000000000000000e+00 1.743139076232910156e+01 0.000000000000000000e+00 2.052172241210937500e+02 0.000000000000000000e+00 1.743139076232910156e+01 0.000000000000000000e+00 2.052172241210937500e+02
1.600000000000000000e+04 0.000000000000000000e+00 1.742916297912597656e+01 0.000000000000000000e+00 2.052063751220703125e+02 0.000000000000000000e+00 1.742916297912597656e+01 0.000000000000000000e+00 2.052063751220703125e+02
1.700000000000000000e+04 0.000000000000000000e+00 1.838324546813964844e+01 0.000000000000000000e+00 2.056459655761718750e+02 0.000000000000000000e+00 1.838324546813964844e+01 0.000000000000000000e+00 2.056459655761718750e+02
1.800000000000000000e+04 0.000000000000000000e+00 1.742915534973144531e+01 0.000000000000000000e+00 2.052063751220703125e+02 0.000000000000000000e+00 1.742915534973144531e+01 0.000000000000000000e+00 2.052063751220703125e+02
1.900000000000000000e+04 0.000000000000000000e+00 1.742915534973144531e+01 0.000000000000000000e+00 2.052063751220703125e+02 0.000000000000000000e+00 1.742915534973144531e+01 0.000000000000000000e+00 2.052063751220703125e+02
2.000000000000000000e+04 0.000000000000000000e+00 1.742915534973144531e+01 0.000000000000000000e+00 2.052063751220703125e+02 0.000000000000000000e+00 1.742915534973144531e+01 0.000000000000000000e+00 2.052063751220703125e+02
