# step, loss_train, loss_test, metrics_test
0.000000000000000000e+00 1.352503222656250000e+04 3.510321426391601562e+01 4.405963867187500000e+03 4.423040466308593750e+02 1.352503222656250000e+04 3.510321426391601562e+01 4.405963867187500000e+03 4.423040466308593750e+02
1.000000000000000000e+03 3.929904937744140625e+01 3.630835342407226562e+01 2.966176986694335938e+01 4.107305908203125000e+02 3.929904937744140625e+01 3.630835342407226562e+01 2.966176986694335938e+01 4.107305908203125000e+02
2.000000000000000000e+03 1.225000476837158203e+01 4.296378326416015625e+01 8.395362854003906250e+00 3.889966735839843750e+02 1.225000476837158203e+01 4.296378326416015625e+01 8.395362854003906250e+00 3.889966735839843750e+02
3.000000000000000000e+03 5.790490627288818359e+00 4.852585983276367188e+01 4.975123882293701172e+00 3.785767211914062500e+02 5.790490627288818359e+00 4.852585983276367188e+01 4.975123882293701172e+00 3.785767211914062500e+02
4.000000000000000000e+03 4.209940433502197266e+00 4.782713317871093750e+01 3.783100605010986328e+00 3.753133239746093750e+02 4.209940433502197266e+00 4.782713317871093750e+01 3.783100605010986328e+00 3.753133239746093750e+02
5.000000000000000000e+03 3.709551572799682617e+00 4.549993133544921875e+01 3.238466262817382812e+00 3.728900756835937500e+02 3.709551572799682617e+00 4.549993133544921875e+01 3.238466262817382812e+00 3.728900756835937500e+02
6.000000000000000000e+03 3.567704677581787109e+00 4.260288619995117188e+01 2.823870658874511719e+00 3.700941467285156250e+02 3.567704677581787109e+00 4.260288619995117188e+01 2.823870658874511719e+00 3.700941467285156250e+02
7.000000000000000000e+03 3.537150382995605469e+00 3.901529693603515625e+01 2.459256410598754883e+00 3.669506225585937500e+02 3.537150382995605469e+00 3.901529693603515625e+01 2.459256410598754883e+00 3.669506225585937500e+02
8.000000000000000000e+03 3.563661336898803711e+00 3.494738769531250000e+01 2.109866142272949219e+00 3.635092468261718750e+02 3.563661336898803711e+00 3.494738769531250000e+01 2.109866142272949219e+00 3.635092468261718750e+02
9.000000000000000000e+03 3.387750387191772461e+00 3.091403770446777344e+01 1.894516229629516602e+00 3.602548522949218750e+02 3.387750387191772461e+00 3.091403770446777344e+01 1.894516229629516602e+00 3.602548522949218750e+02
1.000000000000000000e+04 3.339765787124633789e+00 2.688685607910156250e+01 1.697247862815856934e+00 3.576835327148437500e+02 3.339765787124633789e+00 2.688685607910156250e+01 1.697247862815856934e+00 3.576835327148437500e+02
1.100000000000000000e+04 3.274380683898925781e+00 2.345053482055664062e+01 1.507132887840270996e+00 3.549033813476562500e+02 3.274380683898925781e+00 2.345053482055664062e+01 1.507132887840270996e+00 3.549033813476562500e+02
1.200000000000000000e+04 3.347177028656005859e+00 2.061650657653808594e+01 1.415662646293640137e+00 3.512260742187500000e+02 3.347177028656005859e+00 2.061650657653808594e+01 1.415662646293640137e+00 3.512260742187500000e+02
1.300000000000000000e+04 3.813618421554565430e+00 1.868790435791015625e+01 1.481564283370971680e+00 3.455405578613281250e+02 3.813618421554565430e+00 1.868790435791015625e+01 1.481564283370971680e+00 3.455405578613281250e+02
1.400000000000000000e+04 1.048000049591064453e+01 1.762682914733886719e+01 2.172325372695922852e+00 3.379327697753906250e+02 1.048000049591064453e+01 1.762682914733886719e+01 2.172325372695922852e+00 3.379327697753906250e+02
1.500000000000000000e+04 5.271349906921386719e+00 1.885846900939941406e+01 2.414722919464111328e+00 3.258037414550781250e+02 5.271349906921386719e+00 1.885846900939941406e+01 2.414722919464111328e+00 3.258037414550781250e+02
1.600000000000000000e+04 7.622810363769531250e+00 2.033504295349121094e+01 3.704737186431884766e+00 2.961268310546875000e+02 7.622810363769531250e+00 2.033504295349121094e+01 3.704737186431884766e+00 2.961268310546875000e+02
1.700000000000000000e+04 1.589203834533691406e+01 1.859508323669433594e+01 5.405353069305419922e+00 2.312834320068359375e+02 1.589203834533691406e+01 1.859508323669433594e+01 5.405353069305419922e+00 2.312834320068359375e+02
1.800000000000000000e+04 2.130454444885253906e+01 1.526365280151367188e+01 6.145483016967773438e+00 1.420237579345703125e+02 2.130454444885253906e+01 1.526365280151367188e+01 6.145483016967773438e+00 1.420237579345703125e+02
1.900000000000000000e+04 2.325931358337402344e+01 1.207225227355957031e+01 5.210000038146972656e+00 7.063430786132812500e+01 2.325931358337402344e+01 1.207225227355957031e+01 5.210000038146972656e+00 7.063430786132812500e+01
2.000000000000000000e+04 1.766263580322265625e+01 9.695931434631347656e+00 3.645147085189819336e+00 3.686826705932617188e+01 1.766263580322265625e+01 9.695931434631347656e+00 3.645147085189819336e+00 3.686826705932617188e+01
