# step, loss_train, loss_test, metrics_test
0.000000000000000000e+00 1.042922687530517578e+01 3.182955932617187500e+01 3.313844726562500000e+03 4.421454467773437500e+02 1.042922687530517578e+01 3.182955932617187500e+01 3.313844726562500000e+03 4.421454467773437500e+02
1.000000000000000000e+03 3.820619201660156250e+01 2.655082893371582031e+01 2.871229003906250000e+03 4.356571044921875000e+02 3.820619201660156250e+01 2.655082893371582031e+01 2.871229003906250000e+03 4.356571044921875000e+02
2.000000000000000000e+03 7.995787048339843750e+01 2.058899879455566406e+01 2.325408447265625000e+03 4.284750061035156250e+02 7.995787048339843750e+01 2.058899879455566406e+01 2.325408447265625000e+03 4.284750061035156250e+02
3.000000000000000000e+03 1.479466857910156250e+02 1.643953132629394531e+01 1.816025268554687500e+03 4.228027954101562500e+02 1.479466857910156250e+02 1.643953132629394531e+01 1.816025268554687500e+03 4.228027954101562500e+02
4.000000000000000000e+03 1.771754913330078125e+02 1.442686080932617188e+01 1.396307373046875000e+03 4.186175231933593750e+02 1.771754913330078125e+02 1.442686080932617188e+01 1.396307373046875000e+03 4.186175231933593750e+02
5.000000000000000000e+03 1.916602020263671875e+02 1.405147743225097656e+01 1.122417724609375000e+03 4.165930175781250000e+02 1.916602020263671875e+02 1.405147743225097656e+01 1.122417724609375000e+03 4.165930175781250000e+02
6.000000000000000000e+03 2.106624755859375000e+02 1.457875347137451172e+01 9.607660522460937500e+02 4.172753906250000000e+02 2.106624755859375000e+02 1.457875347137451172e+01 9.607660522460937500e+02 4.172753906250000000e+02
7.000000000000000000e+03 1.944176025390625000e+02 1.496491146087646484e+01 9.043969726562500000e+02 4.185400695800781250e+02 1.944176025390625000e+02 1.496491146087646484e+01 9.043969726562500000e+02 4.185400695800781250e+02
8.000000000000000000e+03 1.559572448730468750e+02 1.524683284759521484e+01 8.494614868164062500e+02 4.194792175292968750e+02 1.559572448730468750e+02 1.524683284759521484e+01 8.494614868164062500e+02 4.194792175292968750e+02
9.000000000000000000e+03 1.323175506591796875e+02 1.560411548614501953e+01 7.898938598632812500e+02 4.197760620117187500e+02 1.323175506591796875e+02 1.560411548614501953e+01 7.898938598632812500e+02 4.197760620117187500e+02
1.000000000000000000e+04 1.337574005126953125e+02 1.626423835754394531e+01 7.052416992187500000e+02 4.191976013183593750e+02 1.337574005126953125e+02 1.626423835754394531e+01 7.052416992187500000e+02 4.191976013183593750e+02
1.100000000000000000e+04 1.226064453125000000e+02 1.712264823913574219e+01 6.067819824218750000e+02 4.188270263671875000e+02 1.226064453125000000e+02 1.712264823913574219e+01 6.067819824218750000e+02 4.188270263671875000e+02
1.200000000000000000e+04 1.147081298828125000e+02 1.850124359130859375e+01 5.314277954101562500e+02 4.179369506835937500e+02 1.147081298828125000e+02 1.850124359130859375e+01 5.314277954101562500e+02 4.179369506835937500e+02
1.300000000000000000e+04 1.119540710449218750e+02 2.013216209411621094e+01 4.572666625976562500e+02 4.174836730957031250e+02 1.119540710449218750e+02 2.013216209411621094e+01 4.572666625976562500e+02 4.174836730957031250e+02
1.400000000000000000e+04 1.040074310302734375e+02 2.205003547668457031e+01 3.934962158203125000e+02 4.168491210937500000e+02 1.040074310302734375e+02 2.205003547668457031e+01 3.934962158203125000e+02 4.168491210937500000e+02
1.500000000000000000e+04 8.839732360839843750e+01 2.396917915344238281e+01 3.334022216796875000e+02 4.157318115234375000e+02 8.839732360839843750e+01 2.396917915344238281e+01 3.334022216796875000e+02 4.157318115234375000e+02
1.600000000000000000e+04 7.100967407226562500e+01 2.593590736389160156e+01 2.801575927734375000e+02 4.127602844238281250e+02 7.100967407226562500e+01 2.593590736389160156e+01 2.801575927734375000e+02 4.127602844238281250e+02
1.700000000000000000e+04 7.125478363037109375e+01 2.855330085754394531e+01 2.274922180175781250e+02 4.088482360839843750e+02 7.125478363037109375e+01 2.855330085754394531e+01 2.274922180175781250e+02 4.088482360839843750e+02
1.800000000000000000e+04 6.678028869628906250e+01 3.166954421997070312e+01 1.743842773437500000e+02 4.047229919433593750e+02 6.678028869628906250e+01 3.166954421997070312e+01 1.743842773437500000e+02 4.047229919433593750e+02
1.900000000000000000e+04 4.611999130249023438e+01 3.567918014526367188e+01 1.041120300292968750e+02 3.997309875488281250e+02 4.611999130249023438e+01 3.567918014526367188e+01 1.041120300292968750e+02 3.997309875488281250e+02
2.000000000000000000e+04 4.418448638916015625e+01 3.976408386230468750e+01 5.246278762817382812e+01 3.939451293945312500e+02 4.418448638916015625e+01 3.976408386230468750e+01 5.246278762817382812e+01 3.939451293945312500e+02
