# step, loss_train, loss_test, metrics_test
0.000000000000000000e+00 7.950795288085937500e+02 3.955147552490234375e+01 5.734309082031250000e+03 0.000000000000000000e+00 7.950795288085937500e+02 3.955147552490234375e+01 5.734309082031250000e+03 0.000000000000000000e+00
1.000000000000000000e+03 4.650711364746093750e+02 3.051737022399902344e+01 2.562477783203125000e+03 0.000000000000000000e+00 4.650711364746093750e+02 3.051737022399902344e+01 2.562477783203125000e+03 0.000000000000000000e+00
2.000000000000000000e+03 2.555794830322265625e+02 2.775409126281738281e+01 1.622384399414062500e+03 0.000000000000000000e+00 2.555794830322265625e+02 2.775409126281738281e+01 1.622384399414062500e+03 0.000000000000000000e+00
3.000000000000000000e+03 1.394459991455078125e+02 2.466485214233398438e+01 1.267644775390625000e+03 0.000000000000000000e+00 1.394459991455078125e+02 2.466485214233398438e+01 1.267644775390625000e+03 0.000000000000000000e+00
4.000000000000000000e+03 7.895587921142578125e+01 2.407009696960449219e+01 1.140608520507812500e+03 0.000000000000000000e+00 7.895587921142578125e+01 2.407009696960449219e+01 1.140608520507812500e+03 0.000000000000000000e+00
5.000000000000000000e+03 5.096000671386718750e+01 2.471338653564453125e+01 1.090573730468750000e+03 0.000000000000000000e+00 5.096000671386718750e+01 2.471338653564453125e+01 1.090573730468750000e+03 0.000000000000000000e+00
6.000000000000000000e+03 3.780413055419921875e+01 2.469882583618164062e+01 1.044680541992187500e+03 0.000000000000000000e+00 3.780413055419921875e+01 2.469882583618164062e+01 1.044680541992187500e+03 0.000000000000000000e+00
7.000000000000000000e+03 3.676297760009765625e+01 2.389338874816894531e+01 9.691135864257812500e+02 0.000000000000000000e+00 3.676297760009765625e+01 2.389338874816894531e+01 9.691135864257812500e+02 0.000000000000000000e+00
8.000000000000000000e+03 5.708220672607421875e+01 2.301786994934082031e+01 8.323123779296875000e+02 0.000000000000000000e+00 5.708220672607421875e+01 2.301786994934082031e+01 8.323123779296875000e+02 0.000000000000000000e+00
9.000000000000000000e+03 9.828968811035156250e+01 2.315796852111816406e+01 6.108652954101562500e+02 0.000000000000000000e+00 9.828968811035156250e+01 2.315796852111816406e+01 6.108652954101562500e+02 0.000000000000000000e+00
1.000000000000000000e+04 1.180759963989257812e+02 2.962215995788574219e+01 3.548982543945312500e+02 0.000000000000000000e+00 1.180759963989257812e+02 2.962215995788574219e+01 3.548982543945312500e+02 0.000000000000000000e+00
1.100000000000000000e+04 8.125768280029296875e+01 4.148590469360351562e+01 1.423009338378906250e+02 0.000000000000000000e+00 8.125768280029296875e+01 4.148590469360351562e+01 1.423009338378906250e+02 0.000000000000000000e+00
1.200000000000000000e+04 3.991376495361328125e+01 4.270189666748046875e+01 6.318107223510742188e+01 0.000000000000000000e+00 3.991376495361328125e+01 4.270189666748046875e+01 6.318107223510742188e+01 0.000000000000000000e+00
1.300000000000000000e+04 2.331324958801269531e+01 3.709101486206054688e+01 3.496514511108398438e+01 0.000000000000000000e+00 2.331324958801269531e+01 3.709101486206054688e+01 3.496514511108398438e+01 0.000000000000000000e+00
1.400000000000000000e+04 1.560455226898193359e+01 3.190534782409667969e+01 2.124606132507324219e+01 0.000000000000000000e+00 1.560455226898193359e+01 3.190534782409667969e+01 2.124606132507324219e+01 0.000000000000000000e+00
1.500000000000000000e+04 1.103074359893798828e+01 2.848196029663085938e+01 1.318140602111816406e+01 0.000000000000000000e+00 1.103074359893798828e+01 2.848196029663085938e+01 1.318140602111816406e+01 0.000000000000000000e+00
1.600000000000000000e+04 7.857399940490722656e+00 2.605859756469726562e+01 8.522255897521972656e+00 0.000000000000000000e+00 7.857399940490722656e+00 2.605859756469726562e+01 8.522255897521972656e+00 0.000000000000000000e+00
1.700000000000000000e+04 5.919587612152099609e+00 2.360931205749511719e+01 5.817659854888916016e+00 0.000000000000000000e+00 5.919587612152099609e+00 2.360931205749511719e+01 5.817659854888916016e+00 0.000000000000000000e+00
1.800000000000000000e+04 4.700110912322998047e+00 2.076378059387207031e+01 4.120477676391601562e+00 0.000000000000000000e+00 4.700110912322998047e+00 2.076378059387207031e+01 4.120477676391601562e+00 0.000000000000000000e+00
1.900000000000000000e+04 3.826712608337402344e+00 1.769235038757324219e+01 2.963748455047607422e+00 0.000000000000000000e+00 3.826712608337402344e+00 1.769235038757324219e+01 2.963748455047607422e+00 0.000000000000000000e+00
2.000000000000000000e+04 3.149146318435668945e+00 1.453093433380126953e+01 2.075532674789428711e+00 0.000000000000000000e+00 3.149146318435668945e+00 1.453093433380126953e+01 2.075532674789428711e+00 0.000000000000000000e+00
