# step, loss_train, loss_test, metrics_test
0.000000000000000000e+00 5.438381835937500000e+03 1.818521118164062500e+01 2.910238525390625000e+03 7.406316375732421875e+01 5.438381835937500000e+03 1.818521118164062500e+01 2.910238525390625000e+03 7.406316375732421875e+01
1.000000000000000000e+03 7.796810150146484375e+00 5.004961395263671875e+01 7.435247898101806641e+00 7.248775482177734375e+01 7.796810150146484375e+00 5.004961395263671875e+01 7.435247898101806641e+00 7.248775482177734375e+01
2.000000000000000000e+03 2.568536758422851562e+00 4.752554702758789062e+01 3.514054059982299805e+00 7.025162506103515625e+01 2.568536758422851562e+00 4.752554702758789062e+01 3.514054059982299805e+00 7.025162506103515625e+01
3.000000000000000000e+03 1.717838287353515625e+00 4.644036102294921875e+01 3.162326335906982422e+00 6.930355072021484375e+01 1.717838287353515625e+00 4.644036102294921875e+01 3.162326335906982422e+00 6.930355072021484375e+01
4.000000000000000000e+03 1.766131639480590820e+00 4.506517410278320312e+01 3.077367067337036133e+00 6.892911529541015625e+01 1.766131639480590820e+00 4.506517410278320312e+01 3.077367067337036133e+00 6.892911529541015625e+01
5.000000000000000000e+03 1.346664190292358398e+00 4.354129791259765625e+01 2.771224021911621094e+00 6.866748809814453125e+01 1.346664190292358398e+00 4.354129791259765625e+01 2.771224021911621094e+00 6.866748809814453125e+01
6.000000000000000000e+03 1.419934868812561035e+00 4.157974624633789062e+01 2.596299171447753906e+00 6.836552429199218750e+01 1.419934868812561035e+00 4.157974624633789062e+01 2.596299171447753906e+00 6.836552429199218750e+01
7.000000000000000000e+03 1.668687939643859863e+00 3.894326019287109375e+01 2.390890359878540039e+00 6.799327087402343750e+01 1.668687939643859863e+00 3.894326019287109375e+01 2.390890359878540039e+00 6.799327087402343750e+01
8.000000000000000000e+03 2.741537332534790039e+00 3.519366455078125000e+01 2.149484395980834961e+00 6.751016998291015625e+01 2.741537332534790039e+00 3.519366455078125000e+01 2.149484395980834961e+00 6.751016998291015625e+01
9.000000000000000000e+03 3.643653154373168945e+00 3.000047874450683594e+01 1.934248566627502441e+00 6.700182342529296875e+01 3.643653154373168945e+00 3.000047874450683594e+01 1.934248566627502441e+00 6.700182342529296875e+01
1.000000000000000000e+04 4.512852668762207031e+00 2.376126670837402344e+01 1.701865196228027344e+00 6.634217834472656250e+01 4.512852668762207031e+00 2.376126670837402344e+01 1.701865196228027344e+00 6.634217834472656250e+01
1.100000000000000000e+04 5.145996093750000000e+00 1.643181800842285156e+01 1.384184241294860840e+00 6.569709014892578125e+01 5.145996093750000000e+00 1.643181800842285156e+01 1.384184241294860840e+00 6.569709014892578125e+01
1.200000000000000000e+04 4.432272434234619141e+00 8.648599624633789062e+00 9.310903549194335938e-01 6.513351440429687500e+01 4.432272434234619141e+00 8.648599624633789062e+00 9.310903549194335938e-01 6.513351440429687500e+01
1.300000000000000000e+04 2.698862075805664062e+00 3.433844327926635742e+00 4.903201460838317871e-01 6.481665802001953125e+01 2.698862075805664062e+00 3.433844327926635742e+00 4.903201460838317871e-01 6.481665802001953125e+01
1.400000000000000000e+04 1.882085204124450684e+00 2.208100795745849609e+00 3.103049993515014648e-01 6.461962890625000000e+01 1.882085204124450684e+00 2.208100795745849609e+00 3.103049993515014648e-01 6.461962890625000000e+01
1.500000000000000000e+04 2.206820249557495117e+00 1.928968787193298340e+00 2.866994738578796387e-01 6.439678955078125000e+01 2.206820249557495117e+00 1.928968787193298340e+00 2.866994738578796387e-01 6.439678955078125000e+01
1.600000000000000000e+04 1.070150613784790039e+00 1.817376375198364258e+00 2.088733613491058350e-01 6.411248016357421875e+01 1.070150613784790039e+00 1.817376375198364258e+00 2.088733613491058350e-01 6.411248016357421875e+01
1.700000000000000000e+04 8.545015454292297363e-01 1.698560118675231934e+00 1.987240910530090332e-01 6.374434280395507812e+01 8.545015454292297363e-01 1.698560118675231934e+00 1.987240910530090332e-01 6.374434280395507812e+01
1.800000000000000000e+04 7.433905601501464844e-01 1.600685000419616699e+00 2.122514843940734863e-01 6.322505569458007812e+01 7.433905601501464844e-01 1.600685000419616699e+00 2.122514843940734863e-01 6.322505569458007812e+01
1.900000000000000000e+04 7.527160644531250000e-01 1.520443916320800781e+00 2.528860867023468018e-01 6.247360610961914062e+01 7.527160644531250000e-01 1.520443916320800781e+00 2.528860867023468018e-01 6.247360610961914062e+01
2.000000000000000000e+04 9.050225615501403809e-01 1.455137968063354492e+00 3.162959218025207520e-01 6.147644424438476562e+01 9.050225615501403809e-01 1.455137968063354492e+00 3.162959218025207520e-01 6.147644424438476562e+01
