# step, loss_train, loss_test, metrics_test
0.000000000000000000e+00 6.450363750000000000e+05 0.000000000000000000e+00 7.613133544921875000e+02 5.709879684448242188e+01 6.450363750000000000e+05 0.000000000000000000e+00 7.613133544921875000e+02 5.709879684448242188e+01
1.000000000000000000e+03 9.902051925659179688e+00 0.000000000000000000e+00 1.901840515136718750e+02 5.778205108642578125e+01 9.902051925659179688e+00 0.000000000000000000e+00 1.901840515136718750e+02 5.778205108642578125e+01
2.000000000000000000e+03 8.357371330261230469e+00 0.000000000000000000e+00 1.624958038330078125e+02 5.845187377929687500e+01 8.357371330261230469e+00 0.000000000000000000e+00 1.624958038330078125e+02 5.845187377929687500e+01
3.000000000000000000e+03 6.509752750396728516e+00 0.000000000000000000e+00 1.396088714599609375e+02 5.888916015625000000e+01 6.509752750396728516e+00 0.000000000000000000e+00 1.396088714599609375e+02 5.888916015625000000e+01
4.000000000000000000e+03 8.587518692016601562e+00 0.000000000000000000e+00 6.656242370605468750e+01 6.195885086059570312e+01 8.587518692016601562e+00 0.000000000000000000e+00 6.656242370605468750e+01 6.195885086059570312e+01
5.000000000000000000e+03 1.752401351928710938e+01 0.000000000000000000e+00 5.332606124877929688e+01 6.245511627197265625e+01 1.752401351928710938e+01 0.000000000000000000e+00 5.332606124877929688e+01 6.245511627197265625e+01
6.000000000000000000e+03 2.155110597610473633e+00 0.000000000000000000e+00 6.023202133178710938e+01 6.205640411376953125e+01 2.155110597610473633e+00 0.000000000000000000e+00 6.023202133178710938e+01 6.205640411376953125e+01
7.000000000000000000e+03 8.796683311462402344e+00 0.000000000000000000e+00 1.158149433135986328e+01 6.174386596679687500e+01 8.796683311462402344e+00 0.000000000000000000e+00 1.158149433135986328e+01 6.174386596679687500e+01
8.000000000000000000e+03 2.698197841644287109e+00 0.000000000000000000e+00 5.469048690795898438e+01 6.099800872802734375e+01 2.698197841644287109e+00 0.000000000000000000e+00 5.469048690795898438e+01 6.099800872802734375e+01
9.000000000000000000e+03 2.795363664627075195e+00 0.000000000000000000e+00 1.913772106170654297e+00 6.035244750976562500e+01 2.795363664627075195e+00 0.000000000000000000e+00 1.913772106170654297e+00 6.035244750976562500e+01
1.000000000000000000e+04 1.314321994781494141e+00 0.000000000000000000e+00 4.130823612213134766e-01 5.797415161132812500e+01 1.314321994781494141e+00 0.000000000000000000e+00 4.130823612213134766e-01 5.797415161132812500e+01
1.100000000000000000e+04 2.037585496902465820e+00 0.000000000000000000e+00 4.246056973934173584e-01 5.575931549072265625e+01 2.037585496902465820e+00 0.000000000000000000e+00 4.246056973934173584e-01 5.575931549072265625e+01
1.200000000000000000e+04 3.269903564453125000e+01 0.000000000000000000e+00 1.105216026306152344e+01 5.339461898803710938e+01 3.269903564453125000e+01 0.000000000000000000e+00 1.105216026306152344e+01 5.339461898803710938e+01
1.300000000000000000e+04 4.148940443992614746e-01 0.000000000000000000e+00 3.106309204101562500e+02 5.670949554443359375e+01 4.148940443992614746e-01 0.000000000000000000e+00 3.106309204101562500e+02 5.670949554443359375e+01
1.400000000000000000e+04 1.315311431884765625e+00 0.000000000000000000e+00 1.706459655761718750e+02 5.827294158935546875e+01 1.315311431884765625e+00 0.000000000000000000e+00 1.706459655761718750e+02 5.827294158935546875e+01
1.500000000000000000e+04 5.270398855209350586e-01 0.000000000000000000e+00 1.687137451171875000e+02 5.821710205078125000e+01 5.270398855209350586e-01 0.000000000000000000e+00 1.687137451171875000e+02 5.821710205078125000e+01
1.600000000000000000e+04 3.943569064140319824e-01 0.000000000000000000e+00 1.695501556396484375e+02 5.805243682861328125e+01 3.943569064140319824e-01 0.000000000000000000e+00 1.695501556396484375e+02 5.805243682861328125e+01
1.700000000000000000e+04 7.930119633674621582e-01 0.000000000000000000e+00 1.689862823486328125e+02 5.790470886230468750e+01 7.930119633674621582e-01 0.000000000000000000e+00 1.689862823486328125e+02 5.790470886230468750e+01
1.800000000000000000e+04 1.659131348133087158e-01 0.000000000000000000e+00 1.692762908935546875e+02 5.783000946044921875e+01 1.659131348133087158e-01 0.000000000000000000e+00 1.692762908935546875e+02 5.783000946044921875e+01
1.900000000000000000e+04 2.595076331601831043e-08 0.000000000000000000e+00 3.115914306640625000e+02 5.671441650390625000e+01 2.595076331601831043e-08 0.000000000000000000e+00 3.115914306640625000e+02 5.671441650390625000e+01
2.000000000000000000e+04 7.362750853445731991e-09 0.000000000000000000e+00 3.115914916992187500e+02 5.671441650390625000e+01 7.362750853445731991e-09 0.000000000000000000e+00 3.115914916992187500e+02 5.671441650390625000e+01
