# step, loss_train, loss_test, metrics_test
0.000000000000000000e+00 0.000000000000000000e+00 4.737983322143554688e+01 8.407059326171875000e+02 4.474331970214843750e+02 0.000000000000000000e+00 4.737983322143554688e+01 8.407059326171875000e+02 4.474331970214843750e+02
1.000000000000000000e+03 0.000000000000000000e+00 2.992450237274169922e+00 1.559254074096679688e+01 8.537792205810546875e+01 0.000000000000000000e+00 2.992450237274169922e+00 1.559254074096679688e+01 8.537792205810546875e+01
2.000000000000000000e+03 0.000000000000000000e+00 2.292263603210449219e+01 2.988350219726562500e+02 4.283013916015625000e+02 0.000000000000000000e+00 2.292263603210449219e+01 2.988350219726562500e+02 4.283013916015625000e+02
3.000000000000000000e+03 0.000000000000000000e+00 2.292263603210449219e+01 2.988350219726562500e+02 4.283013916015625000e+02 0.000000000000000000e+00 2.292263603210449219e+01 2.988350219726562500e+02 4.283013916015625000e+02
4.000000000000000000e+03 0.000000000000000000e+00 2.292263603210449219e+01 2.988350219726562500e+02 4.283013916015625000e+02 0.000000000000000000e+00 2.292263603210449219e+01 2.988350219726562500e+02 4.283013916015625000e+02
5.000000000000000000e+03 0.000000000000000000e+00 2.292263984680175781e+01 2.988349914550781250e+02 4.283014526367187500e+02 0.000000000000000000e+00 2.292263984680175781e+01 2.988349914550781250e+02 4.283014526367187500e+02
6.000000000000000000e+03 0.000000000000000000e+00 2.292263603210449219e+01 2.988350219726562500e+02 4.283013916015625000e+02 0.000000000000000000e+00 2.292263603210449219e+01 2.988350219726562500e+02 4.283013916015625000e+02
7.000000000000000000e+03 0.000000000000000000e+00 2.292263603210449219e+01 2.988350219726562500e+02 4.283013916015625000e+02 0.000000000000000000e+00 2.292263603210449219e+01 2.988350219726562500e+02 4.283013916015625000e+02
8.000000000000000000e+03 0.000000000000000000e+00 2.292490196228027344e+01 2.988311767578125000e+02 4.283030090332031250e+02 0.000000000000000000e+00 2.292490196228027344e+01 2.988311767578125000e+02 4.283030090332031250e+02
9.000000000000000000e+03 0.000000000000000000e+00 2.293082427978515625e+01 2.988211059570312500e+02 4.283071594238281250e+02 0.000000000000000000e+00 2.293082427978515625e+01 2.988211059570312500e+02 4.283071594238281250e+02
1.000000000000000000e+04 0.000000000000000000e+00 2.292261695861816406e+01 2.988350219726562500e+02 4.283013916015625000e+02 0.000000000000000000e+00 2.292261695861816406e+01 2.988350219726562500e+02 4.283013916015625000e+02
1.100000000000000000e+04 0.000000000000000000e+00 2.292244529724121094e+01 2.988353271484375000e+02 4.283012695312500000e+02 0.000000000000000000e+00 2.292244529724121094e+01 2.988353271484375000e+02 4.283012695312500000e+02
1.200000000000000000e+04 0.000000000000000000e+00 2.360646438598632812e+01 2.978563232421875000e+02 4.287822265625000000e+02 0.000000000000000000e+00 2.360646438598632812e+01 2.978563232421875000e+02 4.287822265625000000e+02
1.300000000000000000e+04 0.000000000000000000e+00 2.292265319824218750e+01 2.988349609375000000e+02 4.283013916015625000e+02 0.000000000000000000e+00 2.292265319824218750e+01 2.988349609375000000e+02 4.283013916015625000e+02
1.400000000000000000e+04 0.000000000000000000e+00 2.292244529724121094e+01 2.988353271484375000e+02 4.283012695312500000e+02 0.000000000000000000e+00 2.292244529724121094e+01 2.988353271484375000e+02 4.283012695312500000e+02
1.500000000000000000e+04 0.000000000000000000e+00 2.292304420471191406e+01 2.988342895507812500e+02 4.283016662597656250e+02 0.000000000000000000e+00 2.292304420471191406e+01 2.988342895507812500e+02 4.283016662597656250e+02
1.600000000000000000e+04 0.000000000000000000e+00 2.293157958984375000e+01 2.988198547363281250e+02 4.283076782226562500e+02 0.000000000000000000e+00 2.293157958984375000e+01 2.988198547363281250e+02 4.283076782226562500e+02
1.700000000000000000e+04 0.000000000000000000e+00 2.293257713317871094e+01 2.988181457519531250e+02 4.283083801269531250e+02 0.000000000000000000e+00 2.293257713317871094e+01 2.988181457519531250e+02 4.283083801269531250e+02
1.800000000000000000e+04 0.000000000000000000e+00 2.292263412475585938e+01 2.988350219726562500e+02 4.283013916015625000e+02 0.000000000000000000e+00 2.292263412475585938e+01 2.988350219726562500e+02 4.283013916015625000e+02
1.900000000000000000e+04 0.000000000000000000e+00 2.291284179687500000e+01 2.988517456054687500e+02 4.282944946289062500e+02 0.000000000000000000e+00 2.291284179687500000e+01 2.988517456054687500e+02 4.282944946289062500e+02
2.000000000000000000e+04 0.000000000000000000e+00 2.291916656494140625e+01 2.988409423828125000e+02 4.282990112304687500e+02 0.000000000000000000e+00 2.291916656494140625e+01 2.988409423828125000e+02 4.282990112304687500e+02
