# step, loss_train, loss_test, metrics_test
0.000000000000000000e+00 5.223022949218750000e+03 5.441839981079101562e+01 9.074072265625000000e+03 4.544111633300781250e+02 5.223022949218750000e+03 5.441839981079101562e+01 9.074072265625000000e+03 4.544111633300781250e+02
1.000000000000000000e+03 4.586885986328125000e+02 2.920821571350097656e+01 3.316535644531250000e+03 4.032135925292968750e+02 4.586885986328125000e+02 2.920821571350097656e+01 3.316535644531250000e+03 4.032135925292968750e+02
2.000000000000000000e+03 1.875539093017578125e+02 2.170324897766113281e+01 1.909137207031250000e+03 3.907580566406250000e+02 1.875539093017578125e+02 2.170324897766113281e+01 1.909137207031250000e+03 3.907580566406250000e+02
3.000000000000000000e+03 1.345578460693359375e+02 2.166698646545410156e+01 1.641917358398437500e+03 3.904192504882812500e+02 1.345578460693359375e+02 2.166698646545410156e+01 1.641917358398437500e+03 3.904192504882812500e+02
4.000000000000000000e+03 1.052986450195312500e+02 2.180356788635253906e+01 1.540665405273437500e+03 3.910086669921875000e+02 1.052986450195312500e+02 2.180356788635253906e+01 1.540665405273437500e+03 3.910086669921875000e+02
5.000000000000000000e+03 8.745185089111328125e+01 2.124013137817382812e+01 1.418253173828125000e+03 3.901032714843750000e+02 8.745185089111328125e+01 2.124013137817382812e+01 1.418253173828125000e+03 3.901032714843750000e+02
6.000000000000000000e+03 8.027008819580078125e+01 1.996529388427734375e+01 1.227019531250000000e+03 3.858156738281250000e+02 8.027008819580078125e+01 1.996529388427734375e+01 1.227019531250000000e+03 3.858156738281250000e+02
7.000000000000000000e+03 9.413568878173828125e+01 2.048928642272949219e+01 8.748463134765625000e+02 3.754948425292968750e+02 9.413568878173828125e+01 2.048928642272949219e+01 8.748463134765625000e+02 3.754948425292968750e+02
8.000000000000000000e+03 1.105956268310546875e+02 3.314717483520507812e+01 4.139995117187500000e+02 3.599160156250000000e+02 1.105956268310546875e+02 3.314717483520507812e+01 4.139995117187500000e+02 3.599160156250000000e+02
9.000000000000000000e+03 9.445661163330078125e+01 4.503799057006835938e+01 2.094657135009765625e+02 3.576227416992187500e+02 9.445661163330078125e+01 4.503799057006835938e+01 2.094657135009765625e+02 3.576227416992187500e+02
1.000000000000000000e+04 6.001023101806640625e+01 5.161448669433593750e+01 1.044972457885742188e+02 3.592211303710937500e+02 6.001023101806640625e+01 5.161448669433593750e+01 1.044972457885742188e+02 3.592211303710937500e+02
1.100000000000000000e+04 3.471926879882812500e+01 5.197312927246093750e+01 5.278116226196289062e+01 3.618446044921875000e+02 3.471926879882812500e+01 5.197312927246093750e+01 5.278116226196289062e+01 3.618446044921875000e+02
1.200000000000000000e+04 2.037119293212890625e+01 4.842414474487304688e+01 2.531831169128417969e+01 3.643136291503906250e+02 2.037119293212890625e+01 4.842414474487304688e+01 2.531831169128417969e+01 3.643136291503906250e+02
1.300000000000000000e+04 1.226832103729248047e+01 4.345175170898437500e+01 1.066207313537597656e+01 3.658242492675781250e+02 1.226832103729248047e+01 4.345175170898437500e+01 1.066207313537597656e+01 3.658242492675781250e+02
1.400000000000000000e+04 8.706618309020996094e+00 3.861782073974609375e+01 5.033666133880615234e+00 3.650266418457031250e+02 8.706618309020996094e+00 3.861782073974609375e+01 5.033666133880615234e+00 3.650266418457031250e+02
1.500000000000000000e+04 6.848127841949462891e+00 3.448630523681640625e+01 3.791856288909912109e+00 3.620019836425781250e+02 6.848127841949462891e+00 3.448630523681640625e+01 3.791856288909912109e+00 3.620019836425781250e+02
1.600000000000000000e+04 5.814293384552001953e+00 2.992715454101562500e+01 3.418650150299072266e+00 3.590708923339843750e+02 5.814293384552001953e+00 2.992715454101562500e+01 3.418650150299072266e+00 3.590708923339843750e+02
1.700000000000000000e+04 5.345222473144531250e+00 2.399482345581054688e+01 2.998719692230224609e+00 3.567982788085937500e+02 5.345222473144531250e+00 2.399482345581054688e+01 2.998719692230224609e+00 3.567982788085937500e+02
1.800000000000000000e+04 4.853108882904052734e+00 1.925622940063476562e+01 2.469545364379882812e+00 3.549718933105468750e+02 4.853108882904052734e+00 1.925622940063476562e+01 2.469545364379882812e+00 3.549718933105468750e+02
1.900000000000000000e+04 4.042433261871337891e+00 1.641422653198242188e+01 2.016403913497924805e+00 3.532141418457031250e+02 4.042433261871337891e+00 1.641422653198242188e+01 2.016403913497924805e+00 3.532141418457031250e+02
2.000000000000000000e+04 3.307166814804077148e+00 1.448338794708251953e+01 1.620444655418395996e+00 3.510531921386718750e+02 3.307166814804077148e+00 1.448338794708251953e+01 1.620444655418395996e+00 3.510531921386718750e+02
