# step, loss_train, loss_test, metrics_test
0.000000000000000000e+00 0.000000000000000000e+00 2.282830619812011719e+01 6.468683593750000000e+03 1.289665527343750000e+02 0.000000000000000000e+00 2.282830619812011719e+01 6.468683593750000000e+03 1.289665527343750000e+02
1.000000000000000000e+03 0.000000000000000000e+00 1.252586841583251953e+00 6.653741002082824707e-02 2.780259704589843750e+01 0.000000000000000000e+00 1.252586841583251953e+00 6.653741002082824707e-02 2.780259704589843750e+01
2.000000000000000000e+03 0.000000000000000000e+00 1.643553018569946289e+00 5.091694831848144531e+00 3.185964345932006836e+00 0.000000000000000000e+00 1.643553018569946289e+00 5.091694831848144531e+00 3.185964345932006836e+00
3.000000000000000000e+03 0.000000000000000000e+00 2.928618632722645998e-04 2.233647246612235904e-04 1.897422075271606445e-01 0.000000000000000000e+00 2.928618632722645998e-04 2.233647246612235904e-04 1.897422075271606445e-01
4.000000000000000000e+03 0.000000000000000000e+00 6.869272794574499130e-03 4.493535459041595459e-01 8.105631172657012939e-02 0.000000000000000000e+00 6.869272794574499130e-03 4.493535459041595459e-01 8.105631172657012939e-02
5.000000000000000000e+03 0.000000000000000000e+00 1.845957245677709579e-03 8.788134157657623291e-02 5.863227322697639465e-02 0.000000000000000000e+00 1.845957245677709579e-03 8.788134157657623291e-02 5.863227322697639465e-02
6.000000000000000000e+03 0.000000000000000000e+00 9.415442124009132385e-03 1.854213327169418335e-01 8.722580224275588989e-02 0.000000000000000000e+00 9.415442124009132385e-03 1.854213327169418335e-01 8.722580224275588989e-02
7.000000000000000000e+03 0.000000000000000000e+00 3.743137640412896872e-04 9.297084994614124298e-03 1.367919612675905228e-02 0.000000000000000000e+00 3.743137640412896872e-04 9.297084994614124298e-03 1.367919612675905228e-02
8.000000000000000000e+03 0.000000000000000000e+00 9.994436055421829224e-03 1.429853728041052818e-03 1.493007540702819824e+00 0.000000000000000000e+00 9.994436055421829224e-03 1.429853728041052818e-03 1.493007540702819824e+00
9.000000000000000000e+03 0.000000000000000000e+00 1.728267036378383636e-02 1.904392540454864502e-01 3.193721771240234375e-01 0.000000000000000000e+00 1.728267036378383636e-02 1.904392540454864502e-01 3.193721771240234375e-01
1.000000000000000000e+04 0.000000000000000000e+00 2.255253046751022339e-01 2.197594404220581055e+00 2.925867736339569092e-01 0.000000000000000000e+00 2.255253046751022339e-01 2.197594404220581055e+00 2.925867736339569092e-01
1.100000000000000000e+04 0.000000000000000000e+00 2.228956855833530426e-02 1.030048914253711700e-02 6.485506892204284668e-02 0.000000000000000000e+00 2.228956855833530426e-02 1.030048914253711700e-02 6.485506892204284668e-02
1.200000000000000000e+04 0.000000000000000000e+00 1.142996945418417454e-03 2.501873858273029327e-02 3.842372074723243713e-02 0.000000000000000000e+00 1.142996945418417454e-03 2.501873858273029327e-02 3.842372074723243713e-02
1.300000000000000000e+04 0.000000000000000000e+00 3.851478140859398991e-06 6.145446604932658374e-07 1.049361284822225571e-02 0.000000000000000000e+00 3.851478140859398991e-06 6.145446604932658374e-07 1.049361284822225571e-02
1.400000000000000000e+04 0.000000000000000000e+00 5.425741523504257202e-02 1.778702259063720703e+00 4.457733035087585449e-02 0.000000000000000000e+00 5.425741523504257202e-02 1.778702259063720703e+00 4.457733035087585449e-02
1.500000000000000000e+04 0.000000000000000000e+00 2.284925431013107300e-03 1.070848759263753891e-02 1.103457063436508179e-02 0.000000000000000000e+00 2.284925431013107300e-03 1.070848759263753891e-02 1.103457063436508179e-02
1.600000000000000000e+04 0.000000000000000000e+00 1.215137854160275310e-05 1.077633496606722474e-04 1.944732293486595154e-02 0.000000000000000000e+00 1.215137854160275310e-05 1.077633496606722474e-04 1.944732293486595154e-02
1.700000000000000000e+04 0.000000000000000000e+00 8.981012739241123199e-03 4.267247200012207031e+00 2.934408485889434814e-01 0.000000000000000000e+00 8.981012739241123199e-03 4.267247200012207031e+00 2.934408485889434814e-01
1.800000000000000000e+04 0.000000000000000000e+00 2.007219300139695406e-04 1.881275529740378261e-04 4.334026947617530823e-03 0.000000000000000000e+00 2.007219300139695406e-04 1.881275529740378261e-04 4.334026947617530823e-03
1.900000000000000000e+04 0.000000000000000000e+00 1.053620479069650173e-03 1.294376794248819351e-02 9.423438459634780884e-03 0.000000000000000000e+00 1.053620479069650173e-03 1.294376794248819351e-02 9.423438459634780884e-03
2.000000000000000000e+04 0.000000000000000000e+00 2.469321014359593391e-03 5.867739766836166382e-02 3.288731351494789124e-02 0.000000000000000000e+00 2.469321014359593391e-03 5.867739766836166382e-02 3.288731351494789124e-02
