# step, loss_train, loss_test, metrics_test
0.000000000000000000e+00 4.578267410397529602e-02 2.687099838256835938e+01 6.013656250000000000e+03 3.828730468750000000e+02 4.578267410397529602e-02 2.687099838256835938e+01 6.013656250000000000e+03 3.828730468750000000e+02
1.000000000000000000e+03 5.184195041656494141e-01 5.175504684448242188e+01 8.875362396240234375e+00 3.353553161621093750e+02 5.184195041656494141e-01 5.175504684448242188e+01 8.875362396240234375e+00 3.353553161621093750e+02
2.000000000000000000e+03 7.577180266380310059e-01 4.611487197875976562e+01 6.678589344024658203e+00 3.337195129394531250e+02 7.577180266380310059e-01 4.611487197875976562e+01 6.678589344024658203e+00 3.337195129394531250e+02
3.000000000000000000e+03 7.149229645729064941e-01 3.332954406738281250e+01 3.203825950622558594e+00 3.329431152343750000e+02 7.149229645729064941e-01 3.332954406738281250e+01 3.203825950622558594e+00 3.329431152343750000e+02
4.000000000000000000e+03 6.394754648208618164e-01 2.706948852539062500e+01 1.492268800735473633e+00 3.302303161621093750e+02 6.394754648208618164e-01 2.706948852539062500e+01 1.492268800735473633e+00 3.302303161621093750e+02
5.000000000000000000e+03 5.818331241607666016e-01 2.405236816406250000e+01 4.388435781002044678e-01 3.259361267089843750e+02 5.818331241607666016e-01 2.405236816406250000e+01 4.388435781002044678e-01 3.259361267089843750e+02
6.000000000000000000e+03 5.636821389198303223e-01 2.254188537597656250e+01 9.435390233993530273e-01 3.176120910644531250e+02 5.636821389198303223e-01 2.254188537597656250e+01 9.435390233993530273e-01 3.176120910644531250e+02
7.000000000000000000e+03 7.736055850982666016e-01 2.299051475524902344e+01 2.026974916458129883e+00 3.043767089843750000e+02 7.736055850982666016e-01 2.299051475524902344e+01 2.026974916458129883e+00 3.043767089843750000e+02
8.000000000000000000e+03 1.526515603065490723e+00 2.539752769470214844e+01 2.704175949096679688e+00 2.887168273925781250e+02 1.526515603065490723e+00 2.539752769470214844e+01 2.704175949096679688e+00 2.887168273925781250e+02
9.000000000000000000e+03 2.379404544830322266e+00 2.671366310119628906e+01 7.985608100891113281e+00 2.752963256835937500e+02 2.379404544830322266e+00 2.671366310119628906e+01 7.985608100891113281e+00 2.752963256835937500e+02
1.000000000000000000e+04 2.908777952194213867e+00 2.973821258544921875e+01 4.791921615600585938e+00 2.638237609863281250e+02 2.908777952194213867e+00 2.973821258544921875e+01 4.791921615600585938e+00 2.638237609863281250e+02
1.100000000000000000e+04 3.325629234313964844e+00 3.085845756530761719e+01 6.031217575073242188e+00 2.530046234130859375e+02 3.325629234313964844e+00 3.085845756530761719e+01 6.031217575073242188e+00 2.530046234130859375e+02
1.200000000000000000e+04 4.066557884216308594e+00 3.304927825927734375e+01 5.367792129516601562e+00 2.399429931640625000e+02 4.066557884216308594e+00 3.304927825927734375e+01 5.367792129516601562e+00 2.399429931640625000e+02
1.300000000000000000e+04 5.385638236999511719e+00 3.442953109741210938e+01 4.845930576324462891e+00 2.255769500732421875e+02 5.385638236999511719e+00 3.442953109741210938e+01 4.845930576324462891e+00 2.255769500732421875e+02
1.400000000000000000e+04 6.993875980377197266e+00 3.530014419555664062e+01 4.457306385040283203e+00 2.101672821044921875e+02 6.993875980377197266e+00 3.530014419555664062e+01 4.457306385040283203e+00 2.101672821044921875e+02
1.500000000000000000e+04 7.781829833984375000e+00 3.625393295288085938e+01 4.346897602081298828e+00 1.909780273437500000e+02 7.781829833984375000e+00 3.625393295288085938e+01 4.346897602081298828e+00 1.909780273437500000e+02
1.600000000000000000e+04 9.598135948181152344e+00 3.600569915771484375e+01 3.962890386581420898e+00 1.655828552246093750e+02 9.598135948181152344e+00 3.600569915771484375e+01 3.962890386581420898e+00 1.655828552246093750e+02
1.700000000000000000e+04 1.202073860168457031e+01 3.348651504516601562e+01 3.514666080474853516e+00 1.364966735839843750e+02 1.202073860168457031e+01 3.348651504516601562e+01 3.514666080474853516e+00 1.364966735839843750e+02
1.800000000000000000e+04 1.541931343078613281e+01 2.680804634094238281e+01 3.016793727874755859e+00 9.962651062011718750e+01 1.541931343078613281e+01 2.680804634094238281e+01 3.016793727874755859e+00 9.962651062011718750e+01
1.900000000000000000e+04 1.654981994628906250e+01 1.705608558654785156e+01 2.470784664154052734e+00 5.525166702270507812e+01 1.654981994628906250e+01 1.705608558654785156e+01 2.470784664154052734e+00 5.525166702270507812e+01
2.000000000000000000e+04 1.824042320251464844e+01 1.068747329711914062e+01 2.243896722793579102e+00 2.324523353576660156e+01 1.824042320251464844e+01 1.068747329711914062e+01 2.243896722793579102e+00 2.324523353576660156e+01
