# step, loss_train, loss_test, metrics_test
0.000000000000000000e+00 1.801231056451797485e-01 3.170137405395507812e+01 2.218295654296875000e+03 1.190523834228515625e+02 1.801231056451797485e-01 3.170137405395507812e+01 2.218295654296875000e+03 1.190523834228515625e+02
1.000000000000000000e+03 1.743912994861602783e-01 3.117779731750488281e+00 3.883275091648101807e-01 1.035040359497070312e+02 1.743912994861602783e-01 3.117779731750488281e+00 3.883275091648101807e-01 1.035040359497070312e+02
2.000000000000000000e+03 7.717031836509704590e-01 2.533584833145141602e+00 5.869699120521545410e-01 1.024220962524414062e+02 7.717031836509704590e-01 2.533584833145141602e+00 5.869699120521545410e-01 1.024220962524414062e+02
3.000000000000000000e+03 1.630471825599670410e+00 4.351609706878662109e+00 9.343999624252319336e-01 9.602824401855468750e+01 1.630471825599670410e+00 4.351609706878662109e+00 9.343999624252319336e-01 9.602824401855468750e+01
4.000000000000000000e+03 1.581779327392578125e+02 1.655143356323242188e+01 6.738320312500000000e+02 1.155169982910156250e+02 1.581779327392578125e+02 1.655143356323242188e+01 6.738320312500000000e+02 1.155169982910156250e+02
5.000000000000000000e+03 2.141406555175781250e+02 2.250852203369140625e+01 6.379317016601562500e+02 1.178186645507812500e+02 2.141406555175781250e+02 2.250852203369140625e+01 6.379317016601562500e+02 1.178186645507812500e+02
6.000000000000000000e+03 1.352035980224609375e+02 1.624561691284179688e+01 5.879516601562500000e+02 1.156828002929687500e+02 1.352035980224609375e+02 1.624561691284179688e+01 5.879516601562500000e+02 1.156828002929687500e+02
7.000000000000000000e+03 1.983558349609375000e+03 1.653982925415039062e+01 1.068704833984375000e+03 1.140273056030273438e+02 1.983558349609375000e+03 1.653982925415039062e+01 1.068704833984375000e+03 1.140273056030273438e+02
8.000000000000000000e+03 6.563422393798828125e+01 1.553812885284423828e+01 5.540313720703125000e+02 1.150279464721679688e+02 6.563422393798828125e+01 1.553812885284423828e+01 5.540313720703125000e+02 1.150279464721679688e+02
9.000000000000000000e+03 7.276808929443359375e+01 1.534738826751708984e+01 4.875309753417968750e+02 1.152786102294921875e+02 7.276808929443359375e+01 1.534738826751708984e+01 4.875309753417968750e+02 1.152786102294921875e+02
1.000000000000000000e+04 7.100348663330078125e+01 1.572261047363281250e+01 4.423571777343750000e+02 1.158238983154296875e+02 7.100348663330078125e+01 1.572261047363281250e+01 4.423571777343750000e+02 1.158238983154296875e+02
1.100000000000000000e+04 6.405141448974609375e+01 1.619442939758300781e+01 4.189210815429687500e+02 1.163369598388671875e+02 6.405141448974609375e+01 1.619442939758300781e+01 4.189210815429687500e+02 1.163369598388671875e+02
1.200000000000000000e+04 5.578289413452148438e+01 1.685343551635742188e+01 4.040262145996093750e+02 1.168068466186523438e+02 5.578289413452148438e+01 1.685343551635742188e+01 4.040262145996093750e+02 1.168068466186523438e+02
1.300000000000000000e+04 4.482709121704101562e+01 1.791676330566406250e+01 3.878583374023437500e+02 1.174867401123046875e+02 4.482709121704101562e+01 1.791676330566406250e+01 3.878583374023437500e+02 1.174867401123046875e+02
1.400000000000000000e+04 3.597923660278320312e+01 1.983916854858398438e+01 3.623751525878906250e+02 1.184700164794921875e+02 3.597923660278320312e+01 1.983916854858398438e+01 3.623751525878906250e+02 1.184700164794921875e+02
1.500000000000000000e+04 3.421020889282226562e+01 2.379737854003906250e+01 3.196882019042968750e+02 1.199313659667968750e+02 3.421020889282226562e+01 2.379737854003906250e+01 3.196882019042968750e+02 1.199313659667968750e+02
1.600000000000000000e+04 3.654560852050781250e+01 2.685505104064941406e+01 2.795657043457031250e+02 1.209421234130859375e+02 3.654560852050781250e+01 2.685505104064941406e+01 2.795657043457031250e+02 1.209421234130859375e+02
1.700000000000000000e+04 4.750011062622070312e+01 2.620116043090820312e+01 2.191299896240234375e+02 1.203387603759765625e+02 4.750011062622070312e+01 2.620116043090820312e+01 2.191299896240234375e+02 1.203387603759765625e+02
1.800000000000000000e+04 5.389134000000000000e+06 4.510876562500000000e+04 1.277256625000000000e+06 1.285278027343750000e+04 5.389134000000000000e+06 4.510876562500000000e+04 1.277256625000000000e+06 1.285278027343750000e+04
1.900000000000000000e+04 4.561521875000000000e+05 7.397902221679687500e+02 1.781105078125000000e+04 6.703348999023437500e+02 4.561521875000000000e+05 7.397902221679687500e+02 1.781105078125000000e+04 6.703348999023437500e+02
2.000000000000000000e+04 2.551475937500000000e+05 4.449075317382812500e+02 1.097102343750000000e+04 4.161212463378906250e+02 2.551475937500000000e+05 4.449075317382812500e+02 1.097102343750000000e+04 4.161212463378906250e+02
