# step, loss_train, loss_test, metrics_test
0.000000000000000000e+00 0.000000000000000000e+00 3.865826034545898438e+01 4.461066406250000000e+03 4.670657653808593750e+02 0.000000000000000000e+00 3.865826034545898438e+01 4.461066406250000000e+03 4.670657653808593750e+02
1.000000000000000000e+03 0.000000000000000000e+00 3.867256164550781250e+01 3.812701463699340820e+00 1.464776916503906250e+02 0.000000000000000000e+00 3.867256164550781250e+01 3.812701463699340820e+00 1.464776916503906250e+02
2.000000000000000000e+03 0.000000000000000000e+00 2.320077896118164062e+01 4.270144462585449219e+00 5.921834564208984375e+01 0.000000000000000000e+00 2.320077896118164062e+01 4.270144462585449219e+00 5.921834564208984375e+01
3.000000000000000000e+03 0.000000000000000000e+00 7.651220321655273438e+00 1.499736428260803223e+00 3.450320434570312500e+01 0.000000000000000000e+00 7.651220321655273438e+00 1.499736428260803223e+00 3.450320434570312500e+01
4.000000000000000000e+03 0.000000000000000000e+00 1.214455127716064453e+00 1.701981902122497559e+00 2.280252838134765625e+01 0.000000000000000000e+00 1.214455127716064453e+00 1.701981902122497559e+00 2.280252838134765625e+01
5.000000000000000000e+03 0.000000000000000000e+00 3.648679852485656738e-01 1.469989866018295288e-01 1.675392150878906250e+01 0.000000000000000000e+00 3.648679852485656738e-01 1.469989866018295288e-01 1.675392150878906250e+01
6.000000000000000000e+03 0.000000000000000000e+00 1.724211275577545166e-01 3.658501058816909790e-02 1.362881183624267578e+01 0.000000000000000000e+00 1.724211275577545166e-01 3.658501058816909790e-02 1.362881183624267578e+01
7.000000000000000000e+03 0.000000000000000000e+00 9.818903356790542603e-02 1.469113212078809738e-02 1.100453186035156250e+01 0.000000000000000000e+00 9.818903356790542603e-02 1.469113212078809738e-02 1.100453186035156250e+01
8.000000000000000000e+03 0.000000000000000000e+00 7.194241881370544434e-02 9.283223003149032593e-02 8.793262481689453125e+00 0.000000000000000000e+00 7.194241881370544434e-02 9.283223003149032593e-02 8.793262481689453125e+00
9.000000000000000000e+03 0.000000000000000000e+00 4.815825819969177246e-02 1.757765375077724457e-02 7.283712387084960938e+00 0.000000000000000000e+00 4.815825819969177246e-02 1.757765375077724457e-02 7.283712387084960938e+00
1.000000000000000000e+04 0.000000000000000000e+00 2.934306859970092773e-02 1.201090868562459946e-02 6.245645046234130859e+00 0.000000000000000000e+00 2.934306859970092773e-02 1.201090868562459946e-02 6.245645046234130859e+00
1.100000000000000000e+04 0.000000000000000000e+00 1.496370043605566025e-02 9.391652420163154602e-03 5.402976989746093750e+00 0.000000000000000000e+00 1.496370043605566025e-02 9.391652420163154602e-03 5.402976989746093750e+00
1.200000000000000000e+04 0.000000000000000000e+00 1.030055060982704163e-02 9.473078884184360504e-03 4.665132522583007812e+00 0.000000000000000000e+00 1.030055060982704163e-02 9.473078884184360504e-03 4.665132522583007812e+00
1.300000000000000000e+04 0.000000000000000000e+00 6.067153532058000565e-03 7.192412856966257095e-03 3.982141733169555664e+00 0.000000000000000000e+00 6.067153532058000565e-03 7.192412856966257095e-03 3.982141733169555664e+00
1.400000000000000000e+04 0.000000000000000000e+00 4.256964661180973053e-03 5.165130831301212311e-03 3.387696504592895508e+00 0.000000000000000000e+00 4.256964661180973053e-03 5.165130831301212311e-03 3.387696504592895508e+00
1.500000000000000000e+04 0.000000000000000000e+00 3.348739352077245712e-03 3.752121003344655037e-03 2.899989366531372070e+00 0.000000000000000000e+00 3.348739352077245712e-03 3.752121003344655037e-03 2.899989366531372070e+00
1.600000000000000000e+04 0.000000000000000000e+00 3.129625227302312851e-03 2.647061366587877274e-03 2.521418333053588867e+00 0.000000000000000000e+00 3.129625227302312851e-03 2.647061366587877274e-03 2.521418333053588867e+00
1.700000000000000000e+04 0.000000000000000000e+00 3.068201243877410889e-03 1.862105331383645535e-03 2.228103160858154297e+00 0.000000000000000000e+00 3.068201243877410889e-03 1.862105331383645535e-03 2.228103160858154297e+00
1.800000000000000000e+04 0.000000000000000000e+00 5.797737278044223785e-03 6.383127998560667038e-03 2.014160871505737305e+00 0.000000000000000000e+00 5.797737278044223785e-03 6.383127998560667038e-03 2.014160871505737305e+00
1.900000000000000000e+04 0.000000000000000000e+00 8.154850453138351440e-03 5.830856785178184509e-02 1.853895545005798340e+00 0.000000000000000000e+00 8.154850453138351440e-03 5.830856785178184509e-02 1.853895545005798340e+00
2.000000000000000000e+04 0.000000000000000000e+00 3.118621418252587318e-03 7.809080416336655617e-04 1.707604765892028809e+00 0.000000000000000000e+00 3.118621418252587318e-03 7.809080416336655617e-04 1.707604765892028809e+00
