# step, loss_train, loss_test, metrics_test
0.000000000000000000e+00 7.174585723876953125e+01 3.176991081237792969e+01 2.914203613281250000e+03 3.878140869140625000e+02 7.174585723876953125e+01 3.176991081237792969e+01 2.914203613281250000e+03 3.878140869140625000e+02
1.000000000000000000e+03 2.101196594238281250e+02 3.999252557754516602e+00 1.263282966613769531e+01 1.607762298583984375e+02 2.101196594238281250e+02 3.999252557754516602e+00 1.263282966613769531e+01 1.607762298583984375e+02
2.000000000000000000e+03 3.019747924804687500e+01 9.794796705245971680e-01 1.262325286865234375e+00 3.394034194946289062e+01 3.019747924804687500e+01 9.794796705245971680e-01 1.262325286865234375e+00 3.394034194946289062e+01
3.000000000000000000e+03 1.982748222351074219e+01 4.447204768657684326e-01 6.316847801208496094e+00 1.347182273864746094e+01 1.982748222351074219e+01 4.447204768657684326e-01 6.316847801208496094e+00 1.347182273864746094e+01
4.000000000000000000e+03 1.301957702636718750e+01 9.422810375690460205e-02 1.098382830619812012e+00 6.726377010345458984e+00 1.301957702636718750e+01 9.422810375690460205e-02 1.098382830619812012e+00 6.726377010345458984e+00
5.000000000000000000e+03 1.254368972778320312e+01 4.491642117500305176e-02 1.590197563171386719e+00 4.866059780120849609e+00 1.254368972778320312e+01 4.491642117500305176e-02 1.590197563171386719e+00 4.866059780120849609e+00
6.000000000000000000e+03 1.911972427368164062e+01 1.471688747406005859e-01 3.868273973464965820e+00 5.790931224822998047e+00 1.911972427368164062e+01 1.471688747406005859e-01 3.868273973464965820e+00 5.790931224822998047e+00
7.000000000000000000e+03 9.914097785949707031e+00 1.656899042427539825e-02 5.044067859649658203e+00 2.620565652847290039e+00 9.914097785949707031e+00 1.656899042427539825e-02 5.044067859649658203e+00 2.620565652847290039e+00
8.000000000000000000e+03 8.987665176391601562e+00 2.142761275172233582e-02 4.636899471282958984e+00 2.206531763076782227e+00 8.987665176391601562e+00 2.142761275172233582e-02 4.636899471282958984e+00 2.206531763076782227e+00
9.000000000000000000e+03 4.497700691223144531e+00 4.934291914105415344e-02 1.196207523345947266e+00 1.940403342247009277e+00 4.497700691223144531e+00 4.934291914105415344e-02 1.196207523345947266e+00 1.940403342247009277e+00
1.000000000000000000e+04 6.856382846832275391e+00 4.418638348579406738e-02 2.003396511077880859e+00 2.225467920303344727e+00 6.856382846832275391e+00 4.418638348579406738e-02 2.003396511077880859e+00 2.225467920303344727e+00
1.100000000000000000e+04 6.437365531921386719e+00 5.143382772803306580e-02 1.167734384536743164e+00 1.439481377601623535e+00 6.437365531921386719e+00 5.143382772803306580e-02 1.167734384536743164e+00 1.439481377601623535e+00
1.200000000000000000e+04 4.595582008361816406e+00 1.631871052086353302e-02 1.329276323318481445e+00 9.710793495178222656e-01 4.595582008361816406e+00 1.631871052086353302e-02 1.329276323318481445e+00 9.710793495178222656e-01
1.300000000000000000e+04 6.873599529266357422e+00 3.978202342987060547e-01 4.279785156250000000e+00 1.071629762649536133e+00 6.873599529266357422e+00 3.978202342987060547e-01 4.279785156250000000e+00 1.071629762649536133e+00
1.400000000000000000e+04 3.457295417785644531e+00 1.253187060356140137e-01 8.422452211380004883e-01 1.603682160377502441e+00 3.457295417785644531e+00 1.253187060356140137e-01 8.422452211380004883e-01 1.603682160377502441e+00
1.500000000000000000e+04 2.494624853134155273e+00 1.070523168891668320e-02 1.113493800163269043e+00 7.673324942588806152e-01 2.494624853134155273e+00 1.070523168891668320e-02 1.113493800163269043e+00 7.673324942588806152e-01
1.600000000000000000e+04 2.809587478637695312e+00 2.201277203857898712e-02 2.663049936294555664e+00 9.424899220466613770e-01 2.809587478637695312e+00 2.201277203857898712e-02 2.663049936294555664e+00 9.424899220466613770e-01
1.700000000000000000e+04 6.404646873474121094e+00 1.382258087396621704e-01 7.350620031356811523e-01 8.654319047927856445e-01 6.404646873474121094e+00 1.382258087396621704e-01 7.350620031356811523e-01 8.654319047927856445e-01
1.800000000000000000e+04 3.317598342895507812e+00 5.750921554863452911e-03 1.776250004768371582e+00 8.350166082382202148e-01 3.317598342895507812e+00 5.750921554863452911e-03 1.776250004768371582e+00 8.350166082382202148e-01
1.900000000000000000e+04 2.323521137237548828e+00 7.405929733067750931e-03 1.324646711349487305e+00 6.419891119003295898e-01 2.323521137237548828e+00 7.405929733067750931e-03 1.324646711349487305e+00 6.419891119003295898e-01
2.000000000000000000e+04 2.924213409423828125e+00 2.769851125776767731e-02 6.123133897781372070e-01 4.752928614616394043e-01 2.924213409423828125e+00 2.769851125776767731e-02 6.123133897781372070e-01 4.752928614616394043e-01
