# step, loss_train, loss_test, metrics_test
0.000000000000000000e+00 1.066621093750000000e+05 1.128402786254882812e+02 7.584311035156250000e+03 7.938729248046875000e+02 1.066621093750000000e+05 1.128402786254882812e+02 7.584311035156250000e+03 7.938729248046875000e+02
1.000000000000000000e+03 4.379656982421875000e+02 3.364085006713867188e+01 2.618273010253906250e+02 4.166853637695312500e+02 4.379656982421875000e+02 3.364085006713867188e+01 2.618273010253906250e+02 4.166853637695312500e+02
2.000000000000000000e+03 2.240265045166015625e+02 3.607055664062500000e+01 4.816502380371093750e+01 4.151253967285156250e+02 2.240265045166015625e+02 3.607055664062500000e+01 4.816502380371093750e+01 4.151253967285156250e+02
3.000000000000000000e+03 1.151375961303710938e+02 3.309362030029296875e+01 1.645803451538085938e+01 4.089275817871093750e+02 1.151375961303710938e+02 3.309362030029296875e+01 1.645803451538085938e+01 4.089275817871093750e+02
4.000000000000000000e+03 6.984569549560546875e+01 2.978792953491210938e+01 5.809638023376464844e+00 3.988127441406250000e+02 6.984569549560546875e+01 2.978792953491210938e+01 5.809638023376464844e+00 3.988127441406250000e+02
5.000000000000000000e+03 4.761063766479492188e+01 2.360573005676269531e+01 3.455981731414794922e+00 3.877449035644531250e+02 4.761063766479492188e+01 2.360573005676269531e+01 3.455981731414794922e+00 3.877449035644531250e+02
6.000000000000000000e+03 3.125491523742675781e+01 1.592699337005615234e+01 1.651838183403015137e+00 3.747505798339843750e+02 3.125491523742675781e+01 1.592699337005615234e+01 1.651838183403015137e+00 3.747505798339843750e+02
7.000000000000000000e+03 2.280401420593261719e+01 1.153559494018554688e+01 1.226309180259704590e+00 3.607379150390625000e+02 2.280401420593261719e+01 1.153559494018554688e+01 1.226309180259704590e+00 3.607379150390625000e+02
8.000000000000000000e+03 1.742483711242675781e+01 1.043967437744140625e+01 5.891804099082946777e-01 3.399442138671875000e+02 1.742483711242675781e+01 1.043967437744140625e+01 5.891804099082946777e-01 3.399442138671875000e+02
9.000000000000000000e+03 2.042170715332031250e+01 1.116595458984375000e+01 1.030898332595825195e+00 3.086147460937500000e+02 2.042170715332031250e+01 1.116595458984375000e+01 1.030898332595825195e+00 3.086147460937500000e+02
1.000000000000000000e+04 2.998133468627929688e+01 1.245629501342773438e+01 1.399121642112731934e+00 2.479008789062500000e+02 2.998133468627929688e+01 1.245629501342773438e+01 1.399121642112731934e+00 2.479008789062500000e+02
1.100000000000000000e+04 3.664004898071289062e+01 1.234715843200683594e+01 2.632357120513916016e+00 1.900692596435546875e+02 3.664004898071289062e+01 1.234715843200683594e+01 2.632357120513916016e+00 1.900692596435546875e+02
1.200000000000000000e+04 4.453372573852539062e+01 1.003786087036132812e+01 6.128488063812255859e+00 1.396728210449218750e+02 4.453372573852539062e+01 1.003786087036132812e+01 6.128488063812255859e+00 1.396728210449218750e+02
1.300000000000000000e+04 5.009283828735351562e+01 7.978698730468750000e+00 5.719272136688232422e+00 1.018670196533203125e+02 5.009283828735351562e+01 7.978698730468750000e+00 5.719272136688232422e+00 1.018670196533203125e+02
1.400000000000000000e+04 5.058097076416015625e+01 4.671068668365478516e+00 8.106984496116638184e-01 8.127678680419921875e+01 5.058097076416015625e+01 4.671068668365478516e+00 8.106984496116638184e-01 8.127678680419921875e+01
1.500000000000000000e+04 4.842806243896484375e+01 2.979411125183105469e+00 2.874627590179443359e+00 6.434253692626953125e+01 4.842806243896484375e+01 2.979411125183105469e+00 2.874627590179443359e+00 6.434253692626953125e+01
1.600000000000000000e+04 4.612365722656250000e+01 2.737157344818115234e+00 1.047273635864257812e+00 5.110337066650390625e+01 4.612365722656250000e+01 2.737157344818115234e+00 1.047273635864257812e+00 5.110337066650390625e+01
1.700000000000000000e+04 4.168807983398437500e+01 1.877634406089782715e+00 3.687684297561645508e+00 4.193250274658203125e+01 4.168807983398437500e+01 1.877634406089782715e+00 3.687684297561645508e+00 4.193250274658203125e+01
1.800000000000000000e+04 3.930409240722656250e+01 1.621198773384094238e+00 4.758412837982177734e+00 3.401083755493164062e+01 3.930409240722656250e+01 1.621198773384094238e+00 4.758412837982177734e+00 3.401083755493164062e+01
1.900000000000000000e+04 3.680896759033203125e+01 1.610218405723571777e+00 5.052350997924804688e+00 3.009699630737304688e+01 3.680896759033203125e+01 1.610218405723571777e+00 5.052350997924804688e+00 3.009699630737304688e+01
2.000000000000000000e+04 3.507414245605468750e+01 1.181571245193481445e+00 1.647665649652481079e-01 2.498181533813476562e+01 3.507414245605468750e+01 1.181571245193481445e+00 1.647665649652481079e-01 2.498181533813476562e+01
