# step, loss_train, loss_test, metrics_test
0.000000000000000000e+00 0.000000000000000000e+00 5.668743133544921875e+01 1.820632812500000000e+04 3.502687988281250000e+02 0.000000000000000000e+00 5.668743133544921875e+01 1.820632812500000000e+04 3.502687988281250000e+02
1.000000000000000000e+03 0.000000000000000000e+00 2.705259132385253906e+01 1.519779205322265625e+00 2.047954406738281250e+02 0.000000000000000000e+00 2.705259132385253906e+01 1.519779205322265625e+00 2.047954406738281250e+02
2.000000000000000000e+03 0.000000000000000000e+00 1.475877380371093750e+01 2.448298339843750000e+03 3.118837585449218750e+02 0.000000000000000000e+00 1.475877380371093750e+01 2.448298339843750000e+03 3.118837585449218750e+02
3.000000000000000000e+03 0.000000000000000000e+00 1.475878715515136719e+01 2.448298339843750000e+03 3.118837585449218750e+02 0.000000000000000000e+00 1.475878715515136719e+01 2.448298339843750000e+03 3.118837585449218750e+02
4.000000000000000000e+03 0.000000000000000000e+00 1.475879764556884766e+01 2.448298583984375000e+03 3.118837890625000000e+02 0.000000000000000000e+00 1.475879764556884766e+01 2.448298583984375000e+03 3.118837890625000000e+02
5.000000000000000000e+03 0.000000000000000000e+00 1.475879764556884766e+01 2.448298583984375000e+03 3.118837890625000000e+02 0.000000000000000000e+00 1.475879764556884766e+01 2.448298583984375000e+03 3.118837890625000000e+02
6.000000000000000000e+03 0.000000000000000000e+00 1.475879764556884766e+01 2.448298583984375000e+03 3.118837890625000000e+02 0.000000000000000000e+00 1.475879764556884766e+01 2.448298583984375000e+03 3.118837890625000000e+02
7.000000000000000000e+03 0.000000000000000000e+00 1.475879764556884766e+01 2.448298583984375000e+03 3.118837890625000000e+02 0.000000000000000000e+00 1.475879764556884766e+01 2.448298583984375000e+03 3.118837890625000000e+02
8.000000000000000000e+03 0.000000000000000000e+00 1.475879764556884766e+01 2.448298583984375000e+03 3.118837890625000000e+02 0.000000000000000000e+00 1.475879764556884766e+01 2.448298583984375000e+03 3.118837890625000000e+02
9.000000000000000000e+03 0.000000000000000000e+00 1.475879764556884766e+01 2.448298583984375000e+03 3.118837890625000000e+02 0.000000000000000000e+00 1.475879764556884766e+01 2.448298583984375000e+03 3.118837890625000000e+02
1.000000000000000000e+04 0.000000000000000000e+00 1.475879764556884766e+01 2.448298583984375000e+03 3.118837890625000000e+02 0.000000000000000000e+00 1.475879764556884766e+01 2.448298583984375000e+03 3.118837890625000000e+02
1.100000000000000000e+04 0.000000000000000000e+00 1.475879764556884766e+01 2.448298583984375000e+03 3.118837890625000000e+02 0.000000000000000000e+00 1.475879764556884766e+01 2.448298583984375000e+03 3.118837890625000000e+02
1.200000000000000000e+04 0.000000000000000000e+00 1.475831031799316406e+01 2.448299316406250000e+03 3.118833618164062500e+02 0.000000000000000000e+00 1.475831031799316406e+01 2.448299316406250000e+03 3.118833618164062500e+02
1.300000000000000000e+04 0.000000000000000000e+00 1.369694900512695312e+01 2.458016113281250000e+03 3.109487304687500000e+02 0.000000000000000000e+00 1.369694900512695312e+01 2.458016113281250000e+03 3.109487304687500000e+02
1.400000000000000000e+04 0.000000000000000000e+00 1.475737094879150391e+01 2.448301025390625000e+03 3.118825378417968750e+02 0.000000000000000000e+00 1.475737094879150391e+01 2.448301025390625000e+03 3.118825378417968750e+02
1.500000000000000000e+04 0.000000000000000000e+00 1.498349380493164062e+01 2.448175048828125000e+03 3.120823974609375000e+02 0.000000000000000000e+00 1.498349380493164062e+01 2.448175048828125000e+03 3.120823974609375000e+02
1.600000000000000000e+04 0.000000000000000000e+00 1.476139354705810547e+01 2.448293457031250000e+03 3.118860473632812500e+02 0.000000000000000000e+00 1.476139354705810547e+01 2.448293457031250000e+03 3.118860473632812500e+02
1.700000000000000000e+04 0.000000000000000000e+00 1.478240203857421875e+01 2.448257568359375000e+03 3.119046325683593750e+02 0.000000000000000000e+00 1.478240203857421875e+01 2.448257568359375000e+03 3.119046325683593750e+02
1.800000000000000000e+04 0.000000000000000000e+00 1.464081192016601562e+01 2.448606201171875000e+03 3.117795715332031250e+02 0.000000000000000000e+00 1.464081192016601562e+01 2.448606201171875000e+03 3.117795715332031250e+02
1.900000000000000000e+04 0.000000000000000000e+00 1.475893688201904297e+01 2.448298095703125000e+03 3.118838806152343750e+02 0.000000000000000000e+00 1.475893688201904297e+01 2.448298095703125000e+03 3.118838806152343750e+02
2.000000000000000000e+04 0.000000000000000000e+00 1.475998783111572266e+01 2.448295898437500000e+03 3.118848266601562500e+02 0.000000000000000000e+00 1.475998783111572266e+01 2.448295898437500000e+03 3.118848266601562500e+02
