# step, loss_train, loss_test, metrics_test
0.000000000000000000e+00 2.448154830932617188e+01 2.172640800476074219e+01 1.965982971191406250e+02 1.166445312500000000e+02 2.448154830932617188e+01 2.172640800476074219e+01 1.965982971191406250e+02 1.166445312500000000e+02
1.000000000000000000e+03 7.285115242004394531e+00 1.400491046905517578e+01 4.165039062500000000e+01 1.128469161987304688e+02 7.285115242004394531e+00 1.400491046905517578e+01 4.165039062500000000e+01 1.128469161987304688e+02
2.000000000000000000e+03 5.073758125305175781e+00 1.422373294830322266e+01 4.004803085327148438e+01 1.128611984252929688e+02 5.073758125305175781e+00 1.422373294830322266e+01 4.004803085327148438e+01 1.128611984252929688e+02
3.000000000000000000e+03 6.616697311401367188e+00 1.380700492858886719e+01 4.009176254272460938e+01 1.127694244384765625e+02 6.616697311401367188e+00 1.380700492858886719e+01 4.009176254272460938e+01 1.127694244384765625e+02
4.000000000000000000e+03 2.986574172973632812e+00 1.419932842254638672e+01 3.667855072021484375e+01 1.127275238037109375e+02 2.986574172973632812e+00 1.419932842254638672e+01 3.667855072021484375e+01 1.127275238037109375e+02
5.000000000000000000e+03 3.717099905014038086e+00 1.415018081665039062e+01 3.719219207763671875e+01 1.128343734741210938e+02 3.717099905014038086e+00 1.415018081665039062e+01 3.719219207763671875e+01 1.128343734741210938e+02
6.000000000000000000e+03 3.314830780029296875e+00 1.394620037078857422e+01 3.647428512573242188e+01 1.126228332519531250e+02 3.314830780029296875e+00 1.394620037078857422e+01 3.647428512573242188e+01 1.126228332519531250e+02
7.000000000000000000e+03 2.811295032501220703e+00 1.322983741760253906e+01 3.197558212280273438e+01 1.111195831298828125e+02 2.811295032501220703e+00 1.322983741760253906e+01 3.197558212280273438e+01 1.111195831298828125e+02
8.000000000000000000e+03 3.954180240631103516e+00 1.139230346679687500e+01 2.069721031188964844e+01 1.078529052734375000e+02 3.954180240631103516e+00 1.139230346679687500e+01 2.069721031188964844e+01 1.078529052734375000e+02
9.000000000000000000e+03 2.239808797836303711e+00 1.088595867156982422e+01 1.566123008728027344e+01 1.064785156250000000e+02 2.239808797836303711e+00 1.088595867156982422e+01 1.566123008728027344e+01 1.064785156250000000e+02
1.000000000000000000e+04 1.492348790168762207e+00 1.025212192535400391e+01 2.006342315673828125e+01 1.066140594482421875e+02 1.492348790168762207e+00 1.025212192535400391e+01 2.006342315673828125e+01 1.066140594482421875e+02
1.100000000000000000e+04 2.142053604125976562e+00 8.966991424560546875e+00 1.739495849609375000e+01 1.027232818603515625e+02 2.142053604125976562e+00 8.966991424560546875e+00 1.739495849609375000e+01 1.027232818603515625e+02
1.200000000000000000e+04 2.968977212905883789e+00 6.738172054290771484e+00 1.435635471343994141e+01 1.022324676513671875e+02 2.968977212905883789e+00 6.738172054290771484e+00 1.435635471343994141e+01 1.022324676513671875e+02
1.300000000000000000e+04 2.188960075378417969e+00 4.195780754089355469e+00 6.561580657958984375e+00 1.009990386962890625e+02 2.188960075378417969e+00 4.195780754089355469e+00 6.561580657958984375e+00 1.009990386962890625e+02
1.400000000000000000e+04 2.730376308981760000e+14 5.309766696960000000e+11 4.548148592640000000e+12 3.513320079360000000e+11 2.730376308981760000e+14 5.309766696960000000e+11 4.548148592640000000e+12 3.513320079360000000e+11
1.500000000000000000e+04 2.044164250000000000e+06 6.103191406250000000e+04 1.714731093750000000e+05 1.822452343750000000e+04 2.044164250000000000e+06 6.103191406250000000e+04 1.714731093750000000e+05 1.822452343750000000e+04
1.600000000000000000e+04 1.216923671875000000e+05 8.433028125000000000e+04 2.895359062500000000e+05 2.876908203125000000e+04 1.216923671875000000e+05 8.433028125000000000e+04 2.895359062500000000e+05 2.876908203125000000e+04
1.700000000000000000e+04 1.991601367187500000e+04 1.631973125000000000e+05 5.707996875000000000e+05 5.394664453125000000e+04 1.991601367187500000e+04 1.631973125000000000e+05 5.707996875000000000e+05 5.394664453125000000e+04
1.800000000000000000e+04 1.243401093750000000e+05 8.162725000000000000e+04 2.780269375000000000e+05 2.772478710937500000e+04 1.243401093750000000e+05 8.162725000000000000e+04 2.780269375000000000e+05 2.772478710937500000e+04
1.900000000000000000e+04 1.258378671875000000e+05 8.014999218750000000e+04 2.717115625000000000e+05 2.715153515625000000e+04 1.258378671875000000e+05 8.014999218750000000e+04 2.717115625000000000e+05 2.715153515625000000e+04
2.000000000000000000e+04 1.269864062500000000e+05 7.845679687500000000e+04 2.648387500000000000e+05 2.650165429687500000e+04 1.269864062500000000e+05 7.845679687500000000e+04 2.648387500000000000e+05 2.650165429687500000e+04
