# step, loss_train, loss_test, metrics_test
0.000000000000000000e+00 1.452038574218750000e+04 5.792674255371093750e+01 8.372770996093750000e+02 4.409474792480468750e+02 1.452038574218750000e+04 5.792674255371093750e+01 8.372770996093750000e+02 4.409474792480468750e+02
1.000000000000000000e+03 2.862859344482421875e+01 2.476692962646484375e+01 1.249657287597656250e+02 4.181849365234375000e+02 2.862859344482421875e+01 2.476692962646484375e+01 1.249657287597656250e+02 4.181849365234375000e+02
2.000000000000000000e+03 1.061083221435546875e+01 2.494841384887695312e+01 1.128295516967773438e+02 4.171654357910156250e+02 1.061083221435546875e+01 2.494841384887695312e+01 1.128295516967773438e+02 4.171654357910156250e+02
3.000000000000000000e+03 8.495864868164062500e+00 2.632766342163085938e+01 9.561527252197265625e+01 4.135525817871093750e+02 8.495864868164062500e+00 2.632766342163085938e+01 9.561527252197265625e+01 4.135525817871093750e+02
4.000000000000000000e+03 9.580915451049804688e+00 2.985440635681152344e+01 6.274734497070312500e+01 4.059017028808593750e+02 9.580915451049804688e+00 2.985440635681152344e+01 6.274734497070312500e+01 4.059017028808593750e+02
5.000000000000000000e+03 1.033454132080078125e+01 3.721929168701171875e+01 2.356653976440429688e+01 3.952345275878906250e+02 1.033454132080078125e+01 3.721929168701171875e+01 2.356653976440429688e+01 3.952345275878906250e+02
6.000000000000000000e+03 7.431817054748535156e+00 3.921063232421875000e+01 1.130241870880126953e+01 3.879520874023437500e+02 7.431817054748535156e+00 3.921063232421875000e+01 1.130241870880126953e+01 3.879520874023437500e+02
7.000000000000000000e+03 6.226849079132080078e+00 3.611587905883789062e+01 8.512374877929687500e+00 3.842869262695312500e+02 6.226849079132080078e+00 3.611587905883789062e+01 8.512374877929687500e+00 3.842869262695312500e+02
8.000000000000000000e+03 5.349727630615234375e+00 3.175864601135253906e+01 7.008534431457519531e+00 3.814841918945312500e+02 5.349727630615234375e+00 3.175864601135253906e+01 7.008534431457519531e+00 3.814841918945312500e+02
9.000000000000000000e+03 5.031261444091796875e+00 2.725137329101562500e+01 5.666917324066162109e+00 3.794175109863281250e+02 5.031261444091796875e+00 2.725137329101562500e+01 5.666917324066162109e+00 3.794175109863281250e+02
1.000000000000000000e+04 5.272747993469238281e+00 2.299101257324218750e+01 4.657773971557617188e+00 3.773919982910156250e+02 5.272747993469238281e+00 2.299101257324218750e+01 4.657773971557617188e+00 3.773919982910156250e+02
1.100000000000000000e+04 5.016838073730468750e+00 1.940062904357910156e+01 4.217007637023925781e+00 3.749624328613281250e+02 5.016838073730468750e+00 1.940062904357910156e+01 4.217007637023925781e+00 3.749624328613281250e+02
1.200000000000000000e+04 5.106267452239990234e+00 1.724720954895019531e+01 3.839273214340209961e+00 3.716601867675781250e+02 5.106267452239990234e+00 1.724720954895019531e+01 3.839273214340209961e+00 3.716601867675781250e+02
1.300000000000000000e+04 5.468621730804443359e+00 1.627999496459960938e+01 3.609726428985595703e+00 3.662280273437500000e+02 5.468621730804443359e+00 1.627999496459960938e+01 3.609726428985595703e+00 3.662280273437500000e+02
1.400000000000000000e+04 5.991320610046386719e+00 1.659925079345703125e+01 3.355020046234130859e+00 3.588816833496093750e+02 5.991320610046386719e+00 1.659925079345703125e+01 3.355020046234130859e+00 3.588816833496093750e+02
1.500000000000000000e+04 6.869339466094970703e+00 1.776859664916992188e+01 3.274627447128295898e+00 3.500531616210937500e+02 6.869339466094970703e+00 1.776859664916992188e+01 3.274627447128295898e+00 3.500531616210937500e+02
1.600000000000000000e+04 8.151605606079101562e+00 1.916716384887695312e+01 3.129537105560302734e+00 3.393629760742187500e+02 8.151605606079101562e+00 1.916716384887695312e+01 3.129537105560302734e+00 3.393629760742187500e+02
1.700000000000000000e+04 1.089653682708740234e+01 2.025476646423339844e+01 2.947617530822753906e+00 3.255823059082031250e+02 1.089653682708740234e+01 2.025476646423339844e+01 2.947617530822753906e+00 3.255823059082031250e+02
1.800000000000000000e+04 1.506180953979492188e+01 2.084308242797851562e+01 2.746231079101562500e+00 3.099228515625000000e+02 1.506180953979492188e+01 2.084308242797851562e+01 2.746231079101562500e+00 3.099228515625000000e+02
1.900000000000000000e+04 1.989814376831054688e+01 2.131475830078125000e+01 2.596405267715454102e+00 2.913340759277343750e+02 1.989814376831054688e+01 2.131475830078125000e+01 2.596405267715454102e+00 2.913340759277343750e+02
2.000000000000000000e+04 2.635083580017089844e+01 2.093837356567382812e+01 2.678305625915527344e+00 2.718706665039062500e+02 2.635083580017089844e+01 2.093837356567382812e+01 2.678305625915527344e+00 2.718706665039062500e+02
