# step, loss_train, loss_test, metrics_test
0.000000000000000000e+00 1.928347500000000000e+05 0.000000000000000000e+00 5.861191015625000000e+04 0.000000000000000000e+00 1.928347500000000000e+05 0.000000000000000000e+00 5.861191015625000000e+04 0.000000000000000000e+00
1.000000000000000000e+03 4.025764453125000000e+04 0.000000000000000000e+00 1.656556054687500000e+04 0.000000000000000000e+00 4.025764453125000000e+04 0.000000000000000000e+00 1.656556054687500000e+04 0.000000000000000000e+00
2.000000000000000000e+03 8.893129882812500000e+03 0.000000000000000000e+00 3.592050048828125000e+03 0.000000000000000000e+00 8.893129882812500000e+03 0.000000000000000000e+00 3.592050048828125000e+03 0.000000000000000000e+00
3.000000000000000000e+03 4.645764648437500000e+03 0.000000000000000000e+00 1.919612426757812500e+03 0.000000000000000000e+00 4.645764648437500000e+03 0.000000000000000000e+00 1.919612426757812500e+03 0.000000000000000000e+00
4.000000000000000000e+03 3.311216552734375000e+03 0.000000000000000000e+00 1.739101074218750000e+03 0.000000000000000000e+00 3.311216552734375000e+03 0.000000000000000000e+00 1.739101074218750000e+03 0.000000000000000000e+00
5.000000000000000000e+03 2.555028564453125000e+03 0.000000000000000000e+00 1.592575927734375000e+03 0.000000000000000000e+00 2.555028564453125000e+03 0.000000000000000000e+00 1.592575927734375000e+03 0.000000000000000000e+00
6.000000000000000000e+03 2.000645996093750000e+03 0.000000000000000000e+00 1.440229980468750000e+03 0.000000000000000000e+00 2.000645996093750000e+03 0.000000000000000000e+00 1.440229980468750000e+03 0.000000000000000000e+00
7.000000000000000000e+03 1.535627075195312500e+03 0.000000000000000000e+00 1.269544555664062500e+03 0.000000000000000000e+00 1.535627075195312500e+03 0.000000000000000000e+00 1.269544555664062500e+03 0.000000000000000000e+00
8.000000000000000000e+03 1.148666381835937500e+03 0.000000000000000000e+00 1.085390380859375000e+03 0.000000000000000000e+00 1.148666381835937500e+03 0.000000000000000000e+00 1.085390380859375000e+03 0.000000000000000000e+00
9.000000000000000000e+03 8.356867675781250000e+02 0.000000000000000000e+00 8.995179443359375000e+02 0.000000000000000000e+00 8.356867675781250000e+02 0.000000000000000000e+00 8.995179443359375000e+02 0.000000000000000000e+00
1.000000000000000000e+04 5.942030639648437500e+02 0.000000000000000000e+00 7.223315429687500000e+02 0.000000000000000000e+00 5.942030639648437500e+02 0.000000000000000000e+00 7.223315429687500000e+02 0.000000000000000000e+00
1.100000000000000000e+04 4.188048400878906250e+02 0.000000000000000000e+00 5.603978881835937500e+02 0.000000000000000000e+00 4.188048400878906250e+02 0.000000000000000000e+00 5.603978881835937500e+02 0.000000000000000000e+00
1.200000000000000000e+04 2.971777343750000000e+02 0.000000000000000000e+00 4.176241455078125000e+02 0.000000000000000000e+00 2.971777343750000000e+02 0.000000000000000000e+00 4.176241455078125000e+02 0.000000000000000000e+00
1.300000000000000000e+04 2.137166900634765625e+02 0.000000000000000000e+00 2.965967102050781250e+02 0.000000000000000000e+00 2.137166900634765625e+02 0.000000000000000000e+00 2.965967102050781250e+02 0.000000000000000000e+00
1.400000000000000000e+04 1.550211944580078125e+02 0.000000000000000000e+00 1.991890869140625000e+02 0.000000000000000000e+00 1.550211944580078125e+02 0.000000000000000000e+00 1.991890869140625000e+02 0.000000000000000000e+00
1.500000000000000000e+04 1.128161926269531250e+02 0.000000000000000000e+00 1.253140258789062500e+02 0.000000000000000000e+00 1.128161926269531250e+02 0.000000000000000000e+00 1.253140258789062500e+02 0.000000000000000000e+00
1.600000000000000000e+04 8.214350891113281250e+01 0.000000000000000000e+00 7.354354858398437500e+01 0.000000000000000000e+00 8.214350891113281250e+01 0.000000000000000000e+00 7.354354858398437500e+01 0.000000000000000000e+00
1.700000000000000000e+04 5.903016662597656250e+01 0.000000000000000000e+00 4.154169845581054688e+01 0.000000000000000000e+00 5.903016662597656250e+01 0.000000000000000000e+00 4.154169845581054688e+01 0.000000000000000000e+00
1.800000000000000000e+04 4.152529525756835938e+01 0.000000000000000000e+00 2.433150291442871094e+01 0.000000000000000000e+00 4.152529525756835938e+01 0.000000000000000000e+00 2.433150291442871094e+01 0.000000000000000000e+00
1.900000000000000000e+04 2.890556526184082031e+01 0.000000000000000000e+00 1.550912380218505859e+01 0.000000000000000000e+00 2.890556526184082031e+01 0.000000000000000000e+00 1.550912380218505859e+01 0.000000000000000000e+00
2.000000000000000000e+04 2.008774375915527344e+01 0.000000000000000000e+00 1.035320758819580078e+01 0.000000000000000000e+00 2.008774375915527344e+01 0.000000000000000000e+00 1.035320758819580078e+01 0.000000000000000000e+00
