# step, loss_train, loss_test, metrics_test
0.000000000000000000e+00 0.000000000000000000e+00 1.307160644531250000e+02 1.986276977539062500e+03 5.108272399902343750e+02 0.000000000000000000e+00 1.307160644531250000e+02 1.986276977539062500e+03 5.108272399902343750e+02
1.000000000000000000e+03 0.000000000000000000e+00 2.565935611724853516e+00 1.225480198860168457e+00 1.571462917327880859e+01 0.000000000000000000e+00 2.565935611724853516e+00 1.225480198860168457e+00 1.571462917327880859e+01
2.000000000000000000e+03 0.000000000000000000e+00 2.088304460048675537e-01 8.712852001190185547e-01 2.328053712844848633e+00 0.000000000000000000e+00 2.088304460048675537e-01 8.712852001190185547e-01 2.328053712844848633e+00
3.000000000000000000e+03 0.000000000000000000e+00 7.033447921276092529e-02 2.064878046512603760e-01 1.036585450172424316e+00 0.000000000000000000e+00 7.033447921276092529e-02 2.064878046512603760e-01 1.036585450172424316e+00
4.000000000000000000e+03 0.000000000000000000e+00 2.344512343406677246e-01 6.363539099693298340e-01 1.350102186203002930e+00 0.000000000000000000e+00 2.344512343406677246e-01 6.363539099693298340e-01 1.350102186203002930e+00
5.000000000000000000e+03 0.000000000000000000e+00 2.134319394826889038e-02 1.634231954813003540e-01 7.501206994056701660e-01 0.000000000000000000e+00 2.134319394826889038e-02 1.634231954813003540e-01 7.501206994056701660e-01
6.000000000000000000e+03 0.000000000000000000e+00 5.457369610667228699e-02 6.210644841194152832e-01 8.751134872436523438e-01 0.000000000000000000e+00 5.457369610667228699e-02 6.210644841194152832e-01 8.751134872436523438e-01
7.000000000000000000e+03 0.000000000000000000e+00 4.198551643639802933e-03 1.540352217853069305e-02 2.860626578330993652e-01 0.000000000000000000e+00 4.198551643639802933e-03 1.540352217853069305e-02 2.860626578330993652e-01
8.000000000000000000e+03 0.000000000000000000e+00 1.630584709346294403e-02 5.352124944329261780e-02 2.476501315832138062e-01 0.000000000000000000e+00 1.630584709346294403e-02 5.352124944329261780e-02 2.476501315832138062e-01
9.000000000000000000e+03 0.000000000000000000e+00 1.802748814225196838e-02 4.045044258236885071e-02 2.938719093799591064e-01 0.000000000000000000e+00 1.802748814225196838e-02 4.045044258236885071e-02 2.938719093799591064e-01
1.000000000000000000e+04 0.000000000000000000e+00 8.803168535232543945e-01 3.068791866302490234e+00 2.705654144287109375e+00 0.000000000000000000e+00 8.803168535232543945e-01 3.068791866302490234e+00 2.705654144287109375e+00
1.100000000000000000e+04 0.000000000000000000e+00 4.350927192717790604e-03 2.477881871163845062e-02 1.939609050750732422e-01 0.000000000000000000e+00 4.350927192717790604e-03 2.477881871163845062e-02 1.939609050750732422e-01
1.200000000000000000e+04 0.000000000000000000e+00 2.242571115493774414e-02 8.484118431806564331e-02 1.375371217727661133e-01 0.000000000000000000e+00 2.242571115493774414e-02 8.484118431806564331e-02 1.375371217727661133e-01
1.300000000000000000e+04 0.000000000000000000e+00 2.260331064462661743e-01 1.207507252693176270e+00 7.111482620239257812e-01 0.000000000000000000e+00 2.260331064462661743e-01 1.207507252693176270e+00 7.111482620239257812e-01
1.400000000000000000e+04 0.000000000000000000e+00 7.773994207382202148e-01 2.630115747451782227e+00 1.250510334968566895e+00 0.000000000000000000e+00 7.773994207382202148e-01 2.630115747451782227e+00 1.250510334968566895e+00
1.500000000000000000e+04 0.000000000000000000e+00 8.052389323711395264e-02 1.667585074901580811e-01 3.141869902610778809e-01 0.000000000000000000e+00 8.052389323711395264e-02 1.667585074901580811e-01 3.141869902610778809e-01
1.600000000000000000e+04 0.000000000000000000e+00 1.360436081886291504e-01 6.955832839012145996e-01 4.333864450454711914e-01 0.000000000000000000e+00 1.360436081886291504e-01 6.955832839012145996e-01 4.333864450454711914e-01
1.700000000000000000e+04 0.000000000000000000e+00 2.239898741245269775e-01 5.549955368041992188e-01 4.263160526752471924e-01 0.000000000000000000e+00 2.239898741245269775e-01 5.549955368041992188e-01 4.263160526752471924e-01
1.800000000000000000e+04 0.000000000000000000e+00 9.254319965839385986e-02 3.575841486454010010e-01 2.152490615844726562e-01 0.000000000000000000e+00 9.254319965839385986e-02 3.575841486454010010e-01 2.152490615844726562e-01
1.900000000000000000e+04 0.000000000000000000e+00 3.234052285552024841e-02 1.531010270118713379e-01 1.216405406594276428e-01 0.000000000000000000e+00 3.234052285552024841e-02 1.531010270118713379e-01 1.216405406594276428e-01
2.000000000000000000e+04 0.000000000000000000e+00 1.662200987339019775e-01 6.025492548942565918e-01 3.414273262023925781e-01 0.000000000000000000e+00 1.662200987339019775e-01 6.025492548942565918e-01 3.414273262023925781e-01
