# step, loss_train, loss_test, metrics_test
0.000000000000000000e+00 0.000000000000000000e+00 4.737983322143554688e+01 0.000000000000000000e+00 4.474331970214843750e+02 0.000000000000000000e+00 4.737983322143554688e+01 0.000000000000000000e+00 4.474331970214843750e+02
1.000000000000000000e+03 0.000000000000000000e+00 2.802492585033178329e-03 0.000000000000000000e+00 2.068845927715301514e-01 0.000000000000000000e+00 2.802492585033178329e-03 0.000000000000000000e+00 2.068845927715301514e-01
2.000000000000000000e+03 0.000000000000000000e+00 1.494865398854017258e-03 0.000000000000000000e+00 4.052416235208511353e-02 0.000000000000000000e+00 1.494865398854017258e-03 0.000000000000000000e+00 4.052416235208511353e-02
3.000000000000000000e+03 0.000000000000000000e+00 6.927517242729663849e-04 0.000000000000000000e+00 3.193079680204391479e-02 0.000000000000000000e+00 6.927517242729663849e-04 0.000000000000000000e+00 3.193079680204391479e-02
4.000000000000000000e+03 0.000000000000000000e+00 2.218560576438903809e-01 0.000000000000000000e+00 1.810078263282775879e+00 0.000000000000000000e+00 2.218560576438903809e-01 0.000000000000000000e+00 1.810078263282775879e+00
5.000000000000000000e+03 0.000000000000000000e+00 6.763665936887264252e-03 0.000000000000000000e+00 6.063688546419143677e-02 0.000000000000000000e+00 6.763665936887264252e-03 0.000000000000000000e+00 6.063688546419143677e-02
6.000000000000000000e+03 0.000000000000000000e+00 1.013478846289217472e-03 0.000000000000000000e+00 1.962294802069664001e-02 0.000000000000000000e+00 1.013478846289217472e-03 0.000000000000000000e+00 1.962294802069664001e-02
7.000000000000000000e+03 0.000000000000000000e+00 9.899669094011187553e-04 0.000000000000000000e+00 2.001407556235790253e-02 0.000000000000000000e+00 9.899669094011187553e-04 0.000000000000000000e+00 2.001407556235790253e-02
8.000000000000000000e+03 0.000000000000000000e+00 3.871866647386923432e-05 0.000000000000000000e+00 5.649358034133911133e-03 0.000000000000000000e+00 3.871866647386923432e-05 0.000000000000000000e+00 5.649358034133911133e-03
9.000000000000000000e+03 0.000000000000000000e+00 2.665788088052067906e-05 0.000000000000000000e+00 3.342200769111514091e-03 0.000000000000000000e+00 2.665788088052067906e-05 0.000000000000000000e+00 3.342200769111514091e-03
1.000000000000000000e+04 0.000000000000000000e+00 3.102076298091560602e-04 0.000000000000000000e+00 9.193300269544124603e-03 0.000000000000000000e+00 3.102076298091560602e-04 0.000000000000000000e+00 9.193300269544124603e-03
1.100000000000000000e+04 0.000000000000000000e+00 2.406542807875666767e-05 0.000000000000000000e+00 2.530065830796957016e-03 0.000000000000000000e+00 2.406542807875666767e-05 0.000000000000000000e+00 2.530065830796957016e-03
1.200000000000000000e+04 0.000000000000000000e+00 1.436254708096385002e-03 0.000000000000000000e+00 1.136739253997802734e-01 0.000000000000000000e+00 1.436254708096385002e-03 0.000000000000000000e+00 1.136739253997802734e-01
1.300000000000000000e+04 0.000000000000000000e+00 1.548247746541164815e-05 0.000000000000000000e+00 2.350614173337817192e-03 0.000000000000000000e+00 1.548247746541164815e-05 0.000000000000000000e+00 2.350614173337817192e-03
1.400000000000000000e+04 0.000000000000000000e+00 4.806567914783954620e-03 0.000000000000000000e+00 1.372446566820144653e-01 0.000000000000000000e+00 4.806567914783954620e-03 0.000000000000000000e+00 1.372446566820144653e-01
1.500000000000000000e+04 0.000000000000000000e+00 6.836180691607296467e-04 0.000000000000000000e+00 3.447857499122619629e-02 0.000000000000000000e+00 6.836180691607296467e-04 0.000000000000000000e+00 3.447857499122619629e-02
1.600000000000000000e+04 0.000000000000000000e+00 3.908939659595489502e-03 0.000000000000000000e+00 2.311277538537979126e-01 0.000000000000000000e+00 3.908939659595489502e-03 0.000000000000000000e+00 2.311277538537979126e-01
1.700000000000000000e+04 0.000000000000000000e+00 3.012497909367084503e-03 0.000000000000000000e+00 9.616278111934661865e-02 0.000000000000000000e+00 3.012497909367084503e-03 0.000000000000000000e+00 9.616278111934661865e-02
1.800000000000000000e+04 0.000000000000000000e+00 1.730598276481032372e-03 0.000000000000000000e+00 5.662796646356582642e-02 0.000000000000000000e+00 1.730598276481032372e-03 0.000000000000000000e+00 5.662796646356582642e-02
1.900000000000000000e+04 0.000000000000000000e+00 2.038725186139345169e-03 0.000000000000000000e+00 8.055800199508666992e-02 0.000000000000000000e+00 2.038725186139345169e-03 0.000000000000000000e+00 8.055800199508666992e-02
2.000000000000000000e+04 0.000000000000000000e+00 5.829912144690752029e-03 0.000000000000000000e+00 4.100929945707321167e-02 0.000000000000000000e+00 5.829912144690752029e-03 0.000000000000000000e+00 4.100929945707321167e-02
