# step, loss_train, loss_test, metrics_test
0.000000000000000000e+00 1.055592727661132812e+01 2.509239006042480469e+01 6.843289062500000000e+03 4.094515991210937500e+02 1.055592727661132812e+01 2.509239006042480469e+01 6.843289062500000000e+03 4.094515991210937500e+02
1.000000000000000000e+03 1.231054687500000000e+02 1.549824905395507812e+01 1.520745849609375000e+03 4.087624206542968750e+02 1.231054687500000000e+02 1.549824905395507812e+01 1.520745849609375000e+03 4.087624206542968750e+02
2.000000000000000000e+03 2.428084106445312500e+02 2.152486419677734375e+01 7.258440551757812500e+02 3.956789855957031250e+02 2.428084106445312500e+02 2.152486419677734375e+01 7.258440551757812500e+02 3.956789855957031250e+02
3.000000000000000000e+03 9.404369354248046875e+01 3.478418731689453125e+01 7.453587341308593750e+01 4.054026489257812500e+02 9.404369354248046875e+01 3.478418731689453125e+01 7.453587341308593750e+01 4.054026489257812500e+02
4.000000000000000000e+03 3.336027908325195312e+01 3.683139419555664062e+01 1.272328567504882812e+01 4.035024108886718750e+02 3.336027908325195312e+01 3.683139419555664062e+01 1.272328567504882812e+01 4.035024108886718750e+02
5.000000000000000000e+03 1.612135887145996094e+01 3.683201599121093750e+01 3.804303169250488281e+00 3.905290527343750000e+02 1.612135887145996094e+01 3.683201599121093750e+01 3.804303169250488281e+00 3.905290527343750000e+02
6.000000000000000000e+03 1.263401985168457031e+01 3.503428649902343750e+01 3.157866954803466797e+00 3.776133728027343750e+02 1.263401985168457031e+01 3.503428649902343750e+01 3.157866954803466797e+00 3.776133728027343750e+02
7.000000000000000000e+03 1.902335929870605469e+01 3.241547012329101562e+01 6.381074428558349609e+00 3.680645141601562500e+02 1.902335929870605469e+01 3.241547012329101562e+01 6.381074428558349609e+00 3.680645141601562500e+02
8.000000000000000000e+03 8.665375709533691406e+00 2.897640228271484375e+01 5.960285663604736328e+00 3.624704589843750000e+02 8.665375709533691406e+00 2.897640228271484375e+01 5.960285663604736328e+00 3.624704589843750000e+02
9.000000000000000000e+03 7.439134343823360000e+14 2.766294220800000000e+11 2.689162700390400000e+13 6.411138498560000000e+11 7.439134343823360000e+14 2.766294220800000000e+11 2.689162700390400000e+13 6.411138498560000000e+11
1.000000000000000000e+04 2.342694944768000000e+14 1.982112153600000000e+10 6.420050214912000000e+12 6.431738265600000000e+10 2.342694944768000000e+14 1.982112153600000000e+10 6.420050214912000000e+12 6.431738265600000000e+10
1.100000000000000000e+04 2.216821868462080000e+14 5.115145728000000000e+09 3.989416443904000000e+12 2.474243276800000000e+10 2.216821868462080000e+14 5.115145728000000000e+09 3.989416443904000000e+12 2.474243276800000000e+10
1.200000000000000000e+04 2.008703188336640000e+14 4.529955328000000000e+09 1.863467139072000000e+12 7.913009152000000000e+09 2.008703188336640000e+14 4.529955328000000000e+09 1.863467139072000000e+12 7.913009152000000000e+09
1.300000000000000000e+04 1.963098185400320000e+14 6.958825984000000000e+09 1.837064912896000000e+12 9.502971904000000000e+09 1.963098185400320000e+14 6.958825984000000000e+09 1.837064912896000000e+12 9.502971904000000000e+09
1.400000000000000000e+04 1.930963105873920000e+14 8.689018880000000000e+09 1.854263525376000000e+12 1.046743244800000000e+10 1.930963105873920000e+14 8.689018880000000000e+09 1.854263525376000000e+12 1.046743244800000000e+10
1.500000000000000000e+04 1.908279806525440000e+14 2.532830003200000000e+10 8.433627561984000000e+12 4.352605798400000000e+10 1.908279806525440000e+14 2.532830003200000000e+10 8.433627561984000000e+12 4.352605798400000000e+10
1.600000000000000000e+04 1.692544605880320000e+14 7.773933056000000000e+09 9.778125209600000000e+11 1.016842649600000000e+10 1.692544605880320000e+14 7.773933056000000000e+09 9.778125209600000000e+11 1.016842649600000000e+10
1.700000000000000000e+04 1.668309246279680000e+14 5.308873728000000000e+09 8.069964759040000000e+11 8.797058048000000000e+09 1.668309246279680000e+14 5.308873728000000000e+09 8.069964759040000000e+11 8.797058048000000000e+09
1.800000000000000000e+04 1.694154547527680000e+14 6.480111206400000000e+10 2.275650043904000000e+13 1.359287255040000000e+11 1.694154547527680000e+14 6.480111206400000000e+10 2.275650043904000000e+13 1.359287255040000000e+11
1.900000000000000000e+04 1.642841096847360000e+14 6.660246016000000000e+09 2.401798717440000000e+12 1.446027776000000000e+10 1.642841096847360000e+14 6.660246016000000000e+09 2.401798717440000000e+12 1.446027776000000000e+10
2.000000000000000000e+04 1.648140134382273823e+21 3.051608153784320000e+14 3.214601988184473600e+16 3.633012843479040000e+14 1.648140134382273823e+21 3.051608153784320000e+14 3.214601988184473600e+16 3.633012843479040000e+14
