# step, loss_train, loss_test, metrics_test
0.000000000000000000e+00 0.000000000000000000e+00 7.664416503906250000e+01 1.457197656250000000e+04 1.092892684936523438e+02 0.000000000000000000e+00 7.664416503906250000e+01 1.457197656250000000e+04 1.092892684936523438e+02
1.000000000000000000e+03 0.000000000000000000e+00 1.824779701232910156e+01 2.366638671875000000e+03 1.066324615478515625e+02 0.000000000000000000e+00 1.824779701232910156e+01 2.366638671875000000e+03 1.066324615478515625e+02
2.000000000000000000e+03 0.000000000000000000e+00 1.369575500488281250e+01 3.325759765625000000e+03 1.056727905273437500e+02 0.000000000000000000e+00 1.369575500488281250e+01 3.325759765625000000e+03 1.056727905273437500e+02
3.000000000000000000e+03 0.000000000000000000e+00 2.346707763671875000e+02 4.658641406250000000e+04 1.877262573242187500e+02 0.000000000000000000e+00 2.346707763671875000e+02 4.658641406250000000e+04 1.877262573242187500e+02
4.000000000000000000e+03 0.000000000000000000e+00 1.400017356872558594e+01 2.937826904296875000e+03 1.059470596313476562e+02 0.000000000000000000e+00 1.400017356872558594e+01 2.937826904296875000e+03 1.059470596313476562e+02
5.000000000000000000e+03 0.000000000000000000e+00 1.400194835662841797e+01 2.937824462890625000e+03 1.059063720703125000e+02 0.000000000000000000e+00 1.400194835662841797e+01 2.937824462890625000e+03 1.059063720703125000e+02
6.000000000000000000e+03 0.000000000000000000e+00 1.880104064941406250e+01 7.013388671875000000e+03 1.097621917724609375e+02 0.000000000000000000e+00 1.880104064941406250e+01 7.013388671875000000e+03 1.097621917724609375e+02
7.000000000000000000e+03 0.000000000000000000e+00 1.399851799011230469e+01 2.937828613281250000e+03 1.058282089233398438e+02 0.000000000000000000e+00 1.399851799011230469e+01 2.937828613281250000e+03 1.058282089233398438e+02
8.000000000000000000e+03 0.000000000000000000e+00 1.397331428527832031e+01 2.937865234375000000e+03 1.057855606079101562e+02 0.000000000000000000e+00 1.397331428527832031e+01 2.937865234375000000e+03 1.057855606079101562e+02
9.000000000000000000e+03 0.000000000000000000e+00 1.398815822601318359e+01 2.937842529296875000e+03 1.057536468505859375e+02 0.000000000000000000e+00 1.398815822601318359e+01 2.937842529296875000e+03 1.057536468505859375e+02
1.000000000000000000e+04 0.000000000000000000e+00 1.400688076019287109e+01 2.937819091796875000e+03 1.057238082885742188e+02 0.000000000000000000e+00 1.400688076019287109e+01 2.937819091796875000e+03 1.057238082885742188e+02
1.100000000000000000e+04 0.000000000000000000e+00 1.429068851470947266e+01 2.938127685546875000e+03 1.057586212158203125e+02 0.000000000000000000e+00 1.429068851470947266e+01 2.938127685546875000e+03 1.057586212158203125e+02
1.200000000000000000e+04 0.000000000000000000e+00 1.159304237365722656e+01 3.005229003906250000e+03 1.051249008178710938e+02 0.000000000000000000e+00 1.159304237365722656e+01 3.005229003906250000e+03 1.051249008178710938e+02
1.300000000000000000e+04 0.000000000000000000e+00 1.389584655761718750e+02 3.011187109375000000e+04 1.532297668457031250e+02 0.000000000000000000e+00 1.389584655761718750e+02 3.011187109375000000e+04 1.532297668457031250e+02
1.400000000000000000e+04 0.000000000000000000e+00 1.399952793121337891e+01 2.937827392578125000e+03 1.055960617065429688e+02 0.000000000000000000e+00 1.399952793121337891e+01 2.937827392578125000e+03 1.055960617065429688e+02
1.500000000000000000e+04 0.000000000000000000e+00 1.399634170532226562e+01 2.937831298828125000e+03 1.055666427612304688e+02 0.000000000000000000e+00 1.399634170532226562e+01 2.937831298828125000e+03 1.055666427612304688e+02
1.600000000000000000e+04 0.000000000000000000e+00 1.854145965576171875e+02 2.112062500000000000e+04 1.585407257080078125e+02 0.000000000000000000e+00 1.854145965576171875e+02 2.112062500000000000e+04 1.585407257080078125e+02
1.700000000000000000e+04 0.000000000000000000e+00 1.400766849517822266e+01 2.937818115234375000e+03 1.055147094726562500e+02 0.000000000000000000e+00 1.400766849517822266e+01 2.937818115234375000e+03 1.055147094726562500e+02
1.800000000000000000e+04 0.000000000000000000e+00 1.399193477630615234e+01 2.937837158203125000e+03 1.054851760864257812e+02 0.000000000000000000e+00 1.399193477630615234e+01 2.937837158203125000e+03 1.054851760864257812e+02
1.900000000000000000e+04 0.000000000000000000e+00 1.426311969757080078e+01 2.938044433593750000e+03 1.055262222290039062e+02 0.000000000000000000e+00 1.426311969757080078e+01 2.938044433593750000e+03 1.055262222290039062e+02
2.000000000000000000e+04 0.000000000000000000e+00 1.019252872467041016e+01 4.356721191406250000e+03 1.053924331665039062e+02 0.000000000000000000e+00 1.019252872467041016e+01 4.356721191406250000e+03 1.053924331665039062e+02
