# step, loss_train, loss_test, metrics_test
0.000000000000000000e+00 1.218678222656250000e+03 2.480186653137207031e+01 8.558651367187500000e+03 3.831844787597656250e+02 1.218678222656250000e+03 2.480186653137207031e+01 8.558651367187500000e+03 3.831844787597656250e+02
1.000000000000000000e+03 7.192170143127441406e+00 1.332808113098144531e+01 2.220189094543457031e+00 3.270483093261718750e+02 7.192170143127441406e+00 1.332808113098144531e+01 2.220189094543457031e+00 3.270483093261718750e+02
2.000000000000000000e+03 2.484370946884155273e+00 1.605395507812500000e+01 3.042334079742431641e+00 2.782018737792968750e+02 2.484370946884155273e+00 1.605395507812500000e+01 3.042334079742431641e+00 2.782018737792968750e+02
3.000000000000000000e+03 2.062245368957519531e+00 2.124680900573730469e+01 2.116949796676635742e+00 2.909163513183593750e+02 2.062245368957519531e+00 2.124680900573730469e+01 2.116949796676635742e+00 2.909163513183593750e+02
4.000000000000000000e+03 3.218367338180541992e+00 2.844002723693847656e+01 3.965898275375366211e+00 2.645881042480468750e+02 3.218367338180541992e+00 2.844002723693847656e+01 3.965898275375366211e+00 2.645881042480468750e+02
5.000000000000000000e+03 1.157691097259521484e+01 2.314765930175781250e+01 6.222076892852783203e+00 2.633017272949218750e+02 1.157691097259521484e+01 2.314765930175781250e+01 6.222076892852783203e+00 2.633017272949218750e+02
6.000000000000000000e+03 2.791404962539672852e+00 2.824097824096679688e+01 3.849332571029663086e+00 2.396575469970703125e+02 2.791404962539672852e+00 2.824097824096679688e+01 3.849332571029663086e+00 2.396575469970703125e+02
7.000000000000000000e+03 7.430071830749511719e+00 1.583733558654785156e+01 2.423561286926269531e+01 2.361707000732421875e+02 7.430071830749511719e+00 1.583733558654785156e+01 2.423561286926269531e+01 2.361707000732421875e+02
8.000000000000000000e+03 3.179669618606567383e+00 2.103187942504882812e+01 4.618100643157958984e+00 2.399134979248046875e+02 3.179669618606567383e+00 2.103187942504882812e+01 4.618100643157958984e+00 2.399134979248046875e+02
9.000000000000000000e+03 1.011794281005859375e+01 2.129998397827148438e+01 2.916340589523315430e+00 7.776638793945312500e+01 1.011794281005859375e+01 2.129998397827148438e+01 2.916340589523315430e+00 7.776638793945312500e+01
1.000000000000000000e+04 2.809325695037841797e+00 3.250153732299804688e+01 1.909091711044311523e+00 1.438463134765625000e+02 2.809325695037841797e+00 3.250153732299804688e+01 1.909091711044311523e+00 1.438463134765625000e+02
1.100000000000000000e+04 3.179535627365112305e+00 2.586766815185546875e+01 2.162173271179199219e+00 1.174209976196289062e+02 3.179535627365112305e+00 2.586766815185546875e+01 2.162173271179199219e+00 1.174209976196289062e+02
1.200000000000000000e+04 1.743248224258422852e+00 7.228807449340820312e+00 1.017049789428710938e+00 2.479797744750976562e+01 1.743248224258422852e+00 7.228807449340820312e+00 1.017049789428710938e+00 2.479797744750976562e+01
1.300000000000000000e+04 1.299905061721801758e+00 3.076371192932128906e+00 6.081385016441345215e-01 4.592716217041015625e+00 1.299905061721801758e+00 3.076371192932128906e+00 6.081385016441345215e-01 4.592716217041015625e+00
1.400000000000000000e+04 1.135946035385131836e+00 2.452291488647460938e+00 4.619342982769012451e-01 3.762965202331542969e+00 1.135946035385131836e+00 2.452291488647460938e+00 4.619342982769012451e-01 3.762965202331542969e+00
1.500000000000000000e+04 9.210640788078308105e-01 2.200738191604614258e+00 3.349264562129974365e-01 5.018435001373291016e+00 9.210640788078308105e-01 2.200738191604614258e+00 3.349264562129974365e-01 5.018435001373291016e+00
1.600000000000000000e+04 3.723504066467285156e+00 1.404809832572937012e+00 2.052313983440399170e-01 2.825613260269165039e+00 3.723504066467285156e+00 1.404809832572937012e+00 2.052313983440399170e-01 2.825613260269165039e+00
1.700000000000000000e+04 2.846059799194335938e+00 3.833640575408935547e+00 2.627936601638793945e-01 1.389312648773193359e+01 2.846059799194335938e+00 3.833640575408935547e+00 2.627936601638793945e-01 1.389312648773193359e+01
1.800000000000000000e+04 1.152164936065673828e+00 1.603788971900939941e+00 5.297605395317077637e-01 7.161809921264648438e+00 1.152164936065673828e+00 1.603788971900939941e+00 5.297605395317077637e-01 7.161809921264648438e+00
1.900000000000000000e+04 2.221561908721923828e+00 8.980174064636230469e-01 5.008435845375061035e-01 5.154465675354003906e+00 2.221561908721923828e+00 8.980174064636230469e-01 5.008435845375061035e-01 5.154465675354003906e+00
2.000000000000000000e+04 3.098640918731689453e+00 5.129424929618835449e-01 6.215677857398986816e-01 2.197846412658691406e+00 3.098640918731689453e+00 5.129424929618835449e-01 6.215677857398986816e-01 2.197846412658691406e+00
