# step, loss_train, loss_test, metrics_test
0.000000000000000000e+00 2.568396728515625000e+03 4.534838104248046875e+01 5.821769531250000000e+03 1.942259063720703125e+02 2.568396728515625000e+03 4.534838104248046875e+01 5.821769531250000000e+03 1.942259063720703125e+02
1.000000000000000000e+03 1.579365730285644531e+01 2.986304092407226562e+01 1.362282633781433105e+00 1.868142852783203125e+02 1.579365730285644531e+01 2.986304092407226562e+01 1.362282633781433105e+00 1.868142852783203125e+02
2.000000000000000000e+03 7.590144157409667969e+00 2.830744743347167969e+01 9.323559999465942383e-01 1.828865661621093750e+02 7.590144157409667969e+00 2.830744743347167969e+01 9.323559999465942383e-01 1.828865661621093750e+02
3.000000000000000000e+03 6.668622493743896484e+00 2.380896377563476562e+01 5.853217244148254395e-01 1.799168701171875000e+02 6.668622493743896484e+00 2.380896377563476562e+01 5.853217244148254395e-01 1.799168701171875000e+02
4.000000000000000000e+03 3.832759857177734375e+00 1.718665504455566406e+01 2.892808616161346436e-01 1.754788818359375000e+02 3.832759857177734375e+00 1.718665504455566406e+01 2.892808616161346436e-01 1.754788818359375000e+02
5.000000000000000000e+03 3.293212413787841797e+00 8.188588142395019531e+00 6.193472385406494141e+00 1.684695434570312500e+02 3.293212413787841797e+00 8.188588142395019531e+00 6.193472385406494141e+00 1.684695434570312500e+02
6.000000000000000000e+03 2.030650377273559570e+00 6.644003391265869141e+00 3.660978972911834717e-01 1.634414215087890625e+02 2.030650377273559570e+00 6.644003391265869141e+00 3.660978972911834717e-01 1.634414215087890625e+02
7.000000000000000000e+03 4.145733356475830078e+00 4.741991043090820312e+00 1.895908737182617188e+01 1.575935821533203125e+02 4.145733356475830078e+00 4.741991043090820312e+00 1.895908737182617188e+01 1.575935821533203125e+02
8.000000000000000000e+03 6.745203018188476562e+00 5.831046581268310547e+00 2.179192304611206055e+00 1.478088836669921875e+02 6.745203018188476562e+00 5.831046581268310547e+00 2.179192304611206055e+00 1.478088836669921875e+02
9.000000000000000000e+03 5.376845836639404297e+00 4.820462226867675781e+00 3.155400454998016357e-01 1.348261718750000000e+02 5.376845836639404297e+00 4.820462226867675781e+00 3.155400454998016357e-01 1.348261718750000000e+02
1.000000000000000000e+04 8.748967170715332031e+00 4.104997634887695312e+00 5.628883838653564453e-01 1.263596267700195312e+02 8.748967170715332031e+00 4.104997634887695312e+00 5.628883838653564453e-01 1.263596267700195312e+02
1.100000000000000000e+04 3.717497825622558594e+00 6.087471961975097656e+00 2.730006575584411621e-01 1.407183074951171875e+02 3.717497825622558594e+00 6.087471961975097656e+00 2.730006575584411621e-01 1.407183074951171875e+02
1.200000000000000000e+04 5.859004974365234375e+00 3.614227533340454102e+00 2.099656295776367188e+01 1.226476974487304688e+02 5.859004974365234375e+00 3.614227533340454102e+00 2.099656295776367188e+01 1.226476974487304688e+02
1.300000000000000000e+04 5.439322948455810547e+00 2.284816360473632812e+01 6.922994852066040039e-01 1.850247955322265625e+02 5.439322948455810547e+00 2.284816360473632812e+01 6.922994852066040039e-01 1.850247955322265625e+02
1.400000000000000000e+04 3.766771078109741211e+00 2.178816032409667969e+01 8.201641845703125000e+01 1.823613281250000000e+02 3.766771078109741211e+00 2.178816032409667969e+01 8.201641845703125000e+01 1.823613281250000000e+02
1.500000000000000000e+04 3.351708889007568359e+00 1.586197090148925781e+01 1.812079010009765625e+02 1.836809082031250000e+02 3.351708889007568359e+00 1.586197090148925781e+01 1.812079010009765625e+02 1.836809082031250000e+02
1.600000000000000000e+04 4.588412284851074219e+00 1.455016994476318359e+01 3.162531852722167969e-01 1.797629699707031250e+02 4.588412284851074219e+00 1.455016994476318359e+01 3.162531852722167969e-01 1.797629699707031250e+02
1.700000000000000000e+04 4.996341705322265625e+00 8.139217376708984375e+00 4.028193473815917969e+00 1.768966217041015625e+02 4.996341705322265625e+00 8.139217376708984375e+00 4.028193473815917969e+00 1.768966217041015625e+02
1.800000000000000000e+04 6.846261024475097656e+00 5.821917533874511719e+00 2.033774566650390625e+02 1.730535736083984375e+02 6.846261024475097656e+00 5.821917533874511719e+00 2.033774566650390625e+02 1.730535736083984375e+02
1.900000000000000000e+04 5.902121067047119141e+00 1.409615516662597656e+01 6.424238281250000000e+02 1.739010925292968750e+02 5.902121067047119141e+00 1.409615516662597656e+01 6.424238281250000000e+02 1.739010925292968750e+02
2.000000000000000000e+04 5.180650234222412109e+00 1.103339099884033203e+01 1.095165557861328125e+02 1.661080627441406250e+02 5.180650234222412109e+00 1.103339099884033203e+01 1.095165557861328125e+02 1.661080627441406250e+02
