# step, loss_train, loss_test, metrics_test
0.000000000000000000e+00 2.599672812500000000e+05 1.939019470214843750e+02 3.661846875000000000e+04 3.998817138671875000e+02 2.599672812500000000e+05 1.939019470214843750e+02 3.661846875000000000e+04 3.998817138671875000e+02
1.000000000000000000e+03 3.218681640625000000e+03 1.861975669860839844e+01 1.176807739257812500e+03 3.114501342773437500e+02 3.218681640625000000e+03 1.861975669860839844e+01 1.176807739257812500e+03 3.114501342773437500e+02
2.000000000000000000e+03 1.174293457031250000e+03 1.695023536682128906e+01 9.907583007812500000e+02 3.084269104003906250e+02 1.174293457031250000e+03 1.695023536682128906e+01 9.907583007812500000e+02 3.084269104003906250e+02
3.000000000000000000e+03 6.714027709960937500e+02 2.118674468994140625e+01 6.013244018554687500e+02 3.153960571289062500e+02 6.714027709960937500e+02 2.118674468994140625e+01 6.013244018554687500e+02 3.153960571289062500e+02
4.000000000000000000e+03 5.342482299804687500e+02 2.772394943237304688e+01 3.116067504882812500e+02 3.216157836914062500e+02 5.342482299804687500e+02 2.772394943237304688e+01 3.116067504882812500e+02 3.216157836914062500e+02
5.000000000000000000e+03 3.294395141601562500e+02 3.148020935058593750e+01 1.247194595336914062e+02 3.256313476562500000e+02 3.294395141601562500e+02 3.148020935058593750e+01 1.247194595336914062e+02 3.256313476562500000e+02
6.000000000000000000e+03 2.383417053222656250e+02 3.134535026550292969e+01 5.533374786376953125e+01 3.227403259277343750e+02 2.383417053222656250e+02 3.134535026550292969e+01 5.533374786376953125e+01 3.227403259277343750e+02
7.000000000000000000e+03 1.464742126464843750e+02 2.914704895019531250e+01 2.156674194335937500e+01 3.167485656738281250e+02 1.464742126464843750e+02 2.914704895019531250e+01 2.156674194335937500e+01 3.167485656738281250e+02
8.000000000000000000e+03 9.920767974853515625e+01 2.767636680603027344e+01 8.796299934387207031e+00 3.124289855957031250e+02 9.920767974853515625e+01 2.767636680603027344e+01 8.796299934387207031e+00 3.124289855957031250e+02
9.000000000000000000e+03 6.821266174316406250e+01 2.582003974914550781e+01 5.794895648956298828e+00 3.080522155761718750e+02 6.821266174316406250e+01 2.582003974914550781e+01 5.794895648956298828e+00 3.080522155761718750e+02
1.000000000000000000e+04 4.398293685913085938e+01 2.221301269531250000e+01 2.408043384552001953e+00 2.994203796386718750e+02 4.398293685913085938e+01 2.221301269531250000e+01 2.408043384552001953e+00 2.994203796386718750e+02
1.100000000000000000e+04 3.005031394958496094e+01 1.645173645019531250e+01 8.997082114219665527e-01 2.883364868164062500e+02 3.005031394958496094e+01 1.645173645019531250e+01 8.997082114219665527e-01 2.883364868164062500e+02
1.200000000000000000e+04 2.402041625976562500e+01 1.178092288970947266e+01 5.424395203590393066e-01 2.779103088378906250e+02 2.402041625976562500e+01 1.178092288970947266e+01 5.424395203590393066e-01 2.779103088378906250e+02
1.300000000000000000e+04 1.714670753479003906e+01 9.317698478698730469e+00 5.338240265846252441e-01 2.726384887695312500e+02 1.714670753479003906e+01 9.317698478698730469e+00 5.338240265846252441e-01 2.726384887695312500e+02
1.400000000000000000e+04 1.293249893188476562e+01 8.808820724487304688e+00 3.593426048755645752e-01 2.672128601074218750e+02 1.293249893188476562e+01 8.808820724487304688e+00 3.593426048755645752e-01 2.672128601074218750e+02
1.500000000000000000e+04 1.030550670623779297e+01 9.160737037658691406e+00 3.694870769977569580e-01 2.612120361328125000e+02 1.030550670623779297e+01 9.160737037658691406e+00 3.694870769977569580e-01 2.612120361328125000e+02
1.600000000000000000e+04 1.015363979339599609e+01 8.665363311767578125e+00 5.892719626426696777e-01 2.548059844970703125e+02 1.015363979339599609e+01 8.665363311767578125e+00 5.892719626426696777e-01 2.548059844970703125e+02
1.700000000000000000e+04 9.423898696899414062e+00 9.104040145874023438e+00 3.821267783641815186e-01 2.480664520263671875e+02 9.423898696899414062e+00 9.104040145874023438e+00 3.821267783641815186e-01 2.480664520263671875e+02
1.800000000000000000e+04 9.656113624572753906e+00 9.115180969238281250e+00 4.733988046646118164e-01 2.394983978271484375e+02 9.656113624572753906e+00 9.115180969238281250e+00 4.733988046646118164e-01 2.394983978271484375e+02
1.900000000000000000e+04 1.154220008850097656e+01 9.006089210510253906e+00 1.325298905372619629e+00 2.301124420166015625e+02 1.154220008850097656e+01 9.006089210510253906e+00 1.325298905372619629e+00 2.301124420166015625e+02
2.000000000000000000e+04 1.396463108062744141e+01 8.805453300476074219e+00 8.442554473876953125e-01 2.214443969726562500e+02 1.396463108062744141e+01 8.805453300476074219e+00 8.442554473876953125e-01 2.214443969726562500e+02
