# step, loss_train, loss_test, metrics_test
0.000000000000000000e+00 2.494312656250000000e+05 2.398961944580078125e+02 8.409471679687500000e+03 1.501534118652343750e+02 2.494312656250000000e+05 2.398961944580078125e+02 8.409471679687500000e+03 1.501534118652343750e+02
1.000000000000000000e+03 3.221223632812500000e+03 2.986545944213867188e+01 4.406032104492187500e+02 1.718691101074218750e+02 3.221223632812500000e+03 2.986545944213867188e+01 4.406032104492187500e+02 1.718691101074218750e+02
2.000000000000000000e+03 9.855709838867187500e+02 3.528587341308593750e+01 3.203340148925781250e+02 1.708052673339843750e+02 9.855709838867187500e+02 3.528587341308593750e+01 3.203340148925781250e+02 1.708052673339843750e+02
3.000000000000000000e+03 5.712313232421875000e+02 3.427976226806640625e+01 2.198304290771484375e+02 1.711276092529296875e+02 5.712313232421875000e+02 3.427976226806640625e+01 2.198304290771484375e+02 1.711276092529296875e+02
4.000000000000000000e+03 3.422676391601562500e+02 3.430899429321289062e+01 1.451677398681640625e+02 1.705665893554687500e+02 3.422676391601562500e+02 3.430899429321289062e+01 1.451677398681640625e+02 1.705665893554687500e+02
5.000000000000000000e+03 2.926777954101562500e+02 3.012831306457519531e+01 8.112154388427734375e+01 1.706127777099609375e+02 2.926777954101562500e+02 3.012831306457519531e+01 8.112154388427734375e+01 1.706127777099609375e+02
6.000000000000000000e+03 1.860449676513671875e+02 2.739998817443847656e+01 4.065669631958007812e+01 1.690918426513671875e+02 1.860449676513671875e+02 2.739998817443847656e+01 4.065669631958007812e+01 1.690918426513671875e+02
7.000000000000000000e+03 1.422623596191406250e+02 2.369912719726562500e+01 1.850433731079101562e+01 1.675019989013671875e+02 1.422623596191406250e+02 2.369912719726562500e+01 1.850433731079101562e+01 1.675019989013671875e+02
8.000000000000000000e+03 9.182844543457031250e+01 1.666640090942382812e+01 7.915445804595947266e+00 1.654667968750000000e+02 9.182844543457031250e+01 1.666640090942382812e+01 7.915445804595947266e+00 1.654667968750000000e+02
9.000000000000000000e+03 6.367239761352539062e+01 1.232612609863281250e+01 3.211487293243408203e+00 1.604274139404296875e+02 6.367239761352539062e+01 1.232612609863281250e+01 3.211487293243408203e+00 1.604274139404296875e+02
1.000000000000000000e+04 4.624515533447265625e+01 8.597031593322753906e+00 2.583588123321533203e+00 1.562772827148437500e+02 4.624515533447265625e+01 8.597031593322753906e+00 2.583588123321533203e+00 1.562772827148437500e+02
1.100000000000000000e+04 3.212567138671875000e+01 5.972182273864746094e+00 7.760227918624877930e-01 1.519130706787109375e+02 3.212567138671875000e+01 5.972182273864746094e+00 7.760227918624877930e-01 1.519130706787109375e+02
1.200000000000000000e+04 2.577289581298828125e+01 4.728023052215576172e+00 2.743968963623046875e-01 1.482090911865234375e+02 2.577289581298828125e+01 4.728023052215576172e+00 2.743968963623046875e-01 1.482090911865234375e+02
1.300000000000000000e+04 1.808552742004394531e+01 4.337483406066894531e+00 1.860114187002182007e-01 1.441889038085937500e+02 1.808552742004394531e+01 4.337483406066894531e+00 1.860114187002182007e-01 1.441889038085937500e+02
1.400000000000000000e+04 1.564827728271484375e+01 4.174246311187744141e+00 2.560380995273590088e-01 1.400386810302734375e+02 1.564827728271484375e+01 4.174246311187744141e+00 2.560380995273590088e-01 1.400386810302734375e+02
1.500000000000000000e+04 1.319385623931884766e+01 4.416870594024658203e+00 1.439140677452087402e+00 1.343457183837890625e+02 1.319385623931884766e+01 4.416870594024658203e+00 1.439140677452087402e+00 1.343457183837890625e+02
1.600000000000000000e+04 1.371196460723876953e+01 4.717375278472900391e+00 2.761460542678833008e-01 1.287636718750000000e+02 1.371196460723876953e+01 4.717375278472900391e+00 2.761460542678833008e-01 1.287636718750000000e+02
1.700000000000000000e+04 1.316627311706542969e+01 4.501940727233886719e+00 6.471813321113586426e-01 1.241975402832031250e+02 1.316627311706542969e+01 4.501940727233886719e+00 6.471813321113586426e-01 1.241975402832031250e+02
1.800000000000000000e+04 1.378650856018066406e+01 4.687641143798828125e+00 3.802887499332427979e-01 1.191686935424804688e+02 1.378650856018066406e+01 4.687641143798828125e+00 3.802887499332427979e-01 1.191686935424804688e+02
1.900000000000000000e+04 1.453837585449218750e+01 4.380450248718261719e+00 2.691950798034667969e-01 1.141205444335937500e+02 1.453837585449218750e+01 4.380450248718261719e+00 2.691950798034667969e-01 1.141205444335937500e+02
2.000000000000000000e+04 1.614702796936035156e+01 4.254409313201904297e+00 5.583037734031677246e-01 1.086325683593750000e+02 1.614702796936035156e+01 4.254409313201904297e+00 5.583037734031677246e-01 1.086325683593750000e+02
