# step, loss_train, loss_test, metrics_test
0.000000000000000000e+00 1.229010546875000000e+04 5.114145278930664062e+01 3.703403076171875000e+03 1.228906631469726562e+02 1.229010546875000000e+04 5.114145278930664062e+01 3.703403076171875000e+03 1.228906631469726562e+02
1.000000000000000000e+03 5.034820556640625000e+01 2.666838836669921875e+01 1.140477142333984375e+02 1.075666885375976562e+02 5.034820556640625000e+01 2.666838836669921875e+01 1.140477142333984375e+02 1.075666885375976562e+02
2.000000000000000000e+03 3.631565093994140625e+01 2.454440689086914062e+01 2.204752731323242188e+01 1.072157592773437500e+02 3.631565093994140625e+01 2.454440689086914062e+01 2.204752731323242188e+01 1.072157592773437500e+02
3.000000000000000000e+03 1.917150115966796875e+01 1.614932441711425781e+01 6.146446704864501953e+00 1.082097549438476562e+02 1.917150115966796875e+01 1.614932441711425781e+01 6.146446704864501953e+00 1.082097549438476562e+02
4.000000000000000000e+03 1.274392700195312500e+01 1.038712882995605469e+01 2.634111642837524414e+00 1.082281417846679688e+02 1.274392700195312500e+01 1.038712882995605469e+01 2.634111642837524414e+00 1.082281417846679688e+02
5.000000000000000000e+03 9.155220031738281250e+00 5.580674171447753906e+00 2.403366327285766602e+00 1.075233917236328125e+02 9.155220031738281250e+00 5.580674171447753906e+00 2.403366327285766602e+00 1.075233917236328125e+02
6.000000000000000000e+03 7.141736507415771484e+00 4.055377006530761719e+00 8.479981422424316406e-01 1.067242431640625000e+02 7.141736507415771484e+00 4.055377006530761719e+00 8.479981422424316406e-01 1.067242431640625000e+02
7.000000000000000000e+03 6.172376632690429688e+00 2.951585054397583008e+00 1.548692941665649414e+00 1.056773147583007812e+02 6.172376632690429688e+00 2.951585054397583008e+00 1.548692941665649414e+00 1.056773147583007812e+02
8.000000000000000000e+03 4.963380813598632812e+00 1.986500144004821777e+00 2.402095985412597656e+01 1.043041992187500000e+02 4.963380813598632812e+00 1.986500144004821777e+00 2.402095985412597656e+01 1.043041992187500000e+02
9.000000000000000000e+03 2.916378736495971680e+00 2.664069175720214844e+00 8.789325356483459473e-01 1.035523834228515625e+02 2.916378736495971680e+00 2.664069175720214844e+00 8.789325356483459473e-01 1.035523834228515625e+02
1.000000000000000000e+04 5.314232826232910156e+00 3.409505367279052734e+00 1.993643379211425781e+01 1.022994766235351562e+02 5.314232826232910156e+00 3.409505367279052734e+00 1.993643379211425781e+01 1.022994766235351562e+02
1.100000000000000000e+04 5.939571380615234375e+00 1.234618186950683594e+00 1.815627288818359375e+01 9.790466308593750000e+01 5.939571380615234375e+00 1.234618186950683594e+00 1.815627288818359375e+01 9.790466308593750000e+01
1.200000000000000000e+04 2.311052322387695312e+00 3.501376867294311523e+00 5.581477284431457520e-01 9.934859466552734375e+01 2.311052322387695312e+00 3.501376867294311523e+00 5.581477284431457520e-01 9.934859466552734375e+01
1.300000000000000000e+04 2.925440597534179688e+01 2.769059658050537109e+00 3.339514255523681641e+00 1.012487106323242188e+02 2.925440597534179688e+01 2.769059658050537109e+00 3.339514255523681641e+00 1.012487106323242188e+02
1.400000000000000000e+04 5.183465003967285156e+00 4.432606697082519531e+00 1.992784309387207031e+01 1.001048049926757812e+02 5.183465003967285156e+00 4.432606697082519531e+00 1.992784309387207031e+01 1.001048049926757812e+02
1.500000000000000000e+04 1.300354099273681641e+01 9.604146957397460938e+00 2.832042121887207031e+01 8.296759796142578125e+01 1.300354099273681641e+01 9.604146957397460938e+00 2.832042121887207031e+01 8.296759796142578125e+01
1.600000000000000000e+04 9.352660179138183594e+00 3.774755477905273438e+00 2.564283370971679688e+01 1.046655120849609375e+02 9.352660179138183594e+00 3.774755477905273438e+00 2.564283370971679688e+01 1.046655120849609375e+02
1.700000000000000000e+04 1.406918644905090332e+00 1.700860023498535156e+01 3.132552528381347656e+01 1.180787811279296875e+02 1.406918644905090332e+00 1.700860023498535156e+01 3.132552528381347656e+01 1.180787811279296875e+02
1.800000000000000000e+04 3.589898824691772461e+00 5.937729358673095703e+00 2.147943878173828125e+01 1.139217071533203125e+02 3.589898824691772461e+00 5.937729358673095703e+00 2.147943878173828125e+01 1.139217071533203125e+02
1.900000000000000000e+04 1.471806764602661133e+00 1.603763771057128906e+01 3.062261199951171875e+01 1.170574340820312500e+02 1.471806764602661133e+00 1.603763771057128906e+01 3.062261199951171875e+01 1.170574340820312500e+02
2.000000000000000000e+04 2.412137746810913086e+00 1.656661224365234375e+01 4.276841354370117188e+01 1.174555740356445312e+02 2.412137746810913086e+00 1.656661224365234375e+01 4.276841354370117188e+01 1.174555740356445312e+02
