# step, loss_train, loss_test, metrics_test
0.000000000000000000e+00 0.000000000000000000e+00 2.310169601440429688e+01 7.863283203125000000e+03 4.339394836425781250e+02 0.000000000000000000e+00 2.310169601440429688e+01 7.863283203125000000e+03 4.339394836425781250e+02
1.000000000000000000e+03 0.000000000000000000e+00 1.465957832336425781e+01 2.937947509765625000e+03 4.229389953613281250e+02 0.000000000000000000e+00 1.465957832336425781e+01 2.937947509765625000e+03 4.229389953613281250e+02
2.000000000000000000e+03 0.000000000000000000e+00 1.465957832336425781e+01 2.937947509765625000e+03 4.229389953613281250e+02 0.000000000000000000e+00 1.465957832336425781e+01 2.937947509765625000e+03 4.229389953613281250e+02
3.000000000000000000e+03 0.000000000000000000e+00 1.465958118438720703e+01 2.937947509765625000e+03 4.229389953613281250e+02 0.000000000000000000e+00 1.465958118438720703e+01 2.937947509765625000e+03 4.229389953613281250e+02
4.000000000000000000e+03 0.000000000000000000e+00 1.465957832336425781e+01 2.937947509765625000e+03 4.229389953613281250e+02 0.000000000000000000e+00 1.465957832336425781e+01 2.937947509765625000e+03 4.229389953613281250e+02
5.000000000000000000e+03 0.000000000000000000e+00 1.465912723541259766e+01 2.937948242187500000e+03 4.229384460449218750e+02 0.000000000000000000e+00 1.465912723541259766e+01 2.937948242187500000e+03 4.229384460449218750e+02
6.000000000000000000e+03 0.000000000000000000e+00 1.466751766204833984e+01 2.937930175781250000e+03 4.229486083984375000e+02 0.000000000000000000e+00 1.466751766204833984e+01 2.937930175781250000e+03 4.229486083984375000e+02
7.000000000000000000e+03 0.000000000000000000e+00 1.592156982421875000e+01 2.945596435546875000e+03 4.244662475585937500e+02 0.000000000000000000e+00 1.592156982421875000e+01 2.945596435546875000e+03 4.244662475585937500e+02
8.000000000000000000e+03 0.000000000000000000e+00 1.465940666198730469e+01 2.937947753906250000e+03 4.229387817382812500e+02 0.000000000000000000e+00 1.465940666198730469e+01 2.937947753906250000e+03 4.229387817382812500e+02
9.000000000000000000e+03 0.000000000000000000e+00 1.468539619445800781e+01 2.937895751953125000e+03 4.229701232910156250e+02 0.000000000000000000e+00 1.468539619445800781e+01 2.937895751953125000e+03 4.229701232910156250e+02
1.000000000000000000e+04 0.000000000000000000e+00 1.465949440002441406e+01 2.937947753906250000e+03 4.229389038085937500e+02 0.000000000000000000e+00 1.465949440002441406e+01 2.937947753906250000e+03 4.229389038085937500e+02
1.100000000000000000e+04 0.000000000000000000e+00 1.466374397277832031e+01 2.937938476562500000e+03 4.229440307617187500e+02 0.000000000000000000e+00 1.466374397277832031e+01 2.937938476562500000e+03 4.229440307617187500e+02
1.200000000000000000e+04 0.000000000000000000e+00 1.465959548950195312e+01 2.937947753906250000e+03 4.229389953613281250e+02 0.000000000000000000e+00 1.465959548950195312e+01 2.937947753906250000e+03 4.229389953613281250e+02
1.300000000000000000e+04 0.000000000000000000e+00 1.465074539184570312e+01 2.937967773437500000e+03 4.229283447265625000e+02 0.000000000000000000e+00 1.465074539184570312e+01 2.937967773437500000e+03 4.229283447265625000e+02
1.400000000000000000e+04 0.000000000000000000e+00 1.465958595275878906e+01 2.937947509765625000e+03 4.229389953613281250e+02 0.000000000000000000e+00 1.465958595275878906e+01 2.937947509765625000e+03 4.229389953613281250e+02
1.500000000000000000e+04 0.000000000000000000e+00 1.465994167327880859e+01 2.937946533203125000e+03 4.229394836425781250e+02 0.000000000000000000e+00 1.465994167327880859e+01 2.937946533203125000e+03 4.229394836425781250e+02
1.600000000000000000e+04 0.000000000000000000e+00 1.466108512878417969e+01 2.937944091796875000e+03 4.229408264160156250e+02 0.000000000000000000e+00 1.466108512878417969e+01 2.937944091796875000e+03 4.229408264160156250e+02
1.700000000000000000e+04 0.000000000000000000e+00 1.465962600708007812e+01 2.937947753906250000e+03 4.229390563964843750e+02 0.000000000000000000e+00 1.465962600708007812e+01 2.937947753906250000e+03 4.229390563964843750e+02
1.800000000000000000e+04 0.000000000000000000e+00 1.465962505340576172e+01 2.937947509765625000e+03 4.229390563964843750e+02 0.000000000000000000e+00 1.465962505340576172e+01 2.937947509765625000e+03 4.229390563964843750e+02
1.900000000000000000e+04 0.000000000000000000e+00 1.465972137451171875e+01 2.937947509765625000e+03 4.229392089843750000e+02 0.000000000000000000e+00 1.465972137451171875e+01 2.937947509765625000e+03 4.229392089843750000e+02
2.000000000000000000e+04 0.000000000000000000e+00 1.477901363372802734e+01 2.937788085937500000e+03 4.230831298828125000e+02 0.000000000000000000e+00 1.477901363372802734e+01 2.937788085937500000e+03 4.230831298828125000e+02
