# step, loss_train, loss_test, metrics_test
0.000000000000000000e+00 0.000000000000000000e+00 2.343410110473632812e+01 0.000000000000000000e+00 0.000000000000000000e+00 0.000000000000000000e+00 2.343410110473632812e+01 0.000000000000000000e+00 0.000000000000000000e+00
1.000000000000000000e+03 0.000000000000000000e+00 6.415672302246093750e+00 0.000000000000000000e+00 0.000000000000000000e+00 0.000000000000000000e+00 6.415672302246093750e+00 0.000000000000000000e+00 0.000000000000000000e+00
2.000000000000000000e+03 0.000000000000000000e+00 6.419401645660400391e+00 0.000000000000000000e+00 0.000000000000000000e+00 0.000000000000000000e+00 6.419401645660400391e+00 0.000000000000000000e+00 0.000000000000000000e+00
3.000000000000000000e+03 0.000000000000000000e+00 6.414173603057861328e+00 0.000000000000000000e+00 0.000000000000000000e+00 0.000000000000000000e+00 6.414173603057861328e+00 0.000000000000000000e+00 0.000000000000000000e+00
4.000000000000000000e+03 0.000000000000000000e+00 6.422602176666259766e+00 0.000000000000000000e+00 0.000000000000000000e+00 0.000000000000000000e+00 6.422602176666259766e+00 0.000000000000000000e+00 0.000000000000000000e+00
5.000000000000000000e+03 0.000000000000000000e+00 9.968662261962890625e+00 0.000000000000000000e+00 0.000000000000000000e+00 0.000000000000000000e+00 9.968662261962890625e+00 0.000000000000000000e+00 0.000000000000000000e+00
6.000000000000000000e+03 0.000000000000000000e+00 9.968662261962890625e+00 0.000000000000000000e+00 0.000000000000000000e+00 0.000000000000000000e+00 9.968662261962890625e+00 0.000000000000000000e+00 0.000000000000000000e+00
7.000000000000000000e+03 0.000000000000000000e+00 9.968662261962890625e+00 0.000000000000000000e+00 0.000000000000000000e+00 0.000000000000000000e+00 9.968662261962890625e+00 0.000000000000000000e+00 0.000000000000000000e+00
8.000000000000000000e+03 0.000000000000000000e+00 9.968662261962890625e+00 0.000000000000000000e+00 0.000000000000000000e+00 0.000000000000000000e+00 9.968662261962890625e+00 0.000000000000000000e+00 0.000000000000000000e+00
9.000000000000000000e+03 0.000000000000000000e+00 9.968662261962890625e+00 0.000000000000000000e+00 0.000000000000000000e+00 0.000000000000000000e+00 9.968662261962890625e+00 0.000000000000000000e+00 0.000000000000000000e+00
1.000000000000000000e+04 0.000000000000000000e+00 9.968662261962890625e+00 0.000000000000000000e+00 0.000000000000000000e+00 0.000000000000000000e+00 9.968662261962890625e+00 0.000000000000000000e+00 0.000000000000000000e+00
1.100000000000000000e+04 0.000000000000000000e+00 9.968662261962890625e+00 0.000000000000000000e+00 0.000000000000000000e+00 0.000000000000000000e+00 9.968662261962890625e+00 0.000000000000000000e+00 0.000000000000000000e+00
1.200000000000000000e+04 0.000000000000000000e+00 9.968662261962890625e+00 0.000000000000000000e+00 0.000000000000000000e+00 0.000000000000000000e+00 9.968662261962890625e+00 0.000000000000000000e+00 0.000000000000000000e+00
1.300000000000000000e+04 0.000000000000000000e+00 9.968661308288574219e+00 0.000000000000000000e+00 0.000000000000000000e+00 0.000000000000000000e+00 9.968661308288574219e+00 0.000000000000000000e+00 0.000000000000000000e+00
1.400000000000000000e+04 0.000000000000000000e+00 9.968661308288574219e+00 0.000000000000000000e+00 0.000000000000000000e+00 0.000000000000000000e+00 9.968661308288574219e+00 0.000000000000000000e+00 0.000000000000000000e+00
1.500000000000000000e+04 0.000000000000000000e+00 9.968661308288574219e+00 0.000000000000000000e+00 0.000000000000000000e+00 0.000000000000000000e+00 9.968661308288574219e+00 0.000000000000000000e+00 0.000000000000000000e+00
1.600000000000000000e+04 0.000000000000000000e+00 9.968661308288574219e+00 0.000000000000000000e+00 0.000000000000000000e+00 0.000000000000000000e+00 9.968661308288574219e+00 0.000000000000000000e+00 0.000000000000000000e+00
1.700000000000000000e+04 0.000000000000000000e+00 9.968662261962890625e+00 0.000000000000000000e+00 0.000000000000000000e+00 0.000000000000000000e+00 9.968662261962890625e+00 0.000000000000000000e+00 0.000000000000000000e+00
1.800000000000000000e+04 0.000000000000000000e+00 9.968661308288574219e+00 0.000000000000000000e+00 0.000000000000000000e+00 0.000000000000000000e+00 9.968661308288574219e+00 0.000000000000000000e+00 0.000000000000000000e+00
1.900000000000000000e+04 0.000000000000000000e+00 9.968661308288574219e+00 0.000000000000000000e+00 0.000000000000000000e+00 0.000000000000000000e+00 9.968661308288574219e+00 0.000000000000000000e+00 0.000000000000000000e+00
2.000000000000000000e+04 0.000000000000000000e+00 9.968661308288574219e+00 0.000000000000000000e+00 0.000000000000000000e+00 0.000000000000000000e+00 9.968661308288574219e+00 0.000000000000000000e+00 0.000000000000000000e+00
