# step, loss_train, loss_test, metrics_test
0.000000000000000000e+00 0.000000000000000000e+00 1.337419281005859375e+02 2.442998352050781250e+02 4.785767211914062500e+02 0.000000000000000000e+00 1.337419281005859375e+02 2.442998352050781250e+02 4.785767211914062500e+02
1.000000000000000000e+03 0.000000000000000000e+00 3.167288085937500000e+03 6.651912841796875000e+02 2.785900878906250000e+03 0.000000000000000000e+00 3.167288085937500000e+03 6.651912841796875000e+02 2.785900878906250000e+03
2.000000000000000000e+03 0.000000000000000000e+00 1.230702285766601562e+02 1.220677471160888672e+01 5.056662292480468750e+02 0.000000000000000000e+00 1.230702285766601562e+02 1.220677471160888672e+01 5.056662292480468750e+02
3.000000000000000000e+03 0.000000000000000000e+00 1.948512840270996094e+01 3.214872741699218750e+01 4.265791625976562500e+02 0.000000000000000000e+00 1.948512840270996094e+01 3.214872741699218750e+01 4.265791625976562500e+02
4.000000000000000000e+03 0.000000000000000000e+00 1.866865158081054688e+01 3.113166618347167969e+01 4.259105224609375000e+02 0.000000000000000000e+00 1.866865158081054688e+01 3.113166618347167969e+01 4.259105224609375000e+02
5.000000000000000000e+03 0.000000000000000000e+00 1.873848342895507812e+01 2.784997558593750000e+01 4.259685363769531250e+02 0.000000000000000000e+00 1.873848342895507812e+01 2.784997558593750000e+01 4.259685363769531250e+02
6.000000000000000000e+03 0.000000000000000000e+00 1.820091819763183594e+01 2.132961654663085938e+01 4.255113525390625000e+02 0.000000000000000000e+00 1.820091819763183594e+01 2.132961654663085938e+01 4.255113525390625000e+02
7.000000000000000000e+03 0.000000000000000000e+00 3.513521972656250000e+03 2.071214686208000000e+12 2.693209472656250000e+03 0.000000000000000000e+00 3.513521972656250000e+03 2.071214686208000000e+12 2.693209472656250000e+03
8.000000000000000000e+03 0.000000000000000000e+00 2.885394726562500000e+04 2.890536718750000000e+04 2.189795117187500000e+04 0.000000000000000000e+00 2.885394726562500000e+04 2.890536718750000000e+04 2.189795117187500000e+04
9.000000000000000000e+03 0.000000000000000000e+00 1.876066406250000000e+04 1.759559765625000000e+04 1.437628808593750000e+04 0.000000000000000000e+00 1.876066406250000000e+04 1.759559765625000000e+04 1.437628808593750000e+04
1.000000000000000000e+04 0.000000000000000000e+00 9.332964843750000000e+03 8.376295898437500000e+03 7.352673339843750000e+03 0.000000000000000000e+00 9.332964843750000000e+03 8.376295898437500000e+03 7.352673339843750000e+03
1.100000000000000000e+04 0.000000000000000000e+00 2.998188476562500000e+03 2.632887207031250000e+03 2.636436767578125000e+03 0.000000000000000000e+00 2.998188476562500000e+03 2.632887207031250000e+03 2.636436767578125000e+03
1.200000000000000000e+04 0.000000000000000000e+00 3.799488525390625000e+02 5.195175781250000000e+02 6.910528564453125000e+02 0.000000000000000000e+00 3.799488525390625000e+02 5.195175781250000000e+02 6.910528564453125000e+02
1.300000000000000000e+04 0.000000000000000000e+00 1.968151733398437500e+03 2.618522460937500000e+03 1.870316162109375000e+03 0.000000000000000000e+00 1.968151733398437500e+03 2.618522460937500000e+03 1.870316162109375000e+03
1.400000000000000000e+04 0.000000000000000000e+00 1.639029907226562500e+03 1.954699218750000000e+03 1.625657470703125000e+03 0.000000000000000000e+00 1.639029907226562500e+03 1.954699218750000000e+03 1.625657470703125000e+03
1.500000000000000000e+04 0.000000000000000000e+00 1.214940795898437500e+03 1.403147338867187500e+03 1.310541625976562500e+03 0.000000000000000000e+00 1.214940795898437500e+03 1.403147338867187500e+03 1.310541625976562500e+03
1.600000000000000000e+04 0.000000000000000000e+00 7.474963378906250000e+02 8.104085693359375000e+02 9.634978027343750000e+02 0.000000000000000000e+00 7.474963378906250000e+02 8.104085693359375000e+02 9.634978027343750000e+02
1.700000000000000000e+04 0.000000000000000000e+00 3.461803588867187500e+02 3.284174194335937500e+02 6.660574951171875000e+02 0.000000000000000000e+00 3.461803588867187500e+02 3.284174194335937500e+02 6.660574951171875000e+02
1.800000000000000000e+04 0.000000000000000000e+00 5.535813964843750000e+03 3.029931458560000000e+11 4.854967285156250000e+03 0.000000000000000000e+00 5.535813964843750000e+03 3.029931458560000000e+11 4.854967285156250000e+03
1.900000000000000000e+04 0.000000000000000000e+00 9.905214233398437500e+02 1.380972167968750000e+03 1.143887329101562500e+03 0.000000000000000000e+00 9.905214233398437500e+02 1.380972167968750000e+03 1.143887329101562500e+03
2.000000000000000000e+04 0.000000000000000000e+00 6.095775146484375000e+02 8.266203613281250000e+02 8.612045288085937500e+02 0.000000000000000000e+00 6.095775146484375000e+02 8.266203613281250000e+02 8.612045288085937500e+02
