# step, loss_train, loss_test, metrics_test
0.000000000000000000e+00 3.068665504455566406e+00 3.202520751953125000e+01 5.503389160156250000e+03 2.942438049316406250e+02 3.068665504455566406e+00 3.202520751953125000e+01 5.503389160156250000e+03 2.942438049316406250e+02
1.000000000000000000e+03 2.499012374877929688e+01 2.287268447875976562e+01 8.959497070312500000e+02 2.838435363769531250e+02 2.499012374877929688e+01 2.287268447875976562e+01 8.959497070312500000e+02 2.838435363769531250e+02
2.000000000000000000e+03 2.094239807128906250e+01 3.610384750366210938e+01 6.388688278198242188e+01 2.869635925292968750e+02 2.094239807128906250e+01 3.610384750366210938e+01 6.388688278198242188e+01 2.869635925292968750e+02
3.000000000000000000e+03 5.764131069183349609e+00 3.467494964599609375e+01 3.013759374618530273e+00 2.837219848632812500e+02 5.764131069183349609e+00 3.467494964599609375e+01 3.013759374618530273e+00 2.837219848632812500e+02
4.000000000000000000e+03 2.690420389175415039e+00 3.297834396362304688e+01 2.086110353469848633e+00 2.742158813476562500e+02 2.690420389175415039e+00 3.297834396362304688e+01 2.086110353469848633e+00 2.742158813476562500e+02
5.000000000000000000e+03 1.872094750404357910e+00 3.232414245605468750e+01 2.069182157516479492e+00 2.673631591796875000e+02 1.872094750404357910e+00 3.232414245605468750e+01 2.069182157516479492e+00 2.673631591796875000e+02
6.000000000000000000e+03 1.552343487739562988e+00 3.126304054260253906e+01 2.149368286132812500e+00 2.634673461914062500e+02 1.552343487739562988e+00 3.126304054260253906e+01 2.149368286132812500e+00 2.634673461914062500e+02
7.000000000000000000e+03 1.332624077796936035e+00 2.947485160827636719e+01 2.036862373352050781e+00 2.615982055664062500e+02 1.332624077796936035e+00 2.947485160827636719e+01 2.036862373352050781e+00 2.615982055664062500e+02
8.000000000000000000e+03 1.158941388130187988e+00 2.679364585876464844e+01 1.643968343734741211e+00 2.607226257324218750e+02 1.158941388130187988e+00 2.679364585876464844e+01 1.643968343734741211e+00 2.607226257324218750e+02
9.000000000000000000e+03 1.039951562881469727e+00 2.326085090637207031e+01 1.125621080398559570e+00 2.603504943847656250e+02 1.039951562881469727e+00 2.326085090637207031e+01 1.125621080398559570e+00 2.603504943847656250e+02
1.000000000000000000e+04 8.958376049995422363e-01 1.949505805969238281e+01 7.191227078437805176e-01 2.603507385253906250e+02 8.958376049995422363e-01 1.949505805969238281e+01 7.191227078437805176e-01 2.603507385253906250e+02
1.100000000000000000e+04 7.276273965835571289e-01 1.670018959045410156e+01 5.592721700668334961e-01 2.603587951660156250e+02 7.276273965835571289e-01 1.670018959045410156e+01 5.592721700668334961e-01 2.603587951660156250e+02
1.200000000000000000e+04 6.101481914520263672e-01 1.505108451843261719e+01 5.492071509361267090e-01 2.599531555175781250e+02 6.101481914520263672e-01 1.505108451843261719e+01 5.492071509361267090e-01 2.599531555175781250e+02
1.300000000000000000e+04 5.563321113586425781e-01 1.403950977325439453e+01 5.846078991889953613e-01 2.590988464355468750e+02 5.563321113586425781e-01 1.403950977325439453e+01 5.846078991889953613e-01 2.590988464355468750e+02
1.400000000000000000e+04 5.582742691040039062e-01 1.329923725128173828e+01 6.326224803924560547e-01 2.579281005859375000e+02 5.582742691040039062e-01 1.329923725128173828e+01 6.326224803924560547e-01 2.579281005859375000e+02
1.500000000000000000e+04 6.645720005035400391e-01 1.267186164855957031e+01 7.265427112579345703e-01 2.563975830078125000e+02 6.645720005035400391e-01 1.267186164855957031e+01 7.265427112579345703e-01 2.563975830078125000e+02
1.600000000000000000e+04 6.960916519165039062e-01 1.230130004882812500e+01 7.678437232971191406e-01 2.544938659667968750e+02 6.960916519165039062e-01 1.230130004882812500e+01 7.678437232971191406e-01 2.544938659667968750e+02
1.700000000000000000e+04 7.486168742179870605e-01 1.218051147460937500e+01 8.768132925033569336e-01 2.521603240966796875e+02 7.486168742179870605e-01 1.218051147460937500e+01 8.768132925033569336e-01 2.521603240966796875e+02
1.800000000000000000e+04 8.176915049552917480e-01 1.239317607879638672e+01 9.792585968971252441e-01 2.493903350830078125e+02 8.176915049552917480e-01 1.239317607879638672e+01 9.792585968971252441e-01 2.493903350830078125e+02
1.900000000000000000e+04 9.051985740661621094e-01 1.291913127899169922e+01 1.113569498062133789e+00 2.459035644531250000e+02 9.051985740661621094e-01 1.291913127899169922e+01 1.113569498062133789e+00 2.459035644531250000e+02
2.000000000000000000e+04 1.104025006294250488e+00 1.370874977111816406e+01 1.407428264617919922e+00 2.411326904296875000e+02 1.104025006294250488e+00 1.370874977111816406e+01 1.407428264617919922e+00 2.411326904296875000e+02
