# step, loss_train, loss_test, metrics_test
0.000000000000000000e+00 2.100288867187500000e+04 5.054625549316406250e+02 6.309298828125000000e+04 6.336826171875000000e+02 2.100288867187500000e+04 5.054625549316406250e+02 6.309298828125000000e+04 6.336826171875000000e+02
1.000000000000000000e+03 1.169799575805664062e+02 1.543038845062255859e+01 1.560452461242675781e+00 2.515984039306640625e+02 1.169799575805664062e+02 1.543038845062255859e+01 1.560452461242675781e+00 2.515984039306640625e+02
2.000000000000000000e+03 5.833615875244140625e+01 7.469189643859863281e+00 4.477471113204956055e-01 2.392672576904296875e+02 5.833615875244140625e+01 7.469189643859863281e+00 4.477471113204956055e-01 2.392672576904296875e+02
3.000000000000000000e+03 3.581595230102539062e+01 5.850316047668457031e+00 4.876671135425567627e-01 2.271805267333984375e+02 3.581595230102539062e+01 5.850316047668457031e+00 4.876671135425567627e-01 2.271805267333984375e+02
4.000000000000000000e+03 2.817659568786621094e+01 5.052044868469238281e+00 2.804845273494720459e-01 2.068428955078125000e+02 2.817659568786621094e+01 5.052044868469238281e+00 2.804845273494720459e-01 2.068428955078125000e+02
5.000000000000000000e+03 2.792547798156738281e+01 4.264974117279052734e+00 1.268992066383361816e+00 1.711635437011718750e+02 2.792547798156738281e+01 4.264974117279052734e+00 1.268992066383361816e+00 1.711635437011718750e+02
6.000000000000000000e+03 3.176767921447753906e+01 2.427155256271362305e+00 1.809992194175720215e+00 1.236718444824218750e+02 3.176767921447753906e+01 2.427155256271362305e+00 1.809992194175720215e+00 1.236718444824218750e+02
7.000000000000000000e+03 3.335378265380859375e+01 1.841012954711914062e+00 6.748171329498291016e+00 8.733759307861328125e+01 3.335378265380859375e+01 1.841012954711914062e+00 6.748171329498291016e+00 8.733759307861328125e+01
8.000000000000000000e+03 3.349843215942382812e+01 9.054193496704101562e-01 2.082854270935058594e+00 6.215819168090820312e+01 3.349843215942382812e+01 9.054193496704101562e-01 2.082854270935058594e+00 6.215819168090820312e+01
9.000000000000000000e+03 3.310394287109375000e+01 1.160542845726013184e+00 8.582685470581054688e+00 4.766073608398437500e+01 3.310394287109375000e+01 1.160542845726013184e+00 8.582685470581054688e+00 4.766073608398437500e+01
1.000000000000000000e+04 3.214551544189453125e+01 4.563488066196441650e-01 5.206010341644287109e+00 3.729732513427734375e+01 3.214551544189453125e+01 4.563488066196441650e-01 5.206010341644287109e+00 3.729732513427734375e+01
1.100000000000000000e+04 2.902713966369628906e+01 4.127575755119323730e-01 7.982181310653686523e-01 2.948409080505371094e+01 2.902713966369628906e+01 4.127575755119323730e-01 7.982181310653686523e-01 2.948409080505371094e+01
1.200000000000000000e+04 2.886850547790527344e+01 4.467459619045257568e-01 1.941867113113403320e+00 2.573526382446289062e+01 2.886850547790527344e+01 4.467459619045257568e-01 1.941867113113403320e+00 2.573526382446289062e+01
1.300000000000000000e+04 2.668807220458984375e+01 2.433033883571624756e-01 1.129235506057739258e+00 2.225005531311035156e+01 2.668807220458984375e+01 2.433033883571624756e-01 1.129235506057739258e+00 2.225005531311035156e+01
1.400000000000000000e+04 2.638029670715332031e+01 4.820040464401245117e-01 2.892183542251586914e+00 1.921829223632812500e+01 2.638029670715332031e+01 4.820040464401245117e-01 2.892183542251586914e+00 1.921829223632812500e+01
1.500000000000000000e+04 2.456300926208496094e+01 1.459553390741348267e-01 1.777820014953613281e+01 1.653256797790527344e+01 2.456300926208496094e+01 1.459553390741348267e-01 1.777820014953613281e+01 1.653256797790527344e+01
1.600000000000000000e+04 2.220981407165527344e+01 1.040342077612876892e-01 1.004268836975097656e+01 1.469543838500976562e+01 2.220981407165527344e+01 1.040342077612876892e-01 1.004268836975097656e+01 1.469543838500976562e+01
1.700000000000000000e+04 2.136884117126464844e+01 9.348876774311065674e-02 1.090944099426269531e+01 1.343469429016113281e+01 2.136884117126464844e+01 9.348876774311065674e-02 1.090944099426269531e+01 1.343469429016113281e+01
1.800000000000000000e+04 1.954526519775390625e+01 1.315125375986099243e-01 1.007344007492065430e+00 1.228327751159667969e+01 1.954526519775390625e+01 1.315125375986099243e-01 1.007344007492065430e+00 1.228327751159667969e+01
1.900000000000000000e+04 1.914289665222167969e+01 7.287566363811492920e-02 9.703348159790039062e+00 1.091575622558593750e+01 1.914289665222167969e+01 7.287566363811492920e-02 9.703348159790039062e+00 1.091575622558593750e+01
2.000000000000000000e+04 1.931250190734863281e+01 1.767839342355728149e-01 2.525038719177246094e+00 1.040898799896240234e+01 1.931250190734863281e+01 1.767839342355728149e-01 2.525038719177246094e+00 1.040898799896240234e+01
