# step, loss_train, loss_test, metrics_test
0.000000000000000000e+00 1.329058837890625000e+03 3.118298721313476562e+01 7.037784667968750000e+03 4.510773315429687500e+02 1.329058837890625000e+03 3.118298721313476562e+01 7.037784667968750000e+03 4.510773315429687500e+02
1.000000000000000000e+03 3.077608032226562500e+02 1.663493537902832031e+01 6.826086425781250000e+02 4.054732666015625000e+02 3.077608032226562500e+02 1.663493537902832031e+01 6.826086425781250000e+02 4.054732666015625000e+02
2.000000000000000000e+03 2.365677185058593750e+02 2.024235916137695312e+01 1.969722442626953125e+02 4.019863281250000000e+02 2.365677185058593750e+02 2.024235916137695312e+01 1.969722442626953125e+02 4.019863281250000000e+02
3.000000000000000000e+03 1.062633895874023438e+02 2.267869377136230469e+01 2.217368316650390625e+01 3.967677307128906250e+02 1.062633895874023438e+02 2.267869377136230469e+01 2.217368316650390625e+01 3.967677307128906250e+02
4.000000000000000000e+03 5.541081237792968750e+01 2.299295806884765625e+01 4.879051685333251953e+00 3.852514343261718750e+02 5.541081237792968750e+01 2.299295806884765625e+01 4.879051685333251953e+00 3.852514343261718750e+02
5.000000000000000000e+03 3.489560699462890625e+01 2.191769599914550781e+01 2.231005191802978516e+00 3.675138549804687500e+02 3.489560699462890625e+01 2.191769599914550781e+01 2.231005191802978516e+00 3.675138549804687500e+02
6.000000000000000000e+03 2.336160850524902344e+01 2.055027961730957031e+01 1.223602175712585449e+00 3.545593261718750000e+02 2.336160850524902344e+01 2.055027961730957031e+01 1.223602175712585449e+00 3.545593261718750000e+02
7.000000000000000000e+03 1.544834518432617188e+01 1.919129943847656250e+01 6.495540142059326172e-01 3.425173645019531250e+02 1.544834518432617188e+01 1.919129943847656250e+01 6.495540142059326172e-01 3.425173645019531250e+02
8.000000000000000000e+03 1.235769844055175781e+01 1.638211441040039062e+01 4.559969604015350342e-01 3.183771057128906250e+02 1.235769844055175781e+01 1.638211441040039062e+01 4.559969604015350342e-01 3.183771057128906250e+02
9.000000000000000000e+03 1.629249382019042969e+01 1.118605232238769531e+01 7.352309823036193848e-01 2.698862304687500000e+02 1.629249382019042969e+01 1.118605232238769531e+01 7.352309823036193848e-01 2.698862304687500000e+02
1.000000000000000000e+04 2.480767059326171875e+01 7.522856235504150391e+00 9.994497895240783691e-01 1.738848266601562500e+02 2.480767059326171875e+01 7.522856235504150391e+00 9.994497895240783691e-01 1.738848266601562500e+02
1.100000000000000000e+04 2.453258323669433594e+01 2.278632164001464844e+00 5.564998984336853027e-01 5.742615127563476562e+01 2.453258323669433594e+01 2.278632164001464844e+00 5.564998984336853027e-01 5.742615127563476562e+01
1.200000000000000000e+04 1.458145236968994141e+01 6.941002011299133301e-01 8.127036690711975098e-01 2.368843269348144531e+01 1.458145236968994141e+01 6.941002011299133301e-01 8.127036690711975098e-01 2.368843269348144531e+01
1.300000000000000000e+04 8.785270690917968750e+00 2.644728720188140869e-01 2.169117480516433716e-01 1.413912391662597656e+01 8.785270690917968750e+00 2.644728720188140869e-01 2.169117480516433716e-01 1.413912391662597656e+01
1.400000000000000000e+04 5.593382358551025391e+00 1.230868846178054810e-01 1.353636533021926880e-01 9.697976112365722656e+00 5.593382358551025391e+00 1.230868846178054810e-01 1.353636533021926880e-01 9.697976112365722656e+00
1.500000000000000000e+04 4.122175216674804688e+00 8.434386551380157471e-02 2.170170545578002930e-01 7.340453147888183594e+00 4.122175216674804688e+00 8.434386551380157471e-02 2.170170545578002930e-01 7.340453147888183594e+00
1.600000000000000000e+04 2.906908988952636719e+00 5.883151665329933167e-02 2.790199816226959229e-01 5.652219772338867188e+00 2.906908988952636719e+00 5.883151665329933167e-02 2.790199816226959229e-01 5.652219772338867188e+00
1.700000000000000000e+04 1.670616745948791504e+00 3.891253471374511719e-02 5.573277547955513000e-02 4.480950832366943359e+00 1.670616745948791504e+00 3.891253471374511719e-02 5.573277547955513000e-02 4.480950832366943359e+00
1.800000000000000000e+04 9.021035432815551758e-01 2.596926689147949219e-02 6.855118088424205780e-03 3.639475584030151367e+00 9.021035432815551758e-01 2.596926689147949219e-02 6.855118088424205780e-03 3.639475584030151367e+00
1.900000000000000000e+04 3.868580162525177002e-01 1.678377576172351837e-02 2.306373976171016693e-02 3.133318901062011719e+00 3.868580162525177002e-01 1.678377576172351837e-02 2.306373976171016693e-02 3.133318901062011719e+00
2.000000000000000000e+04 1.521175354719161987e-01 8.107437752187252045e-03 7.672622799873352051e-02 2.416656970977783203e+00 1.521175354719161987e-01 8.107437752187252045e-03 7.672622799873352051e-02 2.416656970977783203e+00
