# step, loss_train, loss_test, metrics_test
0.000000000000000000e+00 1.469166946411132812e+01 2.671159744262695312e+01 3.364912109375000000e+03 3.823354492187500000e+02 1.469166946411132812e+01 2.671159744262695312e+01 3.364912109375000000e+03 3.823354492187500000e+02
1.000000000000000000e+03 6.634979724884033203e+00 2.102653312683105469e+01 2.759244873046875000e+03 3.753801879882812500e+02 6.634979724884033203e+00 2.102653312683105469e+01 2.759244873046875000e+03 3.753801879882812500e+02
2.000000000000000000e+03 1.389126300811767578e+01 1.598321342468261719e+01 2.119894287109375000e+03 3.682289123535156250e+02 1.389126300811767578e+01 1.598321342468261719e+01 2.119894287109375000e+03 3.682289123535156250e+02
3.000000000000000000e+03 1.382687664031982422e+01 1.291402149200439453e+01 1.448175659179687500e+03 3.623360900878906250e+02 1.382687664031982422e+01 1.291402149200439453e+01 1.448175659179687500e+03 3.623360900878906250e+02
4.000000000000000000e+03 1.471612548828125000e+01 1.286794185638427734e+01 9.077633056640625000e+02 3.591908264160156250e+02 1.471612548828125000e+01 1.286794185638427734e+01 9.077633056640625000e+02 3.591908264160156250e+02
5.000000000000000000e+03 2.463254737854003906e+01 1.493815612792968750e+01 6.447014770507812500e+02 3.588654785156250000e+02 2.463254737854003906e+01 1.493815612792968750e+01 6.447014770507812500e+02 3.588654785156250000e+02
6.000000000000000000e+03 2.066438293457031250e+01 1.734453964233398438e+01 5.302839965820312500e+02 3.589535827636718750e+02 2.066438293457031250e+01 1.734453964233398438e+01 5.302839965820312500e+02 3.589535827636718750e+02
7.000000000000000000e+03 1.920828437805175781e+01 1.963025474548339844e+01 4.413601684570312500e+02 3.580054321289062500e+02 1.920828437805175781e+01 1.963025474548339844e+01 4.413601684570312500e+02 3.580054321289062500e+02
8.000000000000000000e+03 2.280855941772460938e+01 2.193668365478515625e+01 3.425996704101562500e+02 3.545967407226562500e+02 2.280855941772460938e+01 2.193668365478515625e+01 3.425996704101562500e+02 3.545967407226562500e+02
9.000000000000000000e+03 2.494680213928222656e+01 2.548038673400878906e+01 2.203557586669921875e+02 3.483120727539062500e+02 2.494680213928222656e+01 2.548038673400878906e+01 2.203557586669921875e+02 3.483120727539062500e+02
1.000000000000000000e+04 1.938033103942871094e+01 3.127240180969238281e+01 1.014572753906250000e+02 3.416403808593750000e+02 1.938033103942871094e+01 3.127240180969238281e+01 1.014572753906250000e+02 3.416403808593750000e+02
1.100000000000000000e+04 1.212475585937500000e+01 3.564794158935546875e+01 3.402341461181640625e+01 3.372224426269531250e+02 1.212475585937500000e+01 3.564794158935546875e+01 3.402341461181640625e+01 3.372224426269531250e+02
1.200000000000000000e+04 6.590981006622314453e+00 3.647514724731445312e+01 9.929533004760742188e+00 3.344860534667968750e+02 6.590981006622314453e+00 3.647514724731445312e+01 9.929533004760742188e+00 3.344860534667968750e+02
1.300000000000000000e+04 3.422493219375610352e+00 3.529077911376953125e+01 5.190737247467041016e+00 3.337128601074218750e+02 3.422493219375610352e+00 3.529077911376953125e+01 5.190737247467041016e+00 3.337128601074218750e+02
1.400000000000000000e+04 1.969604015350341797e+00 3.347314834594726562e+01 3.969827651977539062e+00 3.338442687988281250e+02 1.969604015350341797e+00 3.347314834594726562e+01 3.969827651977539062e+00 3.338442687988281250e+02
1.500000000000000000e+04 1.342441320419311523e+00 3.187693786621093750e+01 3.190286159515380859e+00 3.338762817382812500e+02 1.342441320419311523e+00 3.187693786621093750e+01 3.190286159515380859e+00 3.338762817382812500e+02
1.600000000000000000e+04 1.025790572166442871e+00 3.045894432067871094e+01 2.723664999008178711e+00 3.336637268066406250e+02 1.025790572166442871e+00 3.045894432067871094e+01 2.723664999008178711e+00 3.336637268066406250e+02
1.700000000000000000e+04 8.480353355407714844e-01 2.889341354370117188e+01 2.444550991058349609e+00 3.333349304199218750e+02 8.480353355407714844e-01 2.889341354370117188e+01 2.444550991058349609e+00 3.333349304199218750e+02
1.800000000000000000e+04 7.890346050262451172e-01 2.712347602844238281e+01 2.212648868560791016e+00 3.327868041992187500e+02 7.890346050262451172e-01 2.712347602844238281e+01 2.212648868560791016e+00 3.327868041992187500e+02
1.900000000000000000e+04 8.108817338943481445e-01 2.518865776062011719e+01 2.011236190795898438e+00 3.317969055175781250e+02 8.108817338943481445e-01 2.518865776062011719e+01 2.011236190795898438e+00 3.317969055175781250e+02
2.000000000000000000e+04 8.644820451736450195e-01 2.312079620361328125e+01 1.825220942497253418e+00 3.303941650390625000e+02 8.644820451736450195e-01 2.312079620361328125e+01 1.825220942497253418e+00 3.303941650390625000e+02
