# step, loss_train, loss_test, metrics_test
0.000000000000000000e+00 0.000000000000000000e+00 4.025149917602539062e+01 9.156396484375000000e+03 4.124581604003906250e+02 0.000000000000000000e+00 4.025149917602539062e+01 9.156396484375000000e+03 4.124581604003906250e+02
1.000000000000000000e+03 0.000000000000000000e+00 1.061031913757324219e+01 2.175422286987304688e+01 8.372790527343750000e+01 0.000000000000000000e+00 1.061031913757324219e+01 2.175422286987304688e+01 8.372790527343750000e+01
2.000000000000000000e+03 0.000000000000000000e+00 5.705514550209045410e-01 9.657608032226562500e+00 1.326792359352111816e+00 0.000000000000000000e+00 5.705514550209045410e-01 9.657608032226562500e+00 1.326792359352111816e+00
3.000000000000000000e+03 0.000000000000000000e+00 2.172270044684410095e-02 1.472641248255968094e-02 4.878759086132049561e-01 0.000000000000000000e+00 2.172270044684410095e-02 1.472641248255968094e-02 4.878759086132049561e-01
4.000000000000000000e+03 0.000000000000000000e+00 9.050481021404266357e-03 3.100378215312957764e-01 6.047060489654541016e-01 0.000000000000000000e+00 9.050481021404266357e-03 3.100378215312957764e-01 6.047060489654541016e-01
5.000000000000000000e+03 0.000000000000000000e+00 2.385992622375488281e+01 2.938026855468750000e+03 3.685608215332031250e+02 0.000000000000000000e+00 2.385992622375488281e+01 2.938026855468750000e+03 3.685608215332031250e+02
6.000000000000000000e+03 0.000000000000000000e+00 2.386033248901367188e+01 2.938026123046875000e+03 3.685610656738281250e+02 0.000000000000000000e+00 2.386033248901367188e+01 2.938026123046875000e+03 3.685610656738281250e+02
7.000000000000000000e+03 0.000000000000000000e+00 2.386037254333496094e+01 2.938026123046875000e+03 3.685611267089843750e+02 0.000000000000000000e+00 2.386037254333496094e+01 2.938026123046875000e+03 3.685611267089843750e+02
8.000000000000000000e+03 0.000000000000000000e+00 2.386041450500488281e+01 2.938026123046875000e+03 3.685611572265625000e+02 0.000000000000000000e+00 2.386041450500488281e+01 2.938026123046875000e+03 3.685611572265625000e+02
9.000000000000000000e+03 0.000000000000000000e+00 2.386045265197753906e+01 2.938026123046875000e+03 3.685611572265625000e+02 0.000000000000000000e+00 2.386045265197753906e+01 2.938026123046875000e+03 3.685611572265625000e+02
1.000000000000000000e+04 0.000000000000000000e+00 2.386045265197753906e+01 2.938026123046875000e+03 3.685611572265625000e+02 0.000000000000000000e+00 2.386045265197753906e+01 2.938026123046875000e+03 3.685611572265625000e+02
1.100000000000000000e+04 0.000000000000000000e+00 2.386045265197753906e+01 2.938026123046875000e+03 3.685611572265625000e+02 0.000000000000000000e+00 2.386045265197753906e+01 2.938026123046875000e+03 3.685611572265625000e+02
1.200000000000000000e+04 0.000000000000000000e+00 2.386045265197753906e+01 2.938026123046875000e+03 3.685611572265625000e+02 0.000000000000000000e+00 2.386045265197753906e+01 2.938026123046875000e+03 3.685611572265625000e+02
1.300000000000000000e+04 0.000000000000000000e+00 2.386045265197753906e+01 2.938026123046875000e+03 3.685611572265625000e+02 0.000000000000000000e+00 2.386045265197753906e+01 2.938026123046875000e+03 3.685611572265625000e+02
1.400000000000000000e+04 0.000000000000000000e+00 2.386047363281250000e+01 2.938025634765625000e+03 3.685611877441406250e+02 0.000000000000000000e+00 2.386047363281250000e+01 2.938025634765625000e+03 3.685611877441406250e+02
1.500000000000000000e+04 0.000000000000000000e+00 2.386045265197753906e+01 2.938026123046875000e+03 3.685611572265625000e+02 0.000000000000000000e+00 2.386045265197753906e+01 2.938026123046875000e+03 3.685611572265625000e+02
1.600000000000000000e+04 0.000000000000000000e+00 2.386045265197753906e+01 2.938026123046875000e+03 3.685611572265625000e+02 0.000000000000000000e+00 2.386045265197753906e+01 2.938026123046875000e+03 3.685611572265625000e+02
1.700000000000000000e+04 0.000000000000000000e+00 2.386053276062011719e+01 2.938026123046875000e+03 3.685611877441406250e+02 0.000000000000000000e+00 2.386053276062011719e+01 2.938026123046875000e+03 3.685611877441406250e+02
1.800000000000000000e+04 0.000000000000000000e+00 2.386047363281250000e+01 2.938025634765625000e+03 3.685611877441406250e+02 0.000000000000000000e+00 2.386047363281250000e+01 2.938025634765625000e+03 3.685611877441406250e+02
1.900000000000000000e+04 0.000000000000000000e+00 2.386033248901367188e+01 2.938026123046875000e+03 3.685610656738281250e+02 0.000000000000000000e+00 2.386033248901367188e+01 2.938026123046875000e+03 3.685610656738281250e+02
2.000000000000000000e+04 0.000000000000000000e+00 2.385966300964355469e+01 2.938027587890625000e+03 3.685606384277343750e+02 0.000000000000000000e+00 2.385966300964355469e+01 2.938027587890625000e+03 3.685606384277343750e+02
