# step, loss_train, loss_test, metrics_test
0.000000000000000000e+00 0.000000000000000000e+00 3.919147491455078125e+01 0.000000000000000000e+00 4.337039184570312500e+02 0.000000000000000000e+00 3.919147491455078125e+01 0.000000000000000000e+00 4.337039184570312500e+02
1.000000000000000000e+03 0.000000000000000000e+00 1.225656890869140625e+01 0.000000000000000000e+00 3.708299560546875000e+02 0.000000000000000000e+00 1.225656890869140625e+01 0.000000000000000000e+00 3.708299560546875000e+02
2.000000000000000000e+03 0.000000000000000000e+00 1.710801696777343750e+01 0.000000000000000000e+00 2.893505554199218750e+02 0.000000000000000000e+00 1.710801696777343750e+01 0.000000000000000000e+00 2.893505554199218750e+02
3.000000000000000000e+03 0.000000000000000000e+00 2.946622657775878906e+01 0.000000000000000000e+00 1.880646514892578125e+02 0.000000000000000000e+00 2.946622657775878906e+01 0.000000000000000000e+00 1.880646514892578125e+02
4.000000000000000000e+03 0.000000000000000000e+00 3.383900070190429688e+01 0.000000000000000000e+00 1.377622680664062500e+02 0.000000000000000000e+00 3.383900070190429688e+01 0.000000000000000000e+00 1.377622680664062500e+02
5.000000000000000000e+03 0.000000000000000000e+00 3.030060386657714844e+01 0.000000000000000000e+00 1.078484039306640625e+02 0.000000000000000000e+00 3.030060386657714844e+01 0.000000000000000000e+00 1.078484039306640625e+02
6.000000000000000000e+03 0.000000000000000000e+00 2.580798721313476562e+01 0.000000000000000000e+00 8.590387725830078125e+01 0.000000000000000000e+00 2.580798721313476562e+01 0.000000000000000000e+00 8.590387725830078125e+01
7.000000000000000000e+03 0.000000000000000000e+00 2.257169723510742188e+01 0.000000000000000000e+00 6.770861816406250000e+01 0.000000000000000000e+00 2.257169723510742188e+01 0.000000000000000000e+00 6.770861816406250000e+01
8.000000000000000000e+03 0.000000000000000000e+00 1.830831146240234375e+01 0.000000000000000000e+00 5.448114395141601562e+01 0.000000000000000000e+00 1.830831146240234375e+01 0.000000000000000000e+00 5.448114395141601562e+01
9.000000000000000000e+03 0.000000000000000000e+00 1.340384864807128906e+01 0.000000000000000000e+00 4.566190719604492188e+01 0.000000000000000000e+00 1.340384864807128906e+01 0.000000000000000000e+00 4.566190719604492188e+01
1.000000000000000000e+04 0.000000000000000000e+00 8.964622497558593750e+00 0.000000000000000000e+00 3.649391174316406250e+01 0.000000000000000000e+00 8.964622497558593750e+00 0.000000000000000000e+00 3.649391174316406250e+01
1.100000000000000000e+04 0.000000000000000000e+00 4.977493762969970703e+00 0.000000000000000000e+00 2.597981262207031250e+01 0.000000000000000000e+00 4.977493762969970703e+00 0.000000000000000000e+00 2.597981262207031250e+01
1.200000000000000000e+04 0.000000000000000000e+00 2.202475786209106445e+00 0.000000000000000000e+00 1.787463378906250000e+01 0.000000000000000000e+00 2.202475786209106445e+00 0.000000000000000000e+00 1.787463378906250000e+01
1.300000000000000000e+04 0.000000000000000000e+00 1.043097734451293945e+00 0.000000000000000000e+00 1.300131416320800781e+01 0.000000000000000000e+00 1.043097734451293945e+00 0.000000000000000000e+00 1.300131416320800781e+01
1.400000000000000000e+04 0.000000000000000000e+00 7.460106015205383301e-01 0.000000000000000000e+00 9.399402618408203125e+00 0.000000000000000000e+00 7.460106015205383301e-01 0.000000000000000000e+00 9.399402618408203125e+00
1.500000000000000000e+04 0.000000000000000000e+00 5.338156223297119141e-01 0.000000000000000000e+00 6.044041156768798828e+00 0.000000000000000000e+00 5.338156223297119141e-01 0.000000000000000000e+00 6.044041156768798828e+00
1.600000000000000000e+04 0.000000000000000000e+00 1.469205319881439209e-01 0.000000000000000000e+00 3.092377662658691406e+00 0.000000000000000000e+00 1.469205319881439209e-01 0.000000000000000000e+00 3.092377662658691406e+00
1.700000000000000000e+04 0.000000000000000000e+00 2.560243941843509674e-02 0.000000000000000000e+00 1.274344205856323242e+00 0.000000000000000000e+00 2.560243941843509674e-02 0.000000000000000000e+00 1.274344205856323242e+00
1.800000000000000000e+04 0.000000000000000000e+00 4.254688043147325516e-03 0.000000000000000000e+00 5.083888769149780273e-01 0.000000000000000000e+00 4.254688043147325516e-03 0.000000000000000000e+00 5.083888769149780273e-01
1.900000000000000000e+04 0.000000000000000000e+00 9.621221106499433517e-04 0.000000000000000000e+00 2.311932742595672607e-01 0.000000000000000000e+00 9.621221106499433517e-04 0.000000000000000000e+00 2.311932742595672607e-01
2.000000000000000000e+04 0.000000000000000000e+00 6.753909401595592499e-04 0.000000000000000000e+00 1.248051226139068604e-01 0.000000000000000000e+00 6.753909401595592499e-04 0.000000000000000000e+00 1.248051226139068604e-01
