# step, loss_train, loss_test, metrics_test
0.000000000000000000e+00 0.000000000000000000e+00 1.288653106689453125e+02 9.379504882812500000e+03 1.689491882324218750e+02 0.000000000000000000e+00 1.288653106689453125e+02 9.379504882812500000e+03 1.689491882324218750e+02
1.000000000000000000e+03 0.000000000000000000e+00 1.433289623260498047e+01 5.344689331054687500e+02 1.227602005004882812e+02 0.000000000000000000e+00 1.433289623260498047e+01 5.344689331054687500e+02 1.227602005004882812e+02
2.000000000000000000e+03 0.000000000000000000e+00 1.501116943359375000e+01 5.341913452148437500e+02 1.229883041381835938e+02 0.000000000000000000e+00 1.501116943359375000e+01 5.341913452148437500e+02 1.229883041381835938e+02
3.000000000000000000e+03 0.000000000000000000e+00 1.432463550567626953e+01 5.344627075195312500e+02 1.227476806640625000e+02 0.000000000000000000e+00 1.432463550567626953e+01 5.344627075195312500e+02 1.227476806640625000e+02
4.000000000000000000e+03 0.000000000000000000e+00 1.432454013824462891e+01 5.344628295898437500e+02 1.227476425170898438e+02 0.000000000000000000e+00 1.432454013824462891e+01 5.344628295898437500e+02 1.227476425170898438e+02
5.000000000000000000e+03 0.000000000000000000e+00 1.432420349121093750e+01 5.344632568359375000e+02 1.227475280761718750e+02 0.000000000000000000e+00 1.432420349121093750e+01 5.344632568359375000e+02 1.227475280761718750e+02
6.000000000000000000e+03 0.000000000000000000e+00 1.289586162567138672e+01 5.400529174804687500e+02 1.222504272460937500e+02 0.000000000000000000e+00 1.289586162567138672e+01 5.400529174804687500e+02 1.222504272460937500e+02
7.000000000000000000e+03 0.000000000000000000e+00 3.684077072143554688e+01 7.585872192382812500e+02 1.308040618896484375e+02 0.000000000000000000e+00 3.684077072143554688e+01 7.585872192382812500e+02 1.308040618896484375e+02
8.000000000000000000e+03 0.000000000000000000e+00 1.432569313049316406e+01 5.344612426757812500e+02 1.227480392456054688e+02 0.000000000000000000e+00 1.432569313049316406e+01 5.344612426757812500e+02 1.227480392456054688e+02
9.000000000000000000e+03 0.000000000000000000e+00 1.434473037719726562e+01 5.344361572265625000e+02 1.227547073364257812e+02 0.000000000000000000e+00 1.434473037719726562e+01 5.344361572265625000e+02 1.227547073364257812e+02
1.000000000000000000e+04 0.000000000000000000e+00 1.432612514495849609e+01 5.344606933593750000e+02 1.227481994628906250e+02 0.000000000000000000e+00 1.432612514495849609e+01 5.344606933593750000e+02 1.227481994628906250e+02
1.100000000000000000e+04 0.000000000000000000e+00 1.425989913940429688e+01 5.345563964843750000e+02 1.227250289916992188e+02 0.000000000000000000e+00 1.425989913940429688e+01 5.345563964843750000e+02 1.227250289916992188e+02
1.200000000000000000e+04 0.000000000000000000e+00 1.434261417388916016e+01 5.344389648437500000e+02 1.227539672851562500e+02 0.000000000000000000e+00 1.434261417388916016e+01 5.344389648437500000e+02 1.227539672851562500e+02
1.300000000000000000e+04 0.000000000000000000e+00 1.432261848449707031e+01 5.344654541015625000e+02 1.227469711303710938e+02 0.000000000000000000e+00 1.432261848449707031e+01 5.344654541015625000e+02 1.227469711303710938e+02
1.400000000000000000e+04 0.000000000000000000e+00 1.243330764770507812e+01 5.439128417968750000e+02 1.220909042358398438e+02 0.000000000000000000e+00 1.243330764770507812e+01 5.439128417968750000e+02 1.220909042358398438e+02
1.500000000000000000e+04 0.000000000000000000e+00 1.433996677398681641e+01 5.344423828125000000e+02 1.227530441284179688e+02 0.000000000000000000e+00 1.433996677398681641e+01 5.344423828125000000e+02 1.227530441284179688e+02
1.600000000000000000e+04 0.000000000000000000e+00 1.432233142852783203e+01 5.344658203125000000e+02 1.227468719482421875e+02 0.000000000000000000e+00 1.432233142852783203e+01 5.344658203125000000e+02 1.227468719482421875e+02
1.700000000000000000e+04 0.000000000000000000e+00 1.436723518371582031e+01 5.344078369140625000e+02 1.227625808715820312e+02 0.000000000000000000e+00 1.436723518371582031e+01 5.344078369140625000e+02 1.227625808715820312e+02
1.800000000000000000e+04 0.000000000000000000e+00 1.432189941406250000e+01 5.344664306640625000e+02 1.227467117309570312e+02 0.000000000000000000e+00 1.432189941406250000e+01 5.344664306640625000e+02 1.227467117309570312e+02
1.900000000000000000e+04 0.000000000000000000e+00 1.448440265655517578e+01 5.342845458984375000e+02 1.228035812377929688e+02 0.000000000000000000e+00 1.448440265655517578e+01 5.342845458984375000e+02 1.228035812377929688e+02
2.000000000000000000e+04 0.000000000000000000e+00 1.277717685699462891e+01 5.409235839843750000e+02 1.222094039916992188e+02 0.000000000000000000e+00 1.277717685699462891e+01 5.409235839843750000e+02 1.222094039916992188e+02
