# step, loss_train, loss_test, metrics_test
0.000000000000000000e+00 1.635452758789062500e+03 1.299554290771484375e+02 2.617119140625000000e+04 5.029608459472656250e+02 1.635452758789062500e+03 1.299554290771484375e+02 2.617119140625000000e+04 5.029608459472656250e+02
1.000000000000000000e+03 2.292987976074218750e+02 1.801052474975585938e+01 4.227576255798339844e+00 4.313693237304687500e+02 2.292987976074218750e+02 1.801052474975585938e+01 4.227576255798339844e+00 4.313693237304687500e+02
2.000000000000000000e+03 4.010489707652710400e+16 1.085837875000000000e+06 3.077398528000000000e+11 1.259086875000000000e+06 4.010489707652710400e+16 1.085837875000000000e+06 3.077398528000000000e+11 1.259086875000000000e+06
3.000000000000000000e+03 1.025932180796211200e+16 4.217368000000000000e+06 3.515405762560000000e+11 4.891358000000000000e+06 1.025932180796211200e+16 4.217368000000000000e+06 3.515405762560000000e+11 4.891358000000000000e+06
4.000000000000000000e+03 9.571680793500057600e+16 7.041935000000000000e+06 4.415620055040000000e+11 8.161894500000000000e+06 9.571680793500057600e+16 7.041935000000000000e+06 4.415620055040000000e+11 8.161894500000000000e+06
5.000000000000000000e+03 1.613984285327360000e+17 7.180239000000000000e+06 5.316353720320000000e+11 8.322744000000000000e+06 1.613984285327360000e+17 7.180239000000000000e+06 5.316353720320000000e+11 8.322744000000000000e+06
6.000000000000000000e+03 4.086331801600000000e+10 7.819156000000000000e+06 2.817131151360000000e+11 9.047902000000000000e+06 4.086331801600000000e+10 7.819156000000000000e+06 2.817131151360000000e+11 9.047902000000000000e+06
7.000000000000000000e+03 8.314463979569152000e+15 7.691940000000000000e+06 2.963886243840000000e+11 8.901637000000000000e+06 8.314463979569152000e+15 7.691940000000000000e+06 2.963886243840000000e+11 8.901637000000000000e+06
8.000000000000000000e+03 1.580087372635176960e+17 1.177630500000000000e+07 3.049872752640000000e+11 1.363111600000000000e+07 1.580087372635176960e+17 1.177630500000000000e+07 3.049872752640000000e+11 1.363111600000000000e+07
9.000000000000000000e+03 1.416235572883619840e+17 4.257755500000000000e+06 2.640354508800000000e+11 4.923731000000000000e+06 1.416235572883619840e+17 4.257755500000000000e+06 2.640354508800000000e+11 4.923731000000000000e+06
1.000000000000000000e+04 6.193051212552601600e+16 1.143857000000000000e+06 2.268578447360000000e+11 1.316604750000000000e+06 6.193051212552601600e+16 1.143857000000000000e+06 2.268578447360000000e+11 1.316604750000000000e+06
1.100000000000000000e+04 6.019874100780571034e+19 2.178069375000000000e+05 4.623014952960000000e+11 2.561005468750000000e+05 6.019874100780571034e+19 2.178069375000000000e+05 4.623014952960000000e+11 2.561005468750000000e+05
1.200000000000000000e+04 2.611474118947635200e+16 1.493585058593750000e+04 2.877192273920000000e+11 1.812343359375000000e+04 2.611474118947635200e+16 1.493585058593750000e+04 2.877192273920000000e+11 1.812343359375000000e+04
1.300000000000000000e+04 2.332753762461941760e+17 1.353533375000000000e+06 2.672117514240000000e+11 1.571752000000000000e+06 2.332753762461941760e+17 1.353533375000000000e+06 2.672117514240000000e+11 1.571752000000000000e+06
1.400000000000000000e+04 1.944417766043811840e+17 3.057800750000000000e+06 2.791863091200000000e+11 3.548206250000000000e+06 1.944417766043811840e+17 3.057800750000000000e+06 2.791863091200000000e+11 3.548206250000000000e+06
1.500000000000000000e+04 1.541648446128128000e+17 1.461196500000000000e+06 3.031876567040000000e+11 1.697882625000000000e+06 1.541648446128128000e+17 1.461196500000000000e+06 3.031876567040000000e+11 1.697882625000000000e+06
1.600000000000000000e+04 1.796598833192496005e+20 2.538699750000000000e+06 2.497124597760000000e+11 2.945919250000000000e+06 1.796598833192496005e+20 2.538699750000000000e+06 2.497124597760000000e+11 2.945919250000000000e+06
1.700000000000000000e+04 8.478143035736064000e+15 3.261562750000000000e+06 3.394495447040000000e+11 3.767921500000000000e+06 8.478143035736064000e+15 3.261562750000000000e+06 3.394495447040000000e+11 3.767921500000000000e+06
1.800000000000000000e+04 4.801234848029081600e+16 4.077700500000000000e+06 3.526059294720000000e+11 4.710487500000000000e+06 4.801234848029081600e+16 4.077700500000000000e+06 3.526059294720000000e+11 4.710487500000000000e+06
1.900000000000000000e+04 1.062842657291632640e+17 4.948414500000000000e+06 3.398147440640000000e+11 5.722849000000000000e+06 1.062842657291632640e+17 4.948414500000000000e+06 3.398147440640000000e+11 5.722849000000000000e+06
2.000000000000000000e+04 1.113471903575572480e+17 7.308401000000000000e+06 3.947356815360000000e+11 8.468727000000000000e+06 1.113471903575572480e+17 7.308401000000000000e+06 3.947356815360000000e+11 8.468727000000000000e+06
