# step, loss_train, loss_test, metrics_test
0.000000000000000000e+00 1.046157226562500000e+04 3.377626037597656250e+01 0.000000000000000000e+00 9.253868865966796875e+01 1.046157226562500000e+04 3.377626037597656250e+01 0.000000000000000000e+00 9.253868865966796875e+01
1.000000000000000000e+03 1.112297729492187500e+03 3.491254425048828125e+01 0.000000000000000000e+00 8.985836029052734375e+01 1.112297729492187500e+03 3.491254425048828125e+01 0.000000000000000000e+00 8.985836029052734375e+01
2.000000000000000000e+03 3.690860595703125000e+02 3.056657028198242188e+01 0.000000000000000000e+00 8.784652709960937500e+01 3.690860595703125000e+02 3.056657028198242188e+01 0.000000000000000000e+00 8.784652709960937500e+01
3.000000000000000000e+03 1.607991790771484375e+02 2.584060096740722656e+01 0.000000000000000000e+00 8.616718292236328125e+01 1.607991790771484375e+02 2.584060096740722656e+01 0.000000000000000000e+00 8.616718292236328125e+01
4.000000000000000000e+03 6.633862304687500000e+01 2.166349601745605469e+01 0.000000000000000000e+00 8.480193328857421875e+01 6.633862304687500000e+01 2.166349601745605469e+01 0.000000000000000000e+00 8.480193328857421875e+01
5.000000000000000000e+03 2.391739463806152344e+01 1.825677871704101562e+01 0.000000000000000000e+00 8.372383880615234375e+01 2.391739463806152344e+01 1.825677871704101562e+01 0.000000000000000000e+00 8.372383880615234375e+01
6.000000000000000000e+03 1.123955535888671875e+01 1.576374340057373047e+01 0.000000000000000000e+00 8.296278381347656250e+01 1.123955535888671875e+01 1.576374340057373047e+01 0.000000000000000000e+00 8.296278381347656250e+01
7.000000000000000000e+03 8.248470306396484375e+00 1.398494434356689453e+01 0.000000000000000000e+00 8.248605346679687500e+01 8.248470306396484375e+00 1.398494434356689453e+01 0.000000000000000000e+00 8.248605346679687500e+01
8.000000000000000000e+03 6.651273250579833984e+00 1.283682346343994141e+01 0.000000000000000000e+00 8.220250701904296875e+01 6.651273250579833984e+00 1.283682346343994141e+01 0.000000000000000000e+00 8.220250701904296875e+01
9.000000000000000000e+03 5.230660438537597656e+00 1.225813579559326172e+01 0.000000000000000000e+00 8.204712677001953125e+01 5.230660438537597656e+00 1.225813579559326172e+01 0.000000000000000000e+00 8.204712677001953125e+01
1.000000000000000000e+04 3.945772171020507812e+00 1.206872367858886719e+01 0.000000000000000000e+00 8.197257995605468750e+01 3.945772171020507812e+00 1.206872367858886719e+01 0.000000000000000000e+00 8.197257995605468750e+01
1.100000000000000000e+04 2.877103090286254883e+00 1.204118537902832031e+01 0.000000000000000000e+00 8.193389892578125000e+01 2.877103090286254883e+00 1.204118537902832031e+01 0.000000000000000000e+00 8.193389892578125000e+01
1.200000000000000000e+04 2.010359764099121094e+00 1.205591773986816406e+01 0.000000000000000000e+00 8.189871978759765625e+01 2.010359764099121094e+00 1.205591773986816406e+01 0.000000000000000000e+00 8.189871978759765625e+01
1.300000000000000000e+04 1.341727495193481445e+00 1.207270622253417969e+01 0.000000000000000000e+00 8.184788513183593750e+01 1.341727495193481445e+00 1.207270622253417969e+01 0.000000000000000000e+00 8.184788513183593750e+01
1.400000000000000000e+04 8.978648781776428223e-01 1.207073497772216797e+01 0.000000000000000000e+00 8.178213500976562500e+01 8.978648781776428223e-01 1.207073497772216797e+01 0.000000000000000000e+00 8.178213500976562500e+01
1.500000000000000000e+04 6.082987189292907715e-01 1.204316711425781250e+01 0.000000000000000000e+00 8.170065307617187500e+01 6.082987189292907715e-01 1.204316711425781250e+01 0.000000000000000000e+00 8.170065307617187500e+01
1.600000000000000000e+04 4.421643614768981934e-01 1.197646713256835938e+01 0.000000000000000000e+00 8.161018371582031250e+01 4.421643614768981934e-01 1.197646713256835938e+01 0.000000000000000000e+00 8.161018371582031250e+01
1.700000000000000000e+04 3.545004129409790039e-01 1.186078739166259766e+01 0.000000000000000000e+00 8.151045989990234375e+01 3.545004129409790039e-01 1.186078739166259766e+01 0.000000000000000000e+00 8.151045989990234375e+01
1.800000000000000000e+04 3.308531641960144043e-01 1.162393093109130859e+01 0.000000000000000000e+00 8.139998626708984375e+01 3.308531641960144043e-01 1.162393093109130859e+01 0.000000000000000000e+00 8.139998626708984375e+01
1.900000000000000000e+04 4.086131453514099121e-01 1.099238777160644531e+01 0.000000000000000000e+00 8.128262329101562500e+01 4.086131453514099121e-01 1.099238777160644531e+01 0.000000000000000000e+00 8.128262329101562500e+01
2.000000000000000000e+04 5.996105074882507324e-01 9.285869598388671875e+00 0.000000000000000000e+00 8.123373413085937500e+01 5.996105074882507324e-01 9.285869598388671875e+00 0.000000000000000000e+00 8.123373413085937500e+01
