# step, loss_train, loss_test, metrics_test
0.000000000000000000e+00 0.000000000000000000e+00 4.737983322143554688e+01 1.681411895751953125e+02 4.474331970214843750e+02 0.000000000000000000e+00 4.737983322143554688e+01 1.681411895751953125e+02 4.474331970214843750e+02
1.000000000000000000e+03 0.000000000000000000e+00 2.376736141741275787e-02 1.970459342002868652e+00 1.683747291564941406e+00 0.000000000000000000e+00 2.376736141741275787e-02 1.970459342002868652e+00 1.683747291564941406e+00
2.000000000000000000e+03 0.000000000000000000e+00 2.315114252269268036e-02 4.215829968452453613e-01 8.966628909111022949e-01 0.000000000000000000e+00 2.315114252269268036e-02 4.215829968452453613e-01 8.966628909111022949e-01
3.000000000000000000e+03 0.000000000000000000e+00 1.912260246276855469e+01 6.295418930053710938e+01 4.256762084960937500e+02 0.000000000000000000e+00 1.912260246276855469e+01 6.295418930053710938e+01 4.256762084960937500e+02
4.000000000000000000e+03 0.000000000000000000e+00 1.912265586853027344e+01 6.295410156250000000e+01 4.256762695312500000e+02 0.000000000000000000e+00 1.912265586853027344e+01 6.295410156250000000e+01 4.256762695312500000e+02
5.000000000000000000e+03 0.000000000000000000e+00 1.912265586853027344e+01 6.295410156250000000e+01 4.256762695312500000e+02 0.000000000000000000e+00 1.912265586853027344e+01 6.295410156250000000e+01 4.256762695312500000e+02
6.000000000000000000e+03 0.000000000000000000e+00 1.912265777587890625e+01 6.295410156250000000e+01 4.256762695312500000e+02 0.000000000000000000e+00 1.912265777587890625e+01 6.295410156250000000e+01 4.256762695312500000e+02
7.000000000000000000e+03 0.000000000000000000e+00 1.912266159057617188e+01 6.295409011840820312e+01 4.256762695312500000e+02 0.000000000000000000e+00 1.912266159057617188e+01 6.295409011840820312e+01 4.256762695312500000e+02
8.000000000000000000e+03 0.000000000000000000e+00 1.912266159057617188e+01 6.295409011840820312e+01 4.256762695312500000e+02 0.000000000000000000e+00 1.912266159057617188e+01 6.295409011840820312e+01 4.256762695312500000e+02
9.000000000000000000e+03 0.000000000000000000e+00 1.912266159057617188e+01 6.295409011840820312e+01 4.256762695312500000e+02 0.000000000000000000e+00 1.912266159057617188e+01 6.295409011840820312e+01 4.256762695312500000e+02
1.000000000000000000e+04 0.000000000000000000e+00 1.912266159057617188e+01 6.295409011840820312e+01 4.256762695312500000e+02 0.000000000000000000e+00 1.912266159057617188e+01 6.295409011840820312e+01 4.256762695312500000e+02
1.100000000000000000e+04 0.000000000000000000e+00 1.912266159057617188e+01 6.295409011840820312e+01 4.256762695312500000e+02 0.000000000000000000e+00 1.912266159057617188e+01 6.295409011840820312e+01 4.256762695312500000e+02
1.200000000000000000e+04 0.000000000000000000e+00 1.912266159057617188e+01 6.295409011840820312e+01 4.256762695312500000e+02 0.000000000000000000e+00 1.912266159057617188e+01 6.295409011840820312e+01 4.256762695312500000e+02
1.300000000000000000e+04 0.000000000000000000e+00 1.912266159057617188e+01 6.295409011840820312e+01 4.256762695312500000e+02 0.000000000000000000e+00 1.912266159057617188e+01 6.295409011840820312e+01 4.256762695312500000e+02
1.400000000000000000e+04 0.000000000000000000e+00 1.912266349792480469e+01 6.295409011840820312e+01 4.256762084960937500e+02 0.000000000000000000e+00 1.912266349792480469e+01 6.295409011840820312e+01 4.256762084960937500e+02
1.500000000000000000e+04 0.000000000000000000e+00 1.912266159057617188e+01 6.295409011840820312e+01 4.256762695312500000e+02 0.000000000000000000e+00 1.912266159057617188e+01 6.295409011840820312e+01 4.256762695312500000e+02
1.600000000000000000e+04 0.000000000000000000e+00 1.912266349792480469e+01 6.295409011840820312e+01 4.256762084960937500e+02 0.000000000000000000e+00 1.912266349792480469e+01 6.295409011840820312e+01 4.256762084960937500e+02
1.700000000000000000e+04 0.000000000000000000e+00 1.912266540527343750e+01 6.295408248901367188e+01 4.256762084960937500e+02 0.000000000000000000e+00 1.912266540527343750e+01 6.295408248901367188e+01 4.256762084960937500e+02
1.800000000000000000e+04 0.000000000000000000e+00 1.912265777587890625e+01 6.295410156250000000e+01 4.256762695312500000e+02 0.000000000000000000e+00 1.912265777587890625e+01 6.295410156250000000e+01 4.256762695312500000e+02
1.900000000000000000e+04 0.000000000000000000e+00 1.912267112731933594e+01 6.295407104492187500e+01 4.256762695312500000e+02 0.000000000000000000e+00 1.912267112731933594e+01 6.295407104492187500e+01 4.256762695312500000e+02
2.000000000000000000e+04 0.000000000000000000e+00 1.884159469604492188e+01 6.345732498168945312e+01 4.254880371093750000e+02 0.000000000000000000e+00 1.884159469604492188e+01 6.345732498168945312e+01 4.254880371093750000e+02
