# step, loss_train, loss_test, metrics_test
0.000000000000000000e+00 8.347539901733398438e+00 2.425347518920898438e+01 4.883226074218750000e+03 1.071513366699218750e+02 8.347539901733398438e+00 2.425347518920898438e+01 4.883226074218750000e+03 1.071513366699218750e+02
1.000000000000000000e+03 4.863172531127929688e+00 1.387514114379882812e+00 2.332195043563842773e+00 8.369470214843750000e+01 4.863172531127929688e+00 1.387514114379882812e+00 2.332195043563842773e+00 8.369470214843750000e+01
2.000000000000000000e+03 9.264092445373535156e+00 1.487653923034667969e+01 1.208612155914306641e+01 1.006234664916992188e+02 9.264092445373535156e+00 1.487653923034667969e+01 1.208612155914306641e+01 1.006234664916992188e+02
3.000000000000000000e+03 5.635442733764648438e+00 1.359780550003051758e+00 1.040297150611877441e+00 7.093321990966796875e+01 5.635442733764648438e+00 1.359780550003051758e+00 1.040297150611877441e+00 7.093321990966796875e+01
4.000000000000000000e+03 1.257390213012695312e+01 8.986408233642578125e+00 1.002694091796875000e+02 8.792076110839843750e+01 1.257390213012695312e+01 8.986408233642578125e+00 1.002694091796875000e+02 8.792076110839843750e+01
5.000000000000000000e+03 6.912238001823425293e-01 1.089869785308837891e+01 3.545003831386566162e-01 9.281501770019531250e+01 6.912238001823425293e-01 1.089869785308837891e+01 3.545003831386566162e-01 9.281501770019531250e+01
6.000000000000000000e+03 1.017602801322937012e+00 1.005295944213867188e+01 9.918243288993835449e-01 9.097659301757812500e+01 1.017602801322937012e+00 1.005295944213867188e+01 9.918243288993835449e-01 9.097659301757812500e+01
7.000000000000000000e+03 5.874886512756347656e+00 1.982401728630065918e+00 5.969409346580505371e-01 6.028044128417968750e+01 5.874886512756347656e+00 1.982401728630065918e+00 5.969409346580505371e-01 6.028044128417968750e+01
8.000000000000000000e+03 2.167078256607055664e+00 6.619286537170410156e+00 8.304545283317565918e-01 9.020262145996093750e+01 2.167078256607055664e+00 6.619286537170410156e+00 8.304545283317565918e-01 9.020262145996093750e+01
9.000000000000000000e+03 2.786169767379760742e+00 4.602083683013916016e+00 7.750353813171386719e-01 7.887001800537109375e+01 2.786169767379760742e+00 4.602083683013916016e+00 7.750353813171386719e-01 7.887001800537109375e+01
1.000000000000000000e+04 1.840406060218811035e+00 2.779201507568359375e+00 1.646458745002746582e+00 8.015258026123046875e+01 1.840406060218811035e+00 2.779201507568359375e+00 1.646458745002746582e+00 8.015258026123046875e+01
1.100000000000000000e+04 1.479920387268066406e+00 7.860795021057128906e+00 4.791649878025054932e-01 9.184402465820312500e+01 1.479920387268066406e+00 7.860795021057128906e+00 4.791649878025054932e-01 9.184402465820312500e+01
1.200000000000000000e+04 8.301923274993896484e-01 1.001439857482910156e+01 4.003012180328369141e-01 9.406494140625000000e+01 8.301923274993896484e-01 1.001439857482910156e+01 4.003012180328369141e-01 9.406494140625000000e+01
1.300000000000000000e+04 1.871796488761901855e+00 4.193862915039062500e+00 5.541743636131286621e-01 9.069046783447265625e+01 1.871796488761901855e+00 4.193862915039062500e+00 5.541743636131286621e-01 9.069046783447265625e+01
1.400000000000000000e+04 2.406013965606689453e+00 2.829573154449462891e+00 7.779627442359924316e-01 8.980110168457031250e+01 2.406013965606689453e+00 2.829573154449462891e+00 7.779627442359924316e-01 8.980110168457031250e+01
1.500000000000000000e+04 2.964402437210083008e+00 2.063044786453247070e+00 1.235472083091735840e+00 5.408955383300781250e+01 2.964402437210083008e+00 2.063044786453247070e+00 1.235472083091735840e+00 5.408955383300781250e+01
1.600000000000000000e+04 2.474422693252563477e+00 2.305309295654296875e+00 1.042690634727478027e+00 5.266719818115234375e+01 2.474422693252563477e+00 2.305309295654296875e+00 1.042690634727478027e+00 5.266719818115234375e+01
1.700000000000000000e+04 2.296374082565307617e+00 2.813540697097778320e+00 1.202363967895507812e+00 6.830717468261718750e+01 2.296374082565307617e+00 2.813540697097778320e+00 1.202363967895507812e+00 6.830717468261718750e+01
1.800000000000000000e+04 1.811265587806701660e+00 1.908437728881835938e+00 1.465582966804504395e+00 5.256234741210937500e+01 1.811265587806701660e+00 1.908437728881835938e+00 1.465582966804504395e+00 5.256234741210937500e+01
1.900000000000000000e+04 1.853392982482910156e+01 7.187218189239501953e+00 6.782279014587402344e+00 6.824964141845703125e+01 1.853392982482910156e+01 7.187218189239501953e+00 6.782279014587402344e+00 6.824964141845703125e+01
2.000000000000000000e+04 4.427445411682128906e+00 1.001296615600585938e+01 2.316146135330200195e+00 8.967407226562500000e+01 4.427445411682128906e+00 1.001296615600585938e+01 2.316146135330200195e+00 8.967407226562500000e+01
