# step, loss_train, loss_test, metrics_test
0.000000000000000000e+00 8.423961875000000000e+05 5.615625000000000000e+01 0.000000000000000000e+00 0.000000000000000000e+00 8.423961875000000000e+05 5.615625000000000000e+01 0.000000000000000000e+00 0.000000000000000000e+00
1.000000000000000000e+03 4.888796386718750000e+02 2.171400070190429688e+01 0.000000000000000000e+00 0.000000000000000000e+00 4.888796386718750000e+02 2.171400070190429688e+01 0.000000000000000000e+00 0.000000000000000000e+00
2.000000000000000000e+03 1.672730712890625000e+02 1.531513023376464844e+01 0.000000000000000000e+00 0.000000000000000000e+00 1.672730712890625000e+02 1.531513023376464844e+01 0.000000000000000000e+00 0.000000000000000000e+00
3.000000000000000000e+03 8.173509979248046875e+01 1.069730186462402344e+01 0.000000000000000000e+00 0.000000000000000000e+00 8.173509979248046875e+01 1.069730186462402344e+01 0.000000000000000000e+00 0.000000000000000000e+00
4.000000000000000000e+03 4.462374496459960938e+01 7.542195320129394531e+00 0.000000000000000000e+00 0.000000000000000000e+00 4.462374496459960938e+01 7.542195320129394531e+00 0.000000000000000000e+00 0.000000000000000000e+00
5.000000000000000000e+03 2.579230499267578125e+01 5.476274013519287109e+00 0.000000000000000000e+00 0.000000000000000000e+00 2.579230499267578125e+01 5.476274013519287109e+00 0.000000000000000000e+00 0.000000000000000000e+00
6.000000000000000000e+03 1.639400482177734375e+01 4.187987804412841797e+00 0.000000000000000000e+00 0.000000000000000000e+00 1.639400482177734375e+01 4.187987804412841797e+00 0.000000000000000000e+00 0.000000000000000000e+00
7.000000000000000000e+03 1.129477882385253906e+01 3.337984800338745117e+00 0.000000000000000000e+00 0.000000000000000000e+00 1.129477882385253906e+01 3.337984800338745117e+00 0.000000000000000000e+00 0.000000000000000000e+00
8.000000000000000000e+03 1.385486507415771484e+01 2.750075340270996094e+00 0.000000000000000000e+00 0.000000000000000000e+00 1.385486507415771484e+01 2.750075340270996094e+00 0.000000000000000000e+00 0.000000000000000000e+00
9.000000000000000000e+03 9.667663574218750000e+00 2.394195318222045898e+00 0.000000000000000000e+00 0.000000000000000000e+00 9.667663574218750000e+00 2.394195318222045898e+00 0.000000000000000000e+00 0.000000000000000000e+00
1.000000000000000000e+04 5.617294788360595703e+00 2.140790939331054688e+00 0.000000000000000000e+00 0.000000000000000000e+00 5.617294788360595703e+00 2.140790939331054688e+00 0.000000000000000000e+00 0.000000000000000000e+00
1.100000000000000000e+04 4.392693519592285156e+00 1.956584572792053223e+00 0.000000000000000000e+00 0.000000000000000000e+00 4.392693519592285156e+00 1.956584572792053223e+00 0.000000000000000000e+00 0.000000000000000000e+00
1.200000000000000000e+04 3.547019720077514648e+00 1.821233034133911133e+00 0.000000000000000000e+00 0.000000000000000000e+00 3.547019720077514648e+00 1.821233034133911133e+00 0.000000000000000000e+00 0.000000000000000000e+00
1.300000000000000000e+04 3.003907918930053711e+00 1.712582826614379883e+00 0.000000000000000000e+00 0.000000000000000000e+00 3.003907918930053711e+00 1.712582826614379883e+00 0.000000000000000000e+00 0.000000000000000000e+00
1.400000000000000000e+04 2.604500770568847656e+00 1.624032378196716309e+00 0.000000000000000000e+00 0.000000000000000000e+00 2.604500770568847656e+00 1.624032378196716309e+00 0.000000000000000000e+00 0.000000000000000000e+00
1.500000000000000000e+04 2.734163761138916016e+00 1.543724060058593750e+00 0.000000000000000000e+00 0.000000000000000000e+00 2.734163761138916016e+00 1.543724060058593750e+00 0.000000000000000000e+00 0.000000000000000000e+00
1.600000000000000000e+04 2.035508632659912109e+00 1.479712486267089844e+00 0.000000000000000000e+00 0.000000000000000000e+00 2.035508632659912109e+00 1.479712486267089844e+00 0.000000000000000000e+00 0.000000000000000000e+00
1.700000000000000000e+04 2.058499574661254883e+00 1.418239355087280273e+00 0.000000000000000000e+00 0.000000000000000000e+00 2.058499574661254883e+00 1.418239355087280273e+00 0.000000000000000000e+00 0.000000000000000000e+00
1.800000000000000000e+04 1.737631082534790039e+00 1.362240195274353027e+00 0.000000000000000000e+00 0.000000000000000000e+00 1.737631082534790039e+00 1.362240195274353027e+00 0.000000000000000000e+00 0.000000000000000000e+00
1.900000000000000000e+04 1.528919816017150879e+00 1.311701178550720215e+00 0.000000000000000000e+00 0.000000000000000000e+00 1.528919816017150879e+00 1.311701178550720215e+00 0.000000000000000000e+00 0.000000000000000000e+00
2.000000000000000000e+04 2.022893428802490234e+00 1.265901088714599609e+00 0.000000000000000000e+00 0.000000000000000000e+00 2.022893428802490234e+00 1.265901088714599609e+00 0.000000000000000000e+00 0.000000000000000000e+00
