# step, loss_train, loss_test, metrics_test
0.000000000000000000e+00 0.000000000000000000e+00 3.865826034545898438e+01 4.391362304687500000e+03 1.565440216064453125e+02 0.000000000000000000e+00 3.865826034545898438e+01 4.391362304687500000e+03 1.565440216064453125e+02
1.000000000000000000e+03 0.000000000000000000e+00 1.551479911804199219e+01 4.423282623291015625e+00 1.257684173583984375e+02 0.000000000000000000e+00 1.551479911804199219e+01 4.423282623291015625e+00 1.257684173583984375e+02
2.000000000000000000e+03 0.000000000000000000e+00 7.379097461700439453e+00 4.279263496398925781e+00 9.584297943115234375e+01 0.000000000000000000e+00 7.379097461700439453e+00 4.279263496398925781e+00 9.584297943115234375e+01
3.000000000000000000e+03 0.000000000000000000e+00 7.904681205749511719e+00 1.065730571746826172e+00 7.713029479980468750e+01 0.000000000000000000e+00 7.904681205749511719e+00 1.065730571746826172e+00 7.713029479980468750e+01
4.000000000000000000e+03 0.000000000000000000e+00 6.042452812194824219e+00 8.732805252075195312e-01 5.918284988403320312e+01 0.000000000000000000e+00 6.042452812194824219e+00 8.732805252075195312e-01 5.918284988403320312e+01
5.000000000000000000e+03 0.000000000000000000e+00 4.430282115936279297e+00 6.556429266929626465e-01 4.968182754516601562e+01 0.000000000000000000e+00 4.430282115936279297e+00 6.556429266929626465e-01 4.968182754516601562e+01
6.000000000000000000e+03 0.000000000000000000e+00 4.031815052032470703e+00 3.549524545669555664e-01 4.146269989013671875e+01 0.000000000000000000e+00 4.031815052032470703e+00 3.549524545669555664e-01 4.146269989013671875e+01
7.000000000000000000e+03 0.000000000000000000e+00 3.439181804656982422e+00 2.144678533077239990e-01 3.500240707397460938e+01 0.000000000000000000e+00 3.439181804656982422e+00 2.144678533077239990e-01 3.500240707397460938e+01
8.000000000000000000e+03 0.000000000000000000e+00 3.007710695266723633e+00 1.074442490935325623e-01 2.886316299438476562e+01 0.000000000000000000e+00 3.007710695266723633e+00 1.074442490935325623e-01 2.886316299438476562e+01
9.000000000000000000e+03 0.000000000000000000e+00 1.930530071258544922e+00 5.682839825749397278e-02 2.175411987304687500e+01 0.000000000000000000e+00 1.930530071258544922e+00 5.682839825749397278e-02 2.175411987304687500e+01
1.000000000000000000e+04 0.000000000000000000e+00 9.012679457664489746e-01 4.232162237167358398e-02 1.771640777587890625e+01 0.000000000000000000e+00 9.012679457664489746e-01 4.232162237167358398e-02 1.771640777587890625e+01
1.100000000000000000e+04 0.000000000000000000e+00 5.207070112228393555e-01 2.636812627315521240e-02 1.581693077087402344e+01 0.000000000000000000e+00 5.207070112228393555e-01 2.636812627315521240e-02 1.581693077087402344e+01
1.200000000000000000e+04 0.000000000000000000e+00 3.690464496612548828e-01 9.445836767554283142e-03 1.431930828094482422e+01 0.000000000000000000e+00 3.690464496612548828e-01 9.445836767554283142e-03 1.431930828094482422e+01
1.300000000000000000e+04 0.000000000000000000e+00 2.812632918357849121e-01 6.639003157615661621e-01 1.307309436798095703e+01 0.000000000000000000e+00 2.812632918357849121e-01 6.639003157615661621e-01 1.307309436798095703e+01
1.400000000000000000e+04 0.000000000000000000e+00 2.277889996767044067e-01 3.879615338519215584e-03 1.210712909698486328e+01 0.000000000000000000e+00 2.277889996767044067e-01 3.879615338519215584e-03 1.210712909698486328e+01
1.500000000000000000e+04 0.000000000000000000e+00 1.940411031246185303e-01 4.329465329647064209e-03 1.129451847076416016e+01 0.000000000000000000e+00 1.940411031246185303e-01 4.329465329647064209e-03 1.129451847076416016e+01
1.600000000000000000e+04 0.000000000000000000e+00 1.704554855823516846e-01 1.533767580986022949e-01 1.056533336639404297e+01 0.000000000000000000e+00 1.704554855823516846e-01 1.533767580986022949e-01 1.056533336639404297e+01
1.700000000000000000e+04 0.000000000000000000e+00 1.539018899202346802e-01 7.408916018903255463e-03 9.901945114135742188e+00 0.000000000000000000e+00 1.539018899202346802e-01 7.408916018903255463e-03 9.901945114135742188e+00
1.800000000000000000e+04 0.000000000000000000e+00 1.420192569494247437e-01 4.303901270031929016e-02 9.292000770568847656e+00 0.000000000000000000e+00 1.420192569494247437e-01 4.303901270031929016e-02 9.292000770568847656e+00
1.900000000000000000e+04 0.000000000000000000e+00 1.264626383781433105e-01 4.353790543973445892e-03 8.750852584838867188e+00 0.000000000000000000e+00 1.264626383781433105e-01 4.353790543973445892e-03 8.750852584838867188e+00
2.000000000000000000e+04 0.000000000000000000e+00 1.198747754096984863e-01 6.235904246568679810e-02 8.269566535949707031e+00 0.000000000000000000e+00 1.198747754096984863e-01 6.235904246568679810e-02 8.269566535949707031e+00
