# step, loss_train, loss_test, metrics_test
0.000000000000000000e+00 2.923367614746093750e+02 1.929056739807128906e+01 2.119577880859375000e+03 6.812634277343750000e+01 2.923367614746093750e+02 1.929056739807128906e+01 2.119577880859375000e+03 6.812634277343750000e+01
1.000000000000000000e+03 6.538676023483276367e-01 1.324309468269348145e+00 5.262513756752014160e-01 6.140830993652343750e+01 6.538676023483276367e-01 1.324309468269348145e+00 5.262513756752014160e-01 6.140830993652343750e+01
2.000000000000000000e+03 7.963988780975341797e-01 1.175382733345031738e+00 1.672319322824478149e-01 5.771489715576171875e+01 7.963988780975341797e-01 1.175382733345031738e+00 1.672319322824478149e-01 5.771489715576171875e+01
3.000000000000000000e+03 3.532409191131591797e+00 1.098865866661071777e+00 1.440350860357284546e-01 3.507045364379882812e+01 3.532409191131591797e+00 1.098865866661071777e+00 1.440350860357284546e-01 3.507045364379882812e+01
4.000000000000000000e+03 4.910968303680419922e+00 7.862172722816467285e-01 2.141476720571517944e-01 1.639273834228515625e+01 4.910968303680419922e+00 7.862172722816467285e-01 2.141476720571517944e-01 1.639273834228515625e+01
5.000000000000000000e+03 4.378991127014160156e+00 6.676346659660339355e-01 8.590337634086608887e-02 8.109337806701660156e+00 4.378991127014160156e+00 6.676346659660339355e-01 8.590337634086608887e-02 8.109337806701660156e+00
6.000000000000000000e+03 4.407039165496826172e+00 6.074356436729431152e-01 1.880954265594482422e+00 6.857635498046875000e+00 4.407039165496826172e+00 6.074356436729431152e-01 1.880954265594482422e+00 6.857635498046875000e+00
7.000000000000000000e+03 3.725847721099853516e+00 3.485197126865386963e-01 6.238250061869621277e-02 4.000094890594482422e+00 3.725847721099853516e+00 3.485197126865386963e-01 6.238250061869621277e-02 4.000094890594482422e+00
8.000000000000000000e+03 3.311771869659423828e+00 2.009942978620529175e-01 2.781294472515583038e-02 2.849977254867553711e+00 3.311771869659423828e+00 2.009942978620529175e-01 2.781294472515583038e-02 2.849977254867553711e+00
9.000000000000000000e+03 2.903674125671386719e+00 1.352841109037399292e-01 2.550605311989784241e-02 2.265891313552856445e+00 2.903674125671386719e+00 1.352841109037399292e-01 2.550605311989784241e-02 2.265891313552856445e+00
1.000000000000000000e+04 2.814980268478393555e+00 1.003503501415252686e-01 2.764837443828582764e-02 1.888220191001892090e+00 2.814980268478393555e+00 1.003503501415252686e-01 2.764837443828582764e-02 1.888220191001892090e+00
1.100000000000000000e+04 2.705186605453491211e+00 8.371545374393463135e-02 1.565942540764808655e-02 1.672741293907165527e+00 2.705186605453491211e+00 8.371545374393463135e-02 1.565942540764808655e-02 1.672741293907165527e+00
1.200000000000000000e+04 2.643906116485595703e+00 1.110082045197486877e-01 4.992135465145111084e-01 3.436242341995239258e+00 2.643906116485595703e+00 1.110082045197486877e-01 4.992135465145111084e-01 3.436242341995239258e+00
1.300000000000000000e+04 2.337674856185913086e+00 4.600268974900245667e-02 1.671455055475234985e-02 1.406797289848327637e+00 2.337674856185913086e+00 4.600268974900245667e-02 1.671455055475234985e-02 1.406797289848327637e+00
1.400000000000000000e+04 2.190312385559082031e+00 5.138194561004638672e-02 1.522730290889739990e-02 1.378773689270019531e+00 2.190312385559082031e+00 5.138194561004638672e-02 1.522730290889739990e-02 1.378773689270019531e+00
1.500000000000000000e+04 1.957550287246704102e+00 3.926753252744674683e-02 1.168593205511569977e-02 1.190163135528564453e+00 1.957550287246704102e+00 3.926753252744674683e-02 1.168593205511569977e-02 1.190163135528564453e+00
1.600000000000000000e+04 1.847794771194458008e+00 3.105642646551132202e-02 1.113210804760456085e-02 1.044718146324157715e+00 1.847794771194458008e+00 3.105642646551132202e-02 1.113210804760456085e-02 1.044718146324157715e+00
1.700000000000000000e+04 7.420938491821289062e+00 3.582501709461212158e-01 3.555460357666015625e+01 1.057752490043640137e+00 7.420938491821289062e+00 3.582501709461212158e-01 3.555460357666015625e+01 1.057752490043640137e+00
1.800000000000000000e+04 2.551453828811645508e+00 1.211517453193664551e-01 4.328717589378356934e-01 2.186956882476806641e+00 2.551453828811645508e+00 1.211517453193664551e-01 4.328717589378356934e-01 2.186956882476806641e+00
1.900000000000000000e+04 1.958986401557922363e+00 1.554823964834213257e-01 5.828953981399536133e-01 8.374484181404113770e-01 1.958986401557922363e+00 1.554823964834213257e-01 5.828953981399536133e-01 8.374484181404113770e-01
2.000000000000000000e+04 1.950804233551025391e+00 4.695865884423255920e-02 4.702485203742980957e-01 1.303270101547241211e+00 1.950804233551025391e+00 4.695865884423255920e-02 4.702485203742980957e-01 1.303270101547241211e+00
