# step, loss_train, loss_test, metrics_test
0.000000000000000000e+00 0.000000000000000000e+00 2.335794830322265625e+01 5.154466796875000000e+03 2.774308471679687500e+02 0.000000000000000000e+00 2.335794830322265625e+01 5.154466796875000000e+03 2.774308471679687500e+02
1.000000000000000000e+03 0.000000000000000000e+00 1.462678432464599609e+01 1.929008056640625000e+03 2.693326110839843750e+02 0.000000000000000000e+00 1.462678432464599609e+01 1.929008056640625000e+03 2.693326110839843750e+02
2.000000000000000000e+03 0.000000000000000000e+00 1.462678432464599609e+01 1.929008056640625000e+03 2.693326110839843750e+02 0.000000000000000000e+00 1.462678432464599609e+01 1.929008056640625000e+03 2.693326110839843750e+02
3.000000000000000000e+03 0.000000000000000000e+00 1.462678527832031250e+01 1.929008056640625000e+03 2.693326110839843750e+02 0.000000000000000000e+00 1.462678527832031250e+01 1.929008056640625000e+03 2.693326110839843750e+02
4.000000000000000000e+03 0.000000000000000000e+00 1.462678241729736328e+01 1.929008300781250000e+03 2.693326110839843750e+02 0.000000000000000000e+00 1.462678241729736328e+01 1.929008300781250000e+03 2.693326110839843750e+02
5.000000000000000000e+03 0.000000000000000000e+00 1.462628555297851562e+01 1.929009033203125000e+03 2.693321838378906250e+02 0.000000000000000000e+00 1.462628555297851562e+01 1.929009033203125000e+03 2.693321838378906250e+02
6.000000000000000000e+03 0.000000000000000000e+00 1.462923908233642578e+01 1.929004028320312500e+03 2.693345031738281250e+02 0.000000000000000000e+00 1.462923908233642578e+01 1.929004028320312500e+03 2.693345031738281250e+02
7.000000000000000000e+03 0.000000000000000000e+00 1.462677860260009766e+01 1.929008056640625000e+03 2.693326110839843750e+02 0.000000000000000000e+00 1.462677860260009766e+01 1.929008056640625000e+03 2.693326110839843750e+02
8.000000000000000000e+03 0.000000000000000000e+00 1.462676239013671875e+01 1.929008300781250000e+03 2.693325805664062500e+02 0.000000000000000000e+00 1.462676239013671875e+01 1.929008300781250000e+03 2.693325805664062500e+02
9.000000000000000000e+03 0.000000000000000000e+00 1.514175510406494141e+01 1.929330810546875000e+03 2.697287902832031250e+02 0.000000000000000000e+00 1.514175510406494141e+01 1.929330810546875000e+03 2.697287902832031250e+02
1.000000000000000000e+04 0.000000000000000000e+00 1.462545776367187500e+01 1.929010498046875000e+03 2.693315734863281250e+02 0.000000000000000000e+00 1.462545776367187500e+01 1.929010498046875000e+03 2.693315734863281250e+02
1.100000000000000000e+04 0.000000000000000000e+00 1.462655448913574219e+01 1.929008422851562500e+03 2.693324279785156250e+02 0.000000000000000000e+00 1.462655448913574219e+01 1.929008422851562500e+03 2.693324279785156250e+02
1.200000000000000000e+04 0.000000000000000000e+00 1.462682342529296875e+01 1.929008056640625000e+03 2.693326721191406250e+02 0.000000000000000000e+00 1.462682342529296875e+01 1.929008056640625000e+03 2.693326721191406250e+02
1.300000000000000000e+04 0.000000000000000000e+00 1.462676811218261719e+01 1.929008300781250000e+03 2.693325805664062500e+02 0.000000000000000000e+00 1.462676811218261719e+01 1.929008300781250000e+03 2.693325805664062500e+02
1.400000000000000000e+04 0.000000000000000000e+00 1.420386028289794922e+01 1.930672729492187500e+03 2.690080871582031250e+02 0.000000000000000000e+00 1.420386028289794922e+01 1.930672729492187500e+03 2.690080871582031250e+02
1.500000000000000000e+04 0.000000000000000000e+00 1.463464546203613281e+01 1.928994628906250000e+03 2.693386230468750000e+02 0.000000000000000000e+00 1.463464546203613281e+01 1.928994628906250000e+03 2.693386230468750000e+02
1.600000000000000000e+04 0.000000000000000000e+00 1.462356662750244141e+01 1.929013916015625000e+03 2.693301391601562500e+02 0.000000000000000000e+00 1.462356662750244141e+01 1.929013916015625000e+03 2.693301391601562500e+02
1.700000000000000000e+04 0.000000000000000000e+00 1.462676811218261719e+01 1.929008300781250000e+03 2.693326110839843750e+02 0.000000000000000000e+00 1.462676811218261719e+01 1.929008300781250000e+03 2.693326110839843750e+02
1.800000000000000000e+04 0.000000000000000000e+00 1.462691688537597656e+01 1.929007934570312500e+03 2.693327026367187500e+02 0.000000000000000000e+00 1.462691688537597656e+01 1.929007934570312500e+03 2.693327026367187500e+02
1.900000000000000000e+04 0.000000000000000000e+00 1.460011005401611328e+01 1.929058959960937500e+03 2.693121032714843750e+02 0.000000000000000000e+00 1.460011005401611328e+01 1.929058959960937500e+03 2.693121032714843750e+02
2.000000000000000000e+04 0.000000000000000000e+00 1.462672615051269531e+01 1.929008300781250000e+03 2.693325500488281250e+02 0.000000000000000000e+00 1.462672615051269531e+01 1.929008300781250000e+03 2.693325500488281250e+02
