# step, loss_train, loss_test, metrics_test
0.000000000000000000e+00 8.228724618675187230e-05 2.080511474609375000e+01 4.936627929687500000e+03 4.366690063476562500e+02 8.228724618675187230e-05 2.080511474609375000e+01 4.936627929687500000e+03 4.366690063476562500e+02
1.000000000000000000e+03 5.486905929608099086e-10 1.624931716918945312e+01 2.151653320312500000e+03 4.299461364746093750e+02 5.486905929608099086e-10 1.624931716918945312e+01 2.151653320312500000e+03 4.299461364746093750e+02
2.000000000000000000e+03 4.283311367034912109e+00 3.675500869750976562e+01 1.997213125228881836e+00 3.041900329589843750e+02 4.283311367034912109e+00 3.675500869750976562e+01 1.997213125228881836e+00 3.041900329589843750e+02
3.000000000000000000e+03 2.032675170898437500e+01 2.262284278869628906e+01 5.483929443359375000e+01 2.039895324707031250e+02 2.032675170898437500e+01 2.262284278869628906e+01 5.483929443359375000e+01 2.039895324707031250e+02
4.000000000000000000e+03 1.130550384521484375e+02 6.641010761260986328e+00 4.718613281250000000e+02 8.459481048583984375e+01 1.130550384521484375e+02 6.641010761260986328e+00 4.718613281250000000e+02 8.459481048583984375e+01
5.000000000000000000e+03 1.816663551330566406e+01 2.486556172370910645e-01 5.147555351257324219e+00 6.291741180419921875e+01 1.816663551330566406e+01 2.486556172370910645e-01 5.147555351257324219e+00 6.291741180419921875e+01
6.000000000000000000e+03 1.413694190979003906e+01 2.892552912235260010e-01 7.216720581054687500e+00 5.752006149291992188e+01 1.413694190979003906e+01 2.892552912235260010e-01 7.216720581054687500e+00 5.752006149291992188e+01
7.000000000000000000e+03 7.768089294433593750e+00 2.669462934136390686e-02 4.018961787223815918e-01 1.988985824584960938e+01 7.768089294433593750e+00 2.669462934136390686e-02 4.018961787223815918e-01 1.988985824584960938e+01
8.000000000000000000e+03 7.047117233276367188e+00 6.574841588735580444e-02 4.325249195098876953e-01 1.677709197998046875e+01 7.047117233276367188e+00 6.574841588735580444e-02 4.325249195098876953e-01 1.677709197998046875e+01
9.000000000000000000e+03 9.868272781372070312e+00 8.661209344863891602e-01 3.058141231536865234e+00 1.896281242370605469e+01 9.868272781372070312e+00 8.661209344863891602e-01 3.058141231536865234e+00 1.896281242370605469e+01
1.000000000000000000e+04 3.604153442382812500e+01 9.255397796630859375e+00 2.467717437744140625e+02 1.125422859191894531e+01 3.604153442382812500e+01 9.255397796630859375e+00 2.467717437744140625e+02 1.125422859191894531e+01
1.100000000000000000e+04 3.026770353317260742e+00 1.780414953827857971e-02 2.011041641235351562e-01 6.358247756958007812e+00 3.026770353317260742e+00 1.780414953827857971e-02 2.011041641235351562e-01 6.358247756958007812e+00
1.200000000000000000e+04 2.208854913711547852e+00 1.223344448953866959e-02 4.382210671901702881e-01 3.869056701660156250e+00 2.208854913711547852e+00 1.223344448953866959e-02 4.382210671901702881e-01 3.869056701660156250e+00
1.300000000000000000e+04 2.693978071212768555e+00 7.711134385317564011e-03 6.442871093750000000e-01 6.655018329620361328e+00 2.693978071212768555e+00 7.711134385317564011e-03 6.442871093750000000e-01 6.655018329620361328e+00
1.400000000000000000e+04 1.078371715545654297e+01 2.820350229740142822e-01 1.828935623168945312e+01 1.037650680541992188e+01 1.078371715545654297e+01 2.820350229740142822e-01 1.828935623168945312e+01 1.037650680541992188e+01
1.500000000000000000e+04 1.735198593139648438e+01 2.333659553527832031e+01 2.401919603347778320e+00 2.381927490234375000e+02 1.735198593139648438e+01 2.333659553527832031e+01 2.401919603347778320e+00 2.381927490234375000e+02
1.600000000000000000e+04 3.074188613891601562e+01 4.839931011199951172e+00 7.465013980865478516e+00 1.168059082031250000e+02 3.074188613891601562e+01 4.839931011199951172e+00 7.465013980865478516e+00 1.168059082031250000e+02
1.700000000000000000e+04 2.326545333862304688e+01 8.177694678306579590e-01 5.208723831176757812e+01 2.788964462280273438e+01 2.326545333862304688e+01 8.177694678306579590e-01 5.208723831176757812e+01 2.788964462280273438e+01
1.800000000000000000e+04 7.838056564331054688e+00 4.191512763500213623e-01 4.977848052978515625e+00 1.218692016601562500e+01 7.838056564331054688e+00 4.191512763500213623e-01 4.977848052978515625e+00 1.218692016601562500e+01
1.900000000000000000e+04 1.567675113677978516e+01 4.900850951671600342e-01 1.330995845794677734e+01 1.036773872375488281e+01 1.567675113677978516e+01 4.900850951671600342e-01 1.330995845794677734e+01 1.036773872375488281e+01
2.000000000000000000e+04 5.553289890289306641e+00 1.234471946954727173e-01 8.953884840011596680e-01 4.986339092254638672e+00 5.553289890289306641e+00 1.234471946954727173e-01 8.953884840011596680e-01 4.986339092254638672e+00
