# step, loss_train, loss_test, metrics_test
0.000000000000000000e+00 0.000000000000000000e+00 3.465913009643554688e+01 1.010710351562500000e+04 4.670657653808593750e+02 0.000000000000000000e+00 3.465913009643554688e+01 1.010710351562500000e+04 4.670657653808593750e+02
1.000000000000000000e+03 0.000000000000000000e+00 1.347113037109375000e+01 2.151619873046875000e+03 4.299680480957031250e+02 0.000000000000000000e+00 1.347113037109375000e+01 2.151619873046875000e+03 4.299680480957031250e+02
2.000000000000000000e+03 0.000000000000000000e+00 1.341271877288818359e+01 2.151776855468750000e+03 4.298901062011718750e+02 0.000000000000000000e+00 1.341271877288818359e+01 2.151776855468750000e+03 4.298901062011718750e+02
3.000000000000000000e+03 0.000000000000000000e+00 1.360239028930664062e+01 2.151422607421875000e+03 4.301425170898437500e+02 0.000000000000000000e+00 1.360239028930664062e+01 2.151422607421875000e+03 4.301425170898437500e+02
4.000000000000000000e+03 0.000000000000000000e+00 1.347087955474853516e+01 2.151618896484375000e+03 4.299671936035156250e+02 0.000000000000000000e+00 1.347087955474853516e+01 2.151618896484375000e+03 4.299671936035156250e+02
5.000000000000000000e+03 0.000000000000000000e+00 1.347085475921630859e+01 2.151619140625000000e+03 4.299674072265625000e+02 0.000000000000000000e+00 1.347085475921630859e+01 2.151619140625000000e+03 4.299674072265625000e+02
6.000000000000000000e+03 0.000000000000000000e+00 1.347084426879882812e+01 2.151619140625000000e+03 4.299673461914062500e+02 0.000000000000000000e+00 1.347084426879882812e+01 2.151619140625000000e+03 4.299673461914062500e+02
7.000000000000000000e+03 0.000000000000000000e+00 1.347085475921630859e+01 2.151619140625000000e+03 4.299674072265625000e+02 0.000000000000000000e+00 1.347085475921630859e+01 2.151619140625000000e+03 4.299674072265625000e+02
8.000000000000000000e+03 0.000000000000000000e+00 1.347171401977539062e+01 2.151617187500000000e+03 4.299685668945312500e+02 0.000000000000000000e+00 1.347171401977539062e+01 2.151617187500000000e+03 4.299685668945312500e+02
9.000000000000000000e+03 0.000000000000000000e+00 1.347633743286132812e+01 2.151606445312500000e+03 4.299747009277343750e+02 0.000000000000000000e+00 1.347633743286132812e+01 2.151606445312500000e+03 4.299747009277343750e+02
1.000000000000000000e+04 0.000000000000000000e+00 1.004628467559814453e+01 2.299322753906250000e+03 4.254977111816406250e+02 0.000000000000000000e+00 1.004628467559814453e+01 2.299322753906250000e+03 4.254977111816406250e+02
1.100000000000000000e+04 0.000000000000000000e+00 1.336223411560058594e+01 2.151949462890625000e+03 4.298229370117187500e+02 0.000000000000000000e+00 1.336223411560058594e+01 2.151949462890625000e+03 4.298229370117187500e+02
1.200000000000000000e+04 0.000000000000000000e+00 1.347075843811035156e+01 2.151619384765625000e+03 4.299673156738281250e+02 0.000000000000000000e+00 1.347075843811035156e+01 2.151619384765625000e+03 4.299673156738281250e+02
1.300000000000000000e+04 0.000000000000000000e+00 2.029029655456542969e+01 2.313982666015625000e+03 4.391479187011718750e+02 0.000000000000000000e+00 2.029029655456542969e+01 2.313982666015625000e+03 4.391479187011718750e+02
1.400000000000000000e+04 0.000000000000000000e+00 1.336923694610595703e+01 2.151923339843750000e+03 4.298322753906250000e+02 0.000000000000000000e+00 1.336923694610595703e+01 2.151923339843750000e+03 4.298322753906250000e+02
1.500000000000000000e+04 0.000000000000000000e+00 1.345458126068115234e+01 2.151658935546875000e+03 4.299458007812500000e+02 0.000000000000000000e+00 1.345458126068115234e+01 2.151658935546875000e+03 4.299458007812500000e+02
1.600000000000000000e+04 0.000000000000000000e+00 1.348998641967773438e+01 2.151576904296875000e+03 4.299928588867187500e+02 0.000000000000000000e+00 1.348998641967773438e+01 2.151576904296875000e+03 4.299928588867187500e+02
1.700000000000000000e+04 0.000000000000000000e+00 1.869227218627929688e+01 2.254135986328125000e+03 4.369832153320312500e+02 0.000000000000000000e+00 1.869227218627929688e+01 2.254135986328125000e+03 4.369832153320312500e+02
1.800000000000000000e+04 0.000000000000000000e+00 1.359420394897460938e+01 2.151428710937500000e+03 4.301315612792968750e+02 0.000000000000000000e+00 1.359420394897460938e+01 2.151428710937500000e+03 4.301315612792968750e+02
1.900000000000000000e+04 0.000000000000000000e+00 1.357935523986816406e+01 2.151441406250000000e+03 4.301117553710937500e+02 0.000000000000000000e+00 1.357935523986816406e+01 2.151441406250000000e+03 4.301117553710937500e+02
2.000000000000000000e+04 0.000000000000000000e+00 1.346927642822265625e+01 2.151622802734375000e+03 4.299652709960937500e+02 0.000000000000000000e+00 1.346927642822265625e+01 2.151622802734375000e+03 4.299652709960937500e+02
