# step, loss_train, loss_test, metrics_test
0.000000000000000000e+00 0.000000000000000000e+00 4.757401275634765625e+01 2.942470703125000000e+02 4.474331970214843750e+02 0.000000000000000000e+00 4.757401275634765625e+01 2.942470703125000000e+02 4.474331970214843750e+02
1.000000000000000000e+03 0.000000000000000000e+00 7.047161579132080078e+00 6.873726844787597656e+00 1.810516166687011719e+01 0.000000000000000000e+00 7.047161579132080078e+00 6.873726844787597656e+00 1.810516166687011719e+01
2.000000000000000000e+03 0.000000000000000000e+00 3.051600456237792969e-01 6.465569138526916504e-01 2.335287570953369141e+00 0.000000000000000000e+00 3.051600456237792969e-01 6.465569138526916504e-01 2.335287570953369141e+00
3.000000000000000000e+03 0.000000000000000000e+00 6.774691492319107056e-02 9.896473586559295654e-02 9.845711588859558105e-01 0.000000000000000000e+00 6.774691492319107056e-02 9.896473586559295654e-02 9.845711588859558105e-01
4.000000000000000000e+03 0.000000000000000000e+00 1.323882699012756348e+00 1.488081812858581543e+00 1.126616597175598145e+00 0.000000000000000000e+00 1.323882699012756348e+00 1.488081812858581543e+00 1.126616597175598145e+00
5.000000000000000000e+03 0.000000000000000000e+00 5.771624445915222168e-01 1.928540915250778198e-01 8.532290458679199219e-01 0.000000000000000000e+00 5.771624445915222168e-01 1.928540915250778198e-01 8.532290458679199219e-01
6.000000000000000000e+03 0.000000000000000000e+00 2.305118739604949951e-02 9.438642114400863647e-02 3.519072532653808594e-01 0.000000000000000000e+00 2.305118739604949951e-02 9.438642114400863647e-02 3.519072532653808594e-01
7.000000000000000000e+03 0.000000000000000000e+00 2.053228950500488281e+01 1.072204437255859375e+02 4.265794677734375000e+02 0.000000000000000000e+00 2.053228950500488281e+01 1.072204437255859375e+02 4.265794677734375000e+02
8.000000000000000000e+03 0.000000000000000000e+00 2.050504875183105469e+01 1.072660903930664062e+02 4.265607604980468750e+02 0.000000000000000000e+00 2.050504875183105469e+01 1.072660903930664062e+02 4.265607604980468750e+02
9.000000000000000000e+03 0.000000000000000000e+00 2.050513076782226562e+01 1.072659683227539062e+02 4.265608520507812500e+02 0.000000000000000000e+00 2.050513076782226562e+01 1.072659683227539062e+02 4.265608520507812500e+02
1.000000000000000000e+04 0.000000000000000000e+00 2.050510406494140625e+01 1.072660064697265625e+02 4.265608215332031250e+02 0.000000000000000000e+00 2.050510406494140625e+01 1.072660064697265625e+02 4.265608215332031250e+02
1.100000000000000000e+04 0.000000000000000000e+00 2.040167808532714844e+01 1.074438934326171875e+02 4.264899902343750000e+02 0.000000000000000000e+00 2.040167808532714844e+01 1.074438934326171875e+02 4.264899902343750000e+02
1.200000000000000000e+04 0.000000000000000000e+00 2.048185157775878906e+01 1.073053665161132812e+02 4.265448913574218750e+02 0.000000000000000000e+00 2.048185157775878906e+01 1.073053665161132812e+02 4.265448913574218750e+02
1.300000000000000000e+04 0.000000000000000000e+00 2.049963569641113281e+01 1.072752227783203125e+02 4.265570678710937500e+02 0.000000000000000000e+00 2.049963569641113281e+01 1.072752227783203125e+02 4.265570678710937500e+02
1.400000000000000000e+04 0.000000000000000000e+00 2.050858688354492188e+01 1.072601318359375000e+02 4.265631408691406250e+02 0.000000000000000000e+00 2.050858688354492188e+01 1.072601318359375000e+02 4.265631408691406250e+02
1.500000000000000000e+04 0.000000000000000000e+00 2.050524330139160156e+01 1.072657699584960938e+02 4.265608825683593750e+02 0.000000000000000000e+00 2.050524330139160156e+01 1.072657699584960938e+02 4.265608825683593750e+02
1.600000000000000000e+04 0.000000000000000000e+00 2.050499343872070312e+01 1.072661972045898438e+02 4.265607299804687500e+02 0.000000000000000000e+00 2.050499343872070312e+01 1.072661972045898438e+02 4.265607299804687500e+02
1.700000000000000000e+04 0.000000000000000000e+00 2.050521469116210938e+01 1.072658157348632812e+02 4.265608825683593750e+02 0.000000000000000000e+00 2.050521469116210938e+01 1.072658157348632812e+02 4.265608825683593750e+02
1.800000000000000000e+04 0.000000000000000000e+00 2.050524330139160156e+01 1.072657699584960938e+02 4.265608825683593750e+02 0.000000000000000000e+00 2.050524330139160156e+01 1.072657699584960938e+02 4.265608825683593750e+02
1.900000000000000000e+04 0.000000000000000000e+00 2.050493812561035156e+01 1.072662887573242188e+02 4.265607299804687500e+02 0.000000000000000000e+00 2.050493812561035156e+01 1.072662887573242188e+02 4.265607299804687500e+02
2.000000000000000000e+04 0.000000000000000000e+00 2.050825309753417969e+01 1.072606964111328125e+02 4.265629882812500000e+02 0.000000000000000000e+00 2.050825309753417969e+01 1.072606964111328125e+02 4.265629882812500000e+02
