# step, loss_train, loss_test, metrics_test
0.000000000000000000e+00 0.000000000000000000e+00 1.279513702392578125e+02 4.559481640625000000e+04 5.295906982421875000e+02 0.000000000000000000e+00 1.279513702392578125e+02 4.559481640625000000e+04 5.295906982421875000e+02
1.000000000000000000e+03 0.000000000000000000e+00 1.251751708984375000e+01 1.061372375488281250e+01 9.130169677734375000e+01 0.000000000000000000e+00 1.251751708984375000e+01 1.061372375488281250e+01 9.130169677734375000e+01
2.000000000000000000e+03 0.000000000000000000e+00 6.593842983245849609e+00 3.350171744823455811e-01 1.039945793151855469e+01 0.000000000000000000e+00 6.593842983245849609e+00 3.350171744823455811e-01 1.039945793151855469e+01
3.000000000000000000e+03 0.000000000000000000e+00 1.454489707946777344e+01 2.596701416015625000e+03 3.851225891113281250e+02 0.000000000000000000e+00 1.454489707946777344e+01 2.596701416015625000e+03 3.851225891113281250e+02
4.000000000000000000e+03 0.000000000000000000e+00 1.454490089416503906e+01 2.596700683593750000e+03 3.851225891113281250e+02 0.000000000000000000e+00 1.454490089416503906e+01 2.596700683593750000e+03 3.851225891113281250e+02
5.000000000000000000e+03 0.000000000000000000e+00 1.454489994049072266e+01 2.596699218750000000e+03 3.851225891113281250e+02 0.000000000000000000e+00 1.454489994049072266e+01 2.596699218750000000e+03 3.851225891113281250e+02
6.000000000000000000e+03 0.000000000000000000e+00 1.454493713378906250e+01 2.596697998046875000e+03 3.851226196289062500e+02 0.000000000000000000e+00 1.454493713378906250e+01 2.596697998046875000e+03 3.851226196289062500e+02
7.000000000000000000e+03 0.000000000000000000e+00 1.454484081268310547e+01 2.596696044921875000e+03 3.851224975585937500e+02 0.000000000000000000e+00 1.454484081268310547e+01 2.596696044921875000e+03 3.851224975585937500e+02
8.000000000000000000e+03 0.000000000000000000e+00 1.068179130554199219e+01 2.796256591796875000e+03 3.809352111816406250e+02 0.000000000000000000e+00 1.068179130554199219e+01 2.796256591796875000e+03 3.809352111816406250e+02
9.000000000000000000e+03 0.000000000000000000e+00 1.454536819458007812e+01 2.596692871093750000e+03 3.851230773925781250e+02 0.000000000000000000e+00 1.454536819458007812e+01 2.596692871093750000e+03 3.851230773925781250e+02
1.000000000000000000e+04 0.000000000000000000e+00 1.423691654205322266e+01 2.597992919921875000e+03 3.847820739746093750e+02 0.000000000000000000e+00 1.423691654205322266e+01 2.597992919921875000e+03 3.847820739746093750e+02
1.100000000000000000e+04 0.000000000000000000e+00 1.454354763031005859e+01 2.596695312500000000e+03 3.851210327148437500e+02 0.000000000000000000e+00 1.454354763031005859e+01 2.596695312500000000e+03 3.851210327148437500e+02
1.200000000000000000e+04 0.000000000000000000e+00 1.454487609863281250e+01 2.596692626953125000e+03 3.851224975585937500e+02 0.000000000000000000e+00 1.454487609863281250e+01 2.596692626953125000e+03 3.851224975585937500e+02
1.300000000000000000e+04 0.000000000000000000e+00 1.454487609863281250e+01 2.596692626953125000e+03 3.851224975585937500e+02 0.000000000000000000e+00 1.454487609863281250e+01 2.596692626953125000e+03 3.851224975585937500e+02
1.400000000000000000e+04 0.000000000000000000e+00 1.454487609863281250e+01 2.596692626953125000e+03 3.851224975585937500e+02 0.000000000000000000e+00 1.454487609863281250e+01 2.596692626953125000e+03 3.851224975585937500e+02
1.500000000000000000e+04 0.000000000000000000e+00 1.454487609863281250e+01 2.596692626953125000e+03 3.851224975585937500e+02 0.000000000000000000e+00 1.454487609863281250e+01 2.596692626953125000e+03 3.851224975585937500e+02
1.600000000000000000e+04 0.000000000000000000e+00 1.456534671783447266e+01 2.596652343750000000e+03 3.851451721191406250e+02 0.000000000000000000e+00 1.456534671783447266e+01 2.596652343750000000e+03 3.851451721191406250e+02
1.700000000000000000e+04 0.000000000000000000e+00 1.496016025543212891e+01 2.596915771484375000e+03 3.855825195312500000e+02 0.000000000000000000e+00 1.496016025543212891e+01 2.596915771484375000e+03 3.855825195312500000e+02
1.800000000000000000e+04 0.000000000000000000e+00 1.454381561279296875e+01 2.596694824218750000e+03 3.851213378906250000e+02 0.000000000000000000e+00 1.454381561279296875e+01 2.596694824218750000e+03 3.851213378906250000e+02
1.900000000000000000e+04 0.000000000000000000e+00 1.301102733612060547e+01 2.618700683593750000e+03 3.834338989257812500e+02 0.000000000000000000e+00 1.301102733612060547e+01 2.618700683593750000e+03 3.834338989257812500e+02
2.000000000000000000e+04 0.000000000000000000e+00 1.454474544525146484e+01 2.596692871093750000e+03 3.851223754882812500e+02 0.000000000000000000e+00 1.454474544525146484e+01 2.596692871093750000e+03 3.851223754882812500e+02
