# step, loss_train, loss_test, metrics_test
0.000000000000000000e+00 0.000000000000000000e+00 1.288653106689453125e+02 2.865959960937500000e+04 3.216532592773437500e+02 0.000000000000000000e+00 1.288653106689453125e+02 2.865959960937500000e+04 3.216532592773437500e+02
1.000000000000000000e+03 0.000000000000000000e+00 4.249681854248046875e+01 2.187612152099609375e+01 2.254319610595703125e+02 0.000000000000000000e+00 4.249681854248046875e+01 2.187612152099609375e+01 2.254319610595703125e+02
2.000000000000000000e+03 0.000000000000000000e+00 4.308516311645507812e+01 4.043234634399414062e+01 1.884328613281250000e+02 0.000000000000000000e+00 4.308516311645507812e+01 4.043234634399414062e+01 1.884328613281250000e+02
3.000000000000000000e+03 0.000000000000000000e+00 2.694233322143554688e+01 4.329881896972656250e+02 2.115338134765625000e+02 0.000000000000000000e+00 2.694233322143554688e+01 4.329881896972656250e+02 2.115338134765625000e+02
4.000000000000000000e+03 0.000000000000000000e+00 1.460613155364990234e+01 1.632270385742187500e+03 2.338803253173828125e+02 0.000000000000000000e+00 1.460613155364990234e+01 1.632270385742187500e+03 2.338803253173828125e+02
5.000000000000000000e+03 0.000000000000000000e+00 1.460640430450439453e+01 1.632270019531250000e+03 2.338805084228515625e+02 0.000000000000000000e+00 1.460640430450439453e+01 1.632270019531250000e+03 2.338805084228515625e+02
6.000000000000000000e+03 0.000000000000000000e+00 1.465809822082519531e+01 1.632194824218750000e+03 2.339149932861328125e+02 0.000000000000000000e+00 1.465809822082519531e+01 1.632194824218750000e+03 2.339149932861328125e+02
7.000000000000000000e+03 0.000000000000000000e+00 1.462178421020507812e+01 1.632245117187500000e+03 2.338907928466796875e+02 0.000000000000000000e+00 1.462178421020507812e+01 1.632245117187500000e+03 2.338907928466796875e+02
8.000000000000000000e+03 0.000000000000000000e+00 1.460385417938232422e+01 1.632274291992187500e+03 2.338788146972656250e+02 0.000000000000000000e+00 1.460385417938232422e+01 1.632274291992187500e+03 2.338788146972656250e+02
9.000000000000000000e+03 0.000000000000000000e+00 1.470314311981201172e+01 1.632147460937500000e+03 2.339450683593750000e+02 0.000000000000000000e+00 1.470314311981201172e+01 1.632147460937500000e+03 2.339450683593750000e+02
1.000000000000000000e+04 0.000000000000000000e+00 1.460885429382324219e+01 1.632266113281250000e+03 2.338821411132812500e+02 0.000000000000000000e+00 1.460885429382324219e+01 1.632266113281250000e+03 2.338821411132812500e+02
1.100000000000000000e+04 0.000000000000000000e+00 1.460640430450439453e+01 1.632270019531250000e+03 2.338805084228515625e+02 0.000000000000000000e+00 1.460640430450439453e+01 1.632270019531250000e+03 2.338805084228515625e+02
1.200000000000000000e+04 0.000000000000000000e+00 1.402856826782226562e+01 1.634715820312500000e+03 2.334956817626953125e+02 0.000000000000000000e+00 1.402856826782226562e+01 1.634715820312500000e+03 2.334956817626953125e+02
1.300000000000000000e+04 0.000000000000000000e+00 1.460618019104003906e+01 1.632270385742187500e+03 2.338803710937500000e+02 0.000000000000000000e+00 1.460618019104003906e+01 1.632270385742187500e+03 2.338803710937500000e+02
1.400000000000000000e+04 0.000000000000000000e+00 2.820897674560546875e+01 1.961498901367187500e+03 2.431095428466796875e+02 0.000000000000000000e+00 2.820897674560546875e+01 1.961498901367187500e+03 2.431095428466796875e+02
1.500000000000000000e+04 0.000000000000000000e+00 1.450406646728515625e+01 1.632484619140625000e+03 2.338122406005859375e+02 0.000000000000000000e+00 1.450406646728515625e+01 1.632484619140625000e+03 2.338122406005859375e+02
1.600000000000000000e+04 0.000000000000000000e+00 1.460551071166992188e+01 1.632271362304687500e+03 2.338799133300781250e+02 0.000000000000000000e+00 1.460551071166992188e+01 1.632271362304687500e+03 2.338799133300781250e+02
1.700000000000000000e+04 0.000000000000000000e+00 1.458237361907958984e+01 1.632312255859375000e+03 2.338644866943359375e+02 0.000000000000000000e+00 1.458237361907958984e+01 1.632312255859375000e+03 2.338644866943359375e+02
1.800000000000000000e+04 0.000000000000000000e+00 1.460774040222167969e+01 1.632267700195312500e+03 2.338813781738281250e+02 0.000000000000000000e+00 1.460774040222167969e+01 1.632267700195312500e+03 2.338813781738281250e+02
1.900000000000000000e+04 0.000000000000000000e+00 1.461526870727539062e+01 1.632255493164062500e+03 2.338864135742187500e+02 0.000000000000000000e+00 1.461526870727539062e+01 1.632255493164062500e+03 2.338864135742187500e+02
2.000000000000000000e+04 0.000000000000000000e+00 1.492466163635253906e+01 1.632148681640625000e+03 2.340929870605468750e+02 0.000000000000000000e+00 1.492466163635253906e+01 1.632148681640625000e+03 2.340929870605468750e+02
