# step, loss_train, loss_test, metrics_test
0.000000000000000000e+00 0.000000000000000000e+00 1.111356430053710938e+02 9.986524963378906250e+01 4.520083007812500000e+02 0.000000000000000000e+00 1.111356430053710938e+02 9.986524963378906250e+01 4.520083007812500000e+02
1.000000000000000000e+03 0.000000000000000000e+00 4.970915603637695312e+01 5.831295776367187500e+01 2.208690490722656250e+02 0.000000000000000000e+00 4.970915603637695312e+01 5.831295776367187500e+01 2.208690490722656250e+02
2.000000000000000000e+03 0.000000000000000000e+00 1.797601127624511719e+01 3.280239486694335938e+01 4.109139709472656250e+02 0.000000000000000000e+00 1.797601127624511719e+01 3.280239486694335938e+01 4.109139709472656250e+02
3.000000000000000000e+03 0.000000000000000000e+00 1.798560523986816406e+01 3.278684616088867188e+01 4.109195251464843750e+02 0.000000000000000000e+00 1.798560523986816406e+01 3.278684616088867188e+01 4.109195251464843750e+02
4.000000000000000000e+03 0.000000000000000000e+00 1.760415077209472656e+01 3.351807403564453125e+01 4.106890563964843750e+02 0.000000000000000000e+00 1.760415077209472656e+01 3.351807403564453125e+01 4.106890563964843750e+02
5.000000000000000000e+03 0.000000000000000000e+00 1.797622871398925781e+01 3.280204391479492188e+01 4.109135131835937500e+02 0.000000000000000000e+00 1.797622871398925781e+01 3.280204391479492188e+01 4.109135131835937500e+02
6.000000000000000000e+03 0.000000000000000000e+00 1.801696395874023438e+01 3.273646926879882812e+01 4.109386596679687500e+02 0.000000000000000000e+00 1.801696395874023438e+01 3.273646926879882812e+01 4.109386596679687500e+02
7.000000000000000000e+03 0.000000000000000000e+00 1.795300292968750000e+01 3.284032440185546875e+01 4.108991088867187500e+02 0.000000000000000000e+00 1.795300292968750000e+01 3.284032440185546875e+01 4.108991088867187500e+02
8.000000000000000000e+03 0.000000000000000000e+00 1.791783523559570312e+01 3.289941406250000000e+01 4.091314086914062500e+02 0.000000000000000000e+00 1.791783523559570312e+01 3.289941406250000000e+01 4.091314086914062500e+02
9.000000000000000000e+03 0.000000000000000000e+00 1.791793441772460938e+01 3.289893722534179688e+01 4.091307983398437500e+02 0.000000000000000000e+00 1.791793441772460938e+01 3.289893722534179688e+01 4.091307983398437500e+02
1.000000000000000000e+04 0.000000000000000000e+00 1.798561859130859375e+01 3.278686523437500000e+01 4.109191894531250000e+02 0.000000000000000000e+00 1.798561859130859375e+01 3.278686523437500000e+01 4.109191894531250000e+02
1.100000000000000000e+04 0.000000000000000000e+00 1.798565292358398438e+01 3.278681564331054688e+01 4.109191894531250000e+02 0.000000000000000000e+00 1.798565292358398438e+01 3.278681564331054688e+01 4.109191894531250000e+02
1.200000000000000000e+04 0.000000000000000000e+00 1.798736763000488281e+01 3.278404235839843750e+01 4.109202270507812500e+02 0.000000000000000000e+00 1.798736763000488281e+01 3.278404235839843750e+01 4.109202270507812500e+02
1.300000000000000000e+04 0.000000000000000000e+00 1.753731727600097656e+01 3.367815399169921875e+01 4.106498718261718750e+02 0.000000000000000000e+00 1.753731727600097656e+01 3.367815399169921875e+01 4.106498718261718750e+02
1.400000000000000000e+04 0.000000000000000000e+00 1.798577499389648438e+01 3.278661727905273438e+01 4.109192504882812500e+02 0.000000000000000000e+00 1.798577499389648438e+01 3.278661727905273438e+01 4.109192504882812500e+02
1.500000000000000000e+04 0.000000000000000000e+00 1.798589515686035156e+01 3.278641891479492188e+01 4.109193115234375000e+02 0.000000000000000000e+00 1.798589515686035156e+01 3.278641891479492188e+01 4.109193115234375000e+02
1.600000000000000000e+04 0.000000000000000000e+00 1.798564720153808594e+01 3.278681945800781250e+01 4.109191894531250000e+02 0.000000000000000000e+00 1.798564720153808594e+01 3.278681945800781250e+01 4.109191894531250000e+02
1.700000000000000000e+04 0.000000000000000000e+00 2.977212524414062500e+01 6.440261840820312500e+01 4.203644104003906250e+02 0.000000000000000000e+00 2.977212524414062500e+01 6.440261840820312500e+01 4.203644104003906250e+02
1.800000000000000000e+04 0.000000000000000000e+00 1.810121917724609375e+01 3.260786819458007812e+01 4.109908142089843750e+02 0.000000000000000000e+00 1.810121917724609375e+01 3.260786819458007812e+01 4.109908142089843750e+02
1.900000000000000000e+04 0.000000000000000000e+00 1.798450469970703125e+01 3.278867340087890625e+01 4.109184265136718750e+02 0.000000000000000000e+00 1.798450469970703125e+01 3.278867340087890625e+01 4.109184265136718750e+02
2.000000000000000000e+04 0.000000000000000000e+00 1.812284088134765625e+01 4.273538208007812500e+01 4.114408874511718750e+02 0.000000000000000000e+00 1.812284088134765625e+01 4.273538208007812500e+01 4.114408874511718750e+02
