# step, loss_train, loss_test, metrics_test
0.000000000000000000e+00 2.165256054687500000e+04 2.612071990966796875e+01 5.995724487304687500e+02 4.696600952148437500e+02 2.165256054687500000e+04 2.612071990966796875e+01 5.995724487304687500e+02 4.696600952148437500e+02
1.000000000000000000e+03 3.160171875000000000e+03 2.969597816467285156e+01 6.004790039062500000e+02 4.602832946777343750e+02 3.160171875000000000e+03 2.969597816467285156e+01 6.004790039062500000e+02 4.602832946777343750e+02
2.000000000000000000e+03 6.522356567382812500e+02 2.656538963317871094e+01 5.301115722656250000e+02 4.521141967773437500e+02 6.522356567382812500e+02 2.656538963317871094e+01 5.301115722656250000e+02 4.521141967773437500e+02
3.000000000000000000e+03 2.337595062255859375e+02 2.072899055480957031e+01 4.261892395019531250e+02 4.431833190917968750e+02 2.337595062255859375e+02 2.072899055480957031e+01 4.261892395019531250e+02 4.431833190917968750e+02
4.000000000000000000e+03 1.018689422607421875e+02 1.682683372497558594e+01 3.384975280761718750e+02 4.363342590332031250e+02 1.018689422607421875e+02 1.682683372497558594e+01 3.384975280761718750e+02 4.363342590332031250e+02
5.000000000000000000e+03 5.402051544189453125e+01 1.480105209350585938e+01 2.746139221191406250e+02 4.319655761718750000e+02 5.402051544189453125e+01 1.480105209350585938e+01 2.746139221191406250e+02 4.319655761718750000e+02
6.000000000000000000e+03 3.459977722167968750e+01 1.426227664947509766e+01 2.299999389648437500e+02 4.298285827636718750e+02 3.459977722167968750e+01 1.426227664947509766e+01 2.299999389648437500e+02 4.298285827636718750e+02
7.000000000000000000e+03 2.403109359741210938e+01 1.487965869903564453e+01 2.026709747314453125e+02 4.294826049804687500e+02 2.403109359741210938e+01 1.487965869903564453e+01 2.026709747314453125e+02 4.294826049804687500e+02
8.000000000000000000e+03 1.761399841308593750e+01 1.594934844970703125e+01 1.901542663574218750e+02 4.300641479492187500e+02 1.761399841308593750e+01 1.594934844970703125e+01 1.901542663574218750e+02 4.300641479492187500e+02
9.000000000000000000e+03 1.333144950866699219e+01 1.665440559387207031e+01 1.853259887695312500e+02 4.305734863281250000e+02 1.333144950866699219e+01 1.665440559387207031e+01 1.853259887695312500e+02 4.305734863281250000e+02
1.000000000000000000e+04 1.014770317077636719e+01 1.701731109619140625e+01 1.822693481445312500e+02 4.308824157714843750e+02 1.014770317077636719e+01 1.701731109619140625e+01 1.822693481445312500e+02 4.308824157714843750e+02
1.100000000000000000e+04 7.705999374389648438e+00 1.732615470886230469e+01 1.791710357666015625e+02 4.312065124511718750e+02 7.705999374389648438e+00 1.732615470886230469e+01 1.791710357666015625e+02 4.312065124511718750e+02
1.200000000000000000e+04 5.864630222320556641e+00 1.765320205688476562e+01 1.756754150390625000e+02 4.315942993164062500e+02 5.864630222320556641e+00 1.765320205688476562e+01 1.756754150390625000e+02 4.315942993164062500e+02
1.300000000000000000e+04 4.561294078826904297e+00 1.800229644775390625e+01 1.716857910156250000e+02 4.320302124023437500e+02 4.561294078826904297e+00 1.800229644775390625e+01 1.716857910156250000e+02 4.320302124023437500e+02
1.400000000000000000e+04 3.649306297302246094e+00 1.839091300964355469e+01 1.671018981933593750e+02 4.325215454101562500e+02 3.649306297302246094e+00 1.839091300964355469e+01 1.671018981933593750e+02 4.325215454101562500e+02
1.500000000000000000e+04 3.176064014434814453e+00 1.878097915649414062e+01 1.617119903564453125e+02 4.329783020019531250e+02 3.176064014434814453e+00 1.878097915649414062e+01 1.617119903564453125e+02 4.329783020019531250e+02
1.600000000000000000e+04 3.169946432113647461e+00 1.920525932312011719e+01 1.547243347167968750e+02 4.333461608886718750e+02 3.169946432113647461e+00 1.920525932312011719e+01 1.547243347167968750e+02 4.333461608886718750e+02
1.700000000000000000e+04 3.799985647201538086e+00 1.957218742370605469e+01 1.458564147949218750e+02 4.328386230468750000e+02 3.799985647201538086e+00 1.957218742370605469e+01 1.458564147949218750e+02 4.328386230468750000e+02
1.800000000000000000e+04 5.593958377838134766e+00 1.988316345214843750e+01 1.324750976562500000e+02 4.299329528808593750e+02 5.593958377838134766e+00 1.988316345214843750e+01 1.324750976562500000e+02 4.299329528808593750e+02
1.900000000000000000e+04 9.719322204589843750e+00 2.121109390258789062e+01 1.055168304443359375e+02 4.231946716308593750e+02 9.719322204589843750e+00 2.121109390258789062e+01 1.055168304443359375e+02 4.231946716308593750e+02
2.000000000000000000e+04 1.242732238769531250e+01 2.760571098327636719e+01 6.975964355468750000e+01 4.114621582031250000e+02 1.242732238769531250e+01 2.760571098327636719e+01 6.975964355468750000e+01 4.114621582031250000e+02
