# step, loss_train, loss_test, metrics_test
0.000000000000000000e+00 0.000000000000000000e+00 1.111356430053710938e+02 0.000000000000000000e+00 4.648494567871093750e+02 0.000000000000000000e+00 1.111356430053710938e+02 0.000000000000000000e+00 4.648494567871093750e+02
1.000000000000000000e+03 0.000000000000000000e+00 1.701314353942871094e+01 0.000000000000000000e+00 4.220689086914062500e+02 0.000000000000000000e+00 1.701314353942871094e+01 0.000000000000000000e+00 4.220689086914062500e+02
2.000000000000000000e+03 0.000000000000000000e+00 1.701319503784179688e+01 0.000000000000000000e+00 4.220688781738281250e+02 0.000000000000000000e+00 1.701319503784179688e+01 0.000000000000000000e+00 4.220688781738281250e+02
3.000000000000000000e+03 0.000000000000000000e+00 1.701319503784179688e+01 0.000000000000000000e+00 4.220688781738281250e+02 0.000000000000000000e+00 1.701319503784179688e+01 0.000000000000000000e+00 4.220688781738281250e+02
4.000000000000000000e+03 0.000000000000000000e+00 1.701316642761230469e+01 0.000000000000000000e+00 4.220688781738281250e+02 0.000000000000000000e+00 1.701316642761230469e+01 0.000000000000000000e+00 4.220688781738281250e+02
5.000000000000000000e+03 0.000000000000000000e+00 1.701250076293945312e+01 0.000000000000000000e+00 4.220696105957031250e+02 0.000000000000000000e+00 1.701250076293945312e+01 0.000000000000000000e+00 4.220696105957031250e+02
6.000000000000000000e+03 0.000000000000000000e+00 1.703359031677246094e+01 0.000000000000000000e+00 4.220639648437500000e+02 0.000000000000000000e+00 1.703359031677246094e+01 0.000000000000000000e+00 4.220639648437500000e+02
7.000000000000000000e+03 0.000000000000000000e+00 1.701759529113769531e+01 0.000000000000000000e+00 4.220658874511718750e+02 0.000000000000000000e+00 1.701759529113769531e+01 0.000000000000000000e+00 4.220658874511718750e+02
8.000000000000000000e+03 0.000000000000000000e+00 1.701370048522949219e+01 0.000000000000000000e+00 4.220683898925781250e+02 0.000000000000000000e+00 1.701370048522949219e+01 0.000000000000000000e+00 4.220683898925781250e+02
9.000000000000000000e+03 0.000000000000000000e+00 1.701089286804199219e+01 0.000000000000000000e+00 4.220721130371093750e+02 0.000000000000000000e+00 1.701089286804199219e+01 0.000000000000000000e+00 4.220721130371093750e+02
1.000000000000000000e+04 0.000000000000000000e+00 1.701326179504394531e+01 0.000000000000000000e+00 4.220687866210937500e+02 0.000000000000000000e+00 1.701326179504394531e+01 0.000000000000000000e+00 4.220687866210937500e+02
1.100000000000000000e+04 0.000000000000000000e+00 1.701316070556640625e+01 0.000000000000000000e+00 4.220689086914062500e+02 0.000000000000000000e+00 1.701316070556640625e+01 0.000000000000000000e+00 4.220689086914062500e+02
1.200000000000000000e+04 0.000000000000000000e+00 1.701318740844726562e+01 0.000000000000000000e+00 4.220688781738281250e+02 0.000000000000000000e+00 1.701318740844726562e+01 0.000000000000000000e+00 4.220688781738281250e+02
1.300000000000000000e+04 0.000000000000000000e+00 1.701469612121582031e+01 0.000000000000000000e+00 4.220675659179687500e+02 0.000000000000000000e+00 1.701469612121582031e+01 0.000000000000000000e+00 4.220675659179687500e+02
1.400000000000000000e+04 0.000000000000000000e+00 1.701440238952636719e+01 0.000000000000000000e+00 4.220678405761718750e+02 0.000000000000000000e+00 1.701440238952636719e+01 0.000000000000000000e+00 4.220678405761718750e+02
1.500000000000000000e+04 0.000000000000000000e+00 1.702494812011718750e+01 0.000000000000000000e+00 4.220641174316406250e+02 0.000000000000000000e+00 1.702494812011718750e+01 0.000000000000000000e+00 4.220641174316406250e+02
1.600000000000000000e+04 0.000000000000000000e+00 1.701339340209960938e+01 0.000000000000000000e+00 4.220686645507812500e+02 0.000000000000000000e+00 1.701339340209960938e+01 0.000000000000000000e+00 4.220686645507812500e+02
1.700000000000000000e+04 0.000000000000000000e+00 1.701334571838378906e+01 0.000000000000000000e+00 4.220687561035156250e+02 0.000000000000000000e+00 1.701334571838378906e+01 0.000000000000000000e+00 4.220687561035156250e+02
1.800000000000000000e+04 0.000000000000000000e+00 1.701350975036621094e+01 0.000000000000000000e+00 4.220685424804687500e+02 0.000000000000000000e+00 1.701350975036621094e+01 0.000000000000000000e+00 4.220685424804687500e+02
1.900000000000000000e+04 0.000000000000000000e+00 1.701310729980468750e+01 0.000000000000000000e+00 4.220689697265625000e+02 0.000000000000000000e+00 1.701310729980468750e+01 0.000000000000000000e+00 4.220689697265625000e+02
2.000000000000000000e+04 0.000000000000000000e+00 1.701318359375000000e+01 0.000000000000000000e+00 4.220688781738281250e+02 0.000000000000000000e+00 1.701318359375000000e+01 0.000000000000000000e+00 4.220688781738281250e+02
