# step, loss_train, loss_test, metrics_test
0.000000000000000000e+00 3.830191955566406250e+02 2.321522712707519531e+01 2.001639038085937500e+03 2.752665100097656250e+02 3.830191955566406250e+02 2.321522712707519531e+01 2.001639038085937500e+03 2.752665100097656250e+02
1.000000000000000000e+03 9.272764325141906738e-01 2.672737693786621094e+01 1.442934513092041016e+00 2.481571502685546875e+02 9.272764325141906738e-01 2.672737693786621094e+01 1.442934513092041016e+00 2.481571502685546875e+02
2.000000000000000000e+03 6.317710876464843750e-01 2.412355422973632812e+01 1.240886807441711426e+00 2.413640594482421875e+02 6.317710876464843750e-01 2.412355422973632812e+01 1.240886807441711426e+00 2.413640594482421875e+02
3.000000000000000000e+03 5.561065673828125000e-01 1.929802131652832031e+01 7.880761623382568359e-01 2.405391082763671875e+02 5.561065673828125000e-01 1.929802131652832031e+01 7.880761623382568359e-01 2.405391082763671875e+02
4.000000000000000000e+03 4.330914020538330078e-01 1.433559799194335938e+01 4.769075214862823486e-01 2.392449645996093750e+02 4.330914020538330078e-01 1.433559799194335938e+01 4.769075214862823486e-01 2.392449645996093750e+02
5.000000000000000000e+03 3.346336781978607178e-01 1.186034297943115234e+01 5.026565194129943848e-01 2.346934967041015625e+02 3.346336781978607178e-01 1.186034297943115234e+01 5.026565194129943848e-01 2.346934967041015625e+02
6.000000000000000000e+03 2.002755165100097656e+00 1.466067504882812500e+01 3.136580467224121094e+00 2.100755615234375000e+02 2.002755165100097656e+00 1.466067504882812500e+01 3.136580467224121094e+00 2.100755615234375000e+02
7.000000000000000000e+03 3.044891357421875000e+00 1.691746902465820312e+01 4.955748558044433594e+00 1.829953308105468750e+02 3.044891357421875000e+00 1.691746902465820312e+01 4.955748558044433594e+00 1.829953308105468750e+02
8.000000000000000000e+03 1.019307518005371094e+01 1.015960216522216797e+01 6.185644149780273438e+00 9.816825866699218750e+01 1.019307518005371094e+01 1.015960216522216797e+01 6.185644149780273438e+00 9.816825866699218750e+01
9.000000000000000000e+03 9.209021568298339844e+00 6.528526306152343750e+00 3.496264934539794922e+00 2.372008895874023438e+01 9.209021568298339844e+00 6.528526306152343750e+00 3.496264934539794922e+00 2.372008895874023438e+01
1.000000000000000000e+04 6.790841579437255859e+00 4.688814163208007812e+00 1.691259384155273438e+00 8.765789031982421875e+00 6.790841579437255859e+00 4.688814163208007812e+00 1.691259384155273438e+00 8.765789031982421875e+00
1.100000000000000000e+04 4.832337856292724609e+00 3.580045700073242188e+00 9.291795492172241211e-01 5.665444374084472656e+00 4.832337856292724609e+00 3.580045700073242188e+00 9.291795492172241211e-01 5.665444374084472656e+00
1.200000000000000000e+04 3.882979869842529297e+00 2.838276863098144531e+00 6.865744590759277344e-01 4.466138839721679688e+00 3.882979869842529297e+00 2.838276863098144531e+00 6.865744590759277344e-01 4.466138839721679688e+00
1.300000000000000000e+04 3.589586496353149414e+00 2.376799821853637695e+00 5.485004186630249023e-01 3.882264852523803711e+00 3.589586496353149414e+00 2.376799821853637695e+00 5.485004186630249023e-01 3.882264852523803711e+00
1.400000000000000000e+04 2.704433441162109375e+00 2.085541009902954102e+00 4.933121204376220703e-01 3.547730922698974609e+00 2.704433441162109375e+00 2.085541009902954102e+00 4.933121204376220703e-01 3.547730922698974609e+00
1.500000000000000000e+04 2.309534072875976562e+00 1.878929257392883301e+00 4.480592310428619385e-01 3.338378667831420898e+00 2.309534072875976562e+00 1.878929257392883301e+00 4.480592310428619385e-01 3.338378667831420898e+00
1.600000000000000000e+04 2.015631914138793945e+00 1.723832845687866211e+00 4.119494855403900146e-01 3.193058490753173828e+00 2.015631914138793945e+00 1.723832845687866211e+00 4.119494855403900146e-01 3.193058490753173828e+00
1.700000000000000000e+04 1.897431969642639160e+00 1.606105446815490723e+00 3.912115991115570068e-01 3.088170051574707031e+00 1.897431969642639160e+00 1.606105446815490723e+00 3.912115991115570068e-01 3.088170051574707031e+00
1.800000000000000000e+04 2.189064025878906250e+00 1.504730820655822754e+00 3.582946360111236572e-01 3.011718988418579102e+00 2.189064025878906250e+00 1.504730820655822754e+00 3.582946360111236572e-01 3.011718988418579102e+00
1.900000000000000000e+04 1.788028240203857422e+00 1.423601984977722168e+00 3.636433482170104980e-01 2.940164089202880859e+00 1.788028240203857422e+00 1.423601984977722168e+00 3.636433482170104980e-01 2.940164089202880859e+00
2.000000000000000000e+04 1.783519744873046875e+00 1.356060743331909180e+00 3.230547904968261719e-01 2.889830350875854492e+00 1.783519744873046875e+00 1.356060743331909180e+00 3.230547904968261719e-01 2.889830350875854492e+00
