# step, loss_train, loss_test, metrics_test
0.000000000000000000e+00 9.535833984375000000e+03 4.233918380737304688e+01 1.132115917968750000e+04 3.952422790527343750e+02 9.535833984375000000e+03 4.233918380737304688e+01 1.132115917968750000e+04 3.952422790527343750e+02
1.000000000000000000e+03 2.114201416015625000e+03 2.860731506347656250e+01 7.782321289062500000e+03 3.771621704101562500e+02 2.114201416015625000e+03 2.860731506347656250e+01 7.782321289062500000e+03 3.771621704101562500e+02
2.000000000000000000e+03 7.349036865234375000e+02 1.898926353454589844e+01 5.093150390625000000e+03 3.629298400878906250e+02 7.349036865234375000e+02 1.898926353454589844e+01 5.093150390625000000e+03 3.629298400878906250e+02
3.000000000000000000e+03 4.927182617187500000e+02 1.343220043182373047e+01 3.367608642578125000e+03 3.544801940917968750e+02 4.927182617187500000e+02 1.343220043182373047e+01 3.367608642578125000e+03 3.544801940917968750e+02
4.000000000000000000e+03 3.643052368164062500e+02 1.137159919738769531e+01 2.388718261718750000e+03 3.513833618164062500e+02 3.643052368164062500e+02 1.137159919738769531e+01 2.388718261718750000e+03 3.513833618164062500e+02
5.000000000000000000e+03 2.786676635742187500e+02 1.148689270019531250e+01 1.903318115234375000e+03 3.517146301269531250e+02 2.786676635742187500e+02 1.148689270019531250e+01 1.903318115234375000e+03 3.517146301269531250e+02
6.000000000000000000e+03 2.139044036865234375e+02 1.233088874816894531e+01 1.667350097656250000e+03 3.532358703613281250e+02 2.139044036865234375e+02 1.233088874816894531e+01 1.667350097656250000e+03 3.532358703613281250e+02
7.000000000000000000e+03 1.639091186523437500e+02 1.298785114288330078e+01 1.528499267578125000e+03 3.543093872070312500e+02 1.639091186523437500e+02 1.298785114288330078e+01 1.528499267578125000e+03 3.543093872070312500e+02
8.000000000000000000e+03 1.301820068359375000e+02 1.337462615966796875e+01 1.413646728515625000e+03 3.541528625488281250e+02 1.301820068359375000e+02 1.337462615966796875e+01 1.413646728515625000e+03 3.541528625488281250e+02
9.000000000000000000e+03 1.110633850097656250e+02 1.384198760986328125e+01 1.276604248046875000e+03 3.524755249023437500e+02 1.110633850097656250e+02 1.384198760986328125e+01 1.276604248046875000e+03 3.524755249023437500e+02
1.000000000000000000e+04 1.036859588623046875e+02 1.490731334686279297e+01 1.089420654296875000e+03 3.490891113281250000e+02 1.036859588623046875e+02 1.490731334686279297e+01 1.089420654296875000e+03 3.490891113281250000e+02
1.100000000000000000e+04 1.040439758300781250e+02 1.739528083801269531e+01 8.480361938476562500e+02 3.442231140136718750e+02 1.040439758300781250e+02 1.739528083801269531e+01 8.480361938476562500e+02 3.442231140136718750e+02
1.200000000000000000e+04 1.060809249877929688e+02 2.264252471923828125e+01 5.731814575195312500e+02 3.389405212402343750e+02 1.060809249877929688e+02 2.264252471923828125e+01 5.731814575195312500e+02 3.389405212402343750e+02
1.300000000000000000e+04 1.040279006958007812e+02 3.090095901489257812e+01 3.263700256347656250e+02 3.349513549804687500e+02 1.040279006958007812e+02 3.090095901489257812e+01 3.263700256347656250e+02 3.349513549804687500e+02
1.400000000000000000e+04 8.856755065917968750e+01 4.047763061523437500e+01 1.654427490234375000e+02 3.332896728515625000e+02 8.856755065917968750e+01 4.047763061523437500e+01 1.654427490234375000e+02 3.332896728515625000e+02
1.500000000000000000e+04 6.738220977783203125e+01 4.869672393798828125e+01 8.361251068115234375e+01 3.338813476562500000e+02 6.738220977783203125e+01 4.869672393798828125e+01 8.361251068115234375e+01 3.338813476562500000e+02
1.600000000000000000e+04 4.837049484252929688e+01 5.360229492187500000e+01 4.630292892456054688e+01 3.356192016601562500e+02 4.837049484252929688e+01 5.360229492187500000e+01 4.630292892456054688e+01 3.356192016601562500e+02
1.700000000000000000e+04 3.416993713378906250e+01 5.512561035156250000e+01 2.882382011413574219e+01 3.376941833496093750e+02 3.416993713378906250e+01 5.512561035156250000e+01 2.882382011413574219e+01 3.376941833496093750e+02
1.800000000000000000e+04 2.428521156311035156e+01 5.442449951171875000e+01 1.953213882446289062e+01 3.397084655761718750e+02 2.428521156311035156e+01 5.442449951171875000e+01 1.953213882446289062e+01 3.397084655761718750e+02
1.900000000000000000e+04 1.749642562866210938e+01 5.282559204101562500e+01 1.377069854736328125e+01 3.414178161621093750e+02 1.749642562866210938e+01 5.282559204101562500e+01 1.377069854736328125e+01 3.414178161621093750e+02
2.000000000000000000e+04 1.277946567535400391e+01 5.103116226196289062e+01 9.950765609741210938e+00 3.426900024414062500e+02 1.277946567535400391e+01 5.103116226196289062e+01 9.950765609741210938e+00 3.426900024414062500e+02
