# step, loss_train, loss_test, metrics_test
0.000000000000000000e+00 5.104030966758728027e-01 3.203212356567382812e+01 7.078693847656250000e+03 4.866153335571289062e+01 5.104030966758728027e-01 3.203212356567382812e+01 7.078693847656250000e+03 4.866153335571289062e+01
1.000000000000000000e+03 8.705970001220703125e+01 1.651412582397460938e+01 3.899764404296875000e+03 4.690618133544921875e+01 8.705970001220703125e+01 1.651412582397460938e+01 3.899764404296875000e+03 4.690618133544921875e+01
2.000000000000000000e+03 1.028969421386718750e+02 1.844001197814941406e+01 1.626722412109375000e+03 4.712664031982421875e+01 1.028969421386718750e+02 1.844001197814941406e+01 1.626722412109375000e+03 4.712664031982421875e+01
3.000000000000000000e+03 1.972108268737792969e+01 2.075334167480468750e+01 1.437290039062500000e+03 4.764793777465820312e+01 1.972108268737792969e+01 2.075334167480468750e+01 1.437290039062500000e+03 4.764793777465820312e+01
4.000000000000000000e+03 1.605710983276367188e+01 2.172881507873535156e+01 1.328429931640625000e+03 4.776859283447265625e+01 1.605710983276367188e+01 2.172881507873535156e+01 1.328429931640625000e+03 4.776859283447265625e+01
5.000000000000000000e+03 1.621811676025390625e+01 2.272669601440429688e+01 1.135754028320312500e+03 4.774897003173828125e+01 1.621811676025390625e+01 2.272669601440429688e+01 1.135754028320312500e+03 4.774897003173828125e+01
6.000000000000000000e+03 1.970181465148925781e+01 2.632189369201660156e+01 7.682084350585937500e+02 4.791236495971679688e+01 1.970181465148925781e+01 2.632189369201660156e+01 7.682084350585937500e+02 4.791236495971679688e+01
7.000000000000000000e+03 1.072386837005615234e+01 2.855879402160644531e+01 5.505913085937500000e+02 4.753675079345703125e+01 1.072386837005615234e+01 2.855879402160644531e+01 5.505913085937500000e+02 4.753675079345703125e+01
8.000000000000000000e+03 1.205078983306884766e+01 3.612852096557617188e+01 1.088111572265625000e+02 4.549546813964843750e+01 1.205078983306884766e+01 3.612852096557617188e+01 1.088111572265625000e+02 4.549546813964843750e+01
9.000000000000000000e+03 3.310414552688598633e+00 3.614687728881835938e+01 1.910627937316894531e+01 4.498714447021484375e+01 3.310414552688598633e+00 3.614687728881835938e+01 1.910627937316894531e+01 4.498714447021484375e+01
1.000000000000000000e+04 2.211194753646850586e+00 3.353801345825195312e+01 5.973239421844482422e+00 4.530162429809570312e+01 2.211194753646850586e+00 3.353801345825195312e+01 5.973239421844482422e+00 4.530162429809570312e+01
1.100000000000000000e+04 1.585270285606384277e+00 3.089957618713378906e+01 2.849326372146606445e+00 4.548200225830078125e+01 1.585270285606384277e+00 3.089957618713378906e+01 2.849326372146606445e+00 4.548200225830078125e+01
1.200000000000000000e+04 1.145781874656677246e+00 2.835146903991699219e+01 2.395398855209350586e+00 4.546299743652343750e+01 1.145781874656677246e+00 2.835146903991699219e+01 2.395398855209350586e+00 4.546299743652343750e+01
1.300000000000000000e+04 9.279586672782897949e-01 2.565294647216796875e+01 2.357270717620849609e+00 4.540980529785156250e+01 9.279586672782897949e-01 2.565294647216796875e+01 2.357270717620849609e+00 4.540980529785156250e+01
1.400000000000000000e+04 8.645973205566406250e-01 2.259821510314941406e+01 2.308553934097290039e+00 4.536381149291992188e+01 8.645973205566406250e-01 2.259821510314941406e+01 2.308553934097290039e+00 4.536381149291992188e+01
1.500000000000000000e+04 9.693003892898559570e-01 1.895976066589355469e+01 2.162709474563598633e+00 4.529591369628906250e+01 9.693003892898559570e-01 1.895976066589355469e+01 2.162709474563598633e+00 4.529591369628906250e+01
1.600000000000000000e+04 1.302205204963684082e+00 1.465404033660888672e+01 1.705509066581726074e+00 4.518926239013671875e+01 1.302205204963684082e+00 1.465404033660888672e+01 1.705509066581726074e+00 4.518926239013671875e+01
1.700000000000000000e+04 1.629389882087707520e+00 1.043366146087646484e+01 1.054338335990905762e+00 4.494125366210937500e+01 1.629389882087707520e+00 1.043366146087646484e+01 1.054338335990905762e+00 4.494125366210937500e+01
1.800000000000000000e+04 1.453702926635742188e+00 7.617557525634765625e+00 6.882413029670715332e-01 4.462555694580078125e+01 1.453702926635742188e+00 7.617557525634765625e+00 6.882413029670715332e-01 4.462555694580078125e+01
1.900000000000000000e+04 1.178267478942871094e+00 5.961477756500244141e+00 5.107701420783996582e-01 4.445606994628906250e+01 1.178267478942871094e+00 5.961477756500244141e+00 5.107701420783996582e-01 4.445606994628906250e+01
2.000000000000000000e+04 1.020868778228759766e+00 4.806938171386718750e+00 3.952734470367431641e-01 4.439891815185546875e+01 1.020868778228759766e+00 4.806938171386718750e+00 3.952734470367431641e-01 4.439891815185546875e+01
