# step, loss_train, loss_test, metrics_test
0.000000000000000000e+00 8.243719726562500000e+03 3.412627029418945312e+01 5.086886901855468750e+02 4.151021423339843750e+02 8.243719726562500000e+03 3.412627029418945312e+01 5.086886901855468750e+02 4.151021423339843750e+02
1.000000000000000000e+03 1.469248008728027344e+01 1.378801918029785156e+01 1.484431762695312500e+02 3.696014404296875000e+02 1.469248008728027344e+01 1.378801918029785156e+01 1.484431762695312500e+02 3.696014404296875000e+02
2.000000000000000000e+03 8.015533447265625000e+00 1.605033874511718750e+01 1.245154113769531250e+02 3.705205688476562500e+02 8.015533447265625000e+00 1.605033874511718750e+01 1.245154113769531250e+02 3.705205688476562500e+02
3.000000000000000000e+03 5.357321739196777344e+00 1.680230903625488281e+01 1.190047454833984375e+02 3.710971374511718750e+02 5.357321739196777344e+00 1.680230903625488281e+01 1.190047454833984375e+02 3.710971374511718750e+02
4.000000000000000000e+03 3.821913480758666992e+00 1.748447990417480469e+01 1.137625656127929688e+02 3.716367492675781250e+02 3.821913480758666992e+00 1.748447990417480469e+01 1.137625656127929688e+02 3.716367492675781250e+02
5.000000000000000000e+03 3.252267122268676758e+00 1.799787139892578125e+01 1.091314697265625000e+02 3.719254455566406250e+02 3.252267122268676758e+00 1.799787139892578125e+01 1.091314697265625000e+02 3.719254455566406250e+02
6.000000000000000000e+03 3.130407810211181641e+00 1.851299667358398438e+01 1.041981811523437500e+02 3.721548767089843750e+02 3.130407810211181641e+00 1.851299667358398438e+01 1.041981811523437500e+02 3.721548767089843750e+02
7.000000000000000000e+03 3.729092359542846680e+00 1.931306838989257812e+01 9.524051666259765625e+01 3.724198913574218750e+02 3.729092359542846680e+00 1.931306838989257812e+01 9.524051666259765625e+01 3.724198913574218750e+02
8.000000000000000000e+03 7.397574901580810547e+00 2.319433212280273438e+01 6.620398712158203125e+01 3.649627990722656250e+02 7.397574901580810547e+00 2.319433212280273438e+01 6.620398712158203125e+01 3.649627990722656250e+02
9.000000000000000000e+03 6.246219635009765625e+00 3.661167526245117188e+01 1.955874252319335938e+01 3.389660339355468750e+02 6.246219635009765625e+00 3.661167526245117188e+01 1.955874252319335938e+01 3.389660339355468750e+02
1.000000000000000000e+04 3.459389209747314453e+00 2.781034088134765625e+01 1.128139781951904297e+01 3.319963684082031250e+02 3.459389209747314453e+00 2.781034088134765625e+01 1.128139781951904297e+01 3.319963684082031250e+02
1.100000000000000000e+04 4.085214138031005859e+00 2.371810722351074219e+01 9.200998306274414062e+00 3.309976196289062500e+02 4.085214138031005859e+00 2.371810722351074219e+01 9.200998306274414062e+00 3.309976196289062500e+02
1.200000000000000000e+04 6.690023899078369141e+00 1.371028518676757812e+01 6.698052883148193359e+00 3.255400085449218750e+02 6.690023899078369141e+00 1.371028518676757812e+01 6.698052883148193359e+00 3.255400085449218750e+02
1.300000000000000000e+04 5.284241199493408203e+00 1.147501373291015625e+01 6.375573635101318359e+00 3.157775573730468750e+02 5.284241199493408203e+00 1.147501373291015625e+01 6.375573635101318359e+00 3.157775573730468750e+02
1.400000000000000000e+04 4.314219474792480469e+00 1.081511783599853516e+01 6.025653839111328125e+00 3.131443481445312500e+02 4.314219474792480469e+00 1.081511783599853516e+01 6.025653839111328125e+00 3.131443481445312500e+02
1.500000000000000000e+04 4.623136520385742188e+00 1.020434379577636719e+01 5.809689044952392578e+00 3.099336547851562500e+02 4.623136520385742188e+00 1.020434379577636719e+01 5.809689044952392578e+00 3.099336547851562500e+02
1.600000000000000000e+04 6.265427589416503906e+00 9.375716209411621094e+00 5.424947261810302734e+00 3.048813476562500000e+02 6.265427589416503906e+00 9.375716209411621094e+00 5.424947261810302734e+00 3.048813476562500000e+02
1.700000000000000000e+04 7.410231590270996094e+00 7.591706275939941406e+00 4.693075656890869141e+00 2.958462829589843750e+02 7.410231590270996094e+00 7.591706275939941406e+00 4.693075656890869141e+00 2.958462829589843750e+02
1.800000000000000000e+04 6.893837451934814453e+00 7.433801174163818359e+00 4.939947128295898438e+00 2.887925415039062500e+02 6.893837451934814453e+00 7.433801174163818359e+00 4.939947128295898438e+00 2.887925415039062500e+02
1.900000000000000000e+04 6.667246341705322266e+00 7.281721591949462891e+00 4.980478763580322266e+00 2.848745727539062500e+02 6.667246341705322266e+00 7.281721591949462891e+00 4.980478763580322266e+00 2.848745727539062500e+02
2.000000000000000000e+04 6.597087383270263672e+00 6.983036518096923828e+00 4.879686355590820312e+00 2.820453186035156250e+02 6.597087383270263672e+00 6.983036518096923828e+00 4.879686355590820312e+00 2.820453186035156250e+02
