# step, loss_train, loss_test, metrics_test
0.000000000000000000e+00 1.863473125000000000e+05 2.309447631835937500e+02 4.257203515625000000e+04 5.625230712890625000e+02 1.863473125000000000e+05 2.309447631835937500e+02 4.257203515625000000e+04 5.625230712890625000e+02
1.000000000000000000e+03 2.873865356445312500e+02 3.063508415222167969e+01 3.008927917480468750e+01 3.928363342285156250e+02 2.873865356445312500e+02 3.063508415222167969e+01 3.008927917480468750e+01 3.928363342285156250e+02
2.000000000000000000e+03 1.500472564697265625e+02 2.375458717346191406e+01 9.519778251647949219e+00 3.738692321777343750e+02 1.500472564697265625e+02 2.375458717346191406e+01 9.519778251647949219e+00 3.738692321777343750e+02
3.000000000000000000e+03 8.161450958251953125e+01 1.875754356384277344e+01 4.025044441223144531e+00 3.589367980957031250e+02 8.161450958251953125e+01 1.875754356384277344e+01 4.025044441223144531e+00 3.589367980957031250e+02
4.000000000000000000e+03 5.110818481445312500e+01 1.370042228698730469e+01 1.654093623161315918e+00 3.477909851074218750e+02 5.110818481445312500e+01 1.370042228698730469e+01 1.654093623161315918e+00 3.477909851074218750e+02
5.000000000000000000e+03 3.859319305419921875e+01 1.098287487030029297e+01 1.127454876899719238e+00 3.360787658691406250e+02 3.859319305419921875e+01 1.098287487030029297e+01 1.127454876899719238e+00 3.360787658691406250e+02
6.000000000000000000e+03 2.681891632080078125e+01 9.592095375061035156e+00 1.407163262367248535e+00 3.238598937988281250e+02 2.681891632080078125e+01 9.592095375061035156e+00 1.407163262367248535e+00 3.238598937988281250e+02
7.000000000000000000e+03 2.377242851257324219e+01 1.103339862823486328e+01 5.933031439781188965e-01 3.069033813476562500e+02 2.377242851257324219e+01 1.103339862823486328e+01 5.933031439781188965e-01 3.069033813476562500e+02
8.000000000000000000e+03 2.370767211914062500e+01 1.111570358276367188e+01 9.211807250976562500e-01 2.768634948730468750e+02 2.370767211914062500e+01 1.111570358276367188e+01 9.211807250976562500e-01 2.768634948730468750e+02
9.000000000000000000e+03 4.061470794677734375e+01 1.146291255950927734e+01 3.413270950317382812e+01 2.248089752197265625e+02 4.061470794677734375e+01 1.146291255950927734e+01 3.413270950317382812e+01 2.248089752197265625e+02
1.000000000000000000e+04 4.551988983154296875e+01 8.974273681640625000e+00 2.211329936981201172e+00 1.664173431396484375e+02 4.551988983154296875e+01 8.974273681640625000e+00 2.211329936981201172e+00 1.664173431396484375e+02
1.100000000000000000e+04 5.101170730590820312e+01 7.721625804901123047e+00 6.121039867401123047e+00 1.280142669677734375e+02 5.101170730590820312e+01 7.721625804901123047e+00 6.121039867401123047e+00 1.280142669677734375e+02
1.200000000000000000e+04 5.180851745605468750e+01 4.794461727142333984e+00 3.321245670318603516e+00 9.111624145507812500e+01 5.180851745605468750e+01 4.794461727142333984e+00 3.321245670318603516e+00 9.111624145507812500e+01
1.300000000000000000e+04 7.287064361572265625e+01 3.991067886352539062e+00 4.065055370330810547e+00 6.992574310302734375e+01 7.287064361572265625e+01 3.991067886352539062e+00 4.065055370330810547e+00 6.992574310302734375e+01
1.400000000000000000e+04 4.504593276977539062e+01 2.458060979843139648e+00 9.631096839904785156e+00 5.090718078613281250e+01 4.504593276977539062e+01 2.458060979843139648e+00 9.631096839904785156e+00 5.090718078613281250e+01
1.500000000000000000e+04 4.645712280273437500e+01 2.069612026214599609e+00 2.256822347640991211e+00 4.247559356689453125e+01 4.645712280273437500e+01 2.069612026214599609e+00 2.256822347640991211e+00 4.247559356689453125e+01
1.600000000000000000e+04 4.270184326171875000e+01 1.584440112113952637e+00 2.580467224121093750e+00 3.569483184814453125e+01 4.270184326171875000e+01 1.584440112113952637e+00 2.580467224121093750e+00 3.569483184814453125e+01
1.700000000000000000e+04 6.069058227539062500e+01 1.810223460197448730e+00 1.110948410034179688e+02 3.308624267578125000e+01 6.069058227539062500e+01 1.810223460197448730e+00 1.110948410034179688e+02 3.308624267578125000e+01
1.800000000000000000e+04 4.111632537841796875e+01 1.080760478973388672e+00 1.872898221015930176e+00 2.415702438354492188e+01 4.111632537841796875e+01 1.080760478973388672e+00 1.872898221015930176e+00 2.415702438354492188e+01
1.900000000000000000e+04 3.512947082519531250e+01 8.171561956405639648e-01 5.209423065185546875e+00 2.078592681884765625e+01 3.512947082519531250e+01 8.171561956405639648e-01 5.209423065185546875e+00 2.078592681884765625e+01
2.000000000000000000e+04 3.306910705566406250e+01 7.559714317321777344e-01 6.692731380462646484e+00 1.659965515136718750e+01 3.306910705566406250e+01 7.559714317321777344e-01 6.692731380462646484e+00 1.659965515136718750e+01
