# step, loss_train, loss_test, metrics_test
0.000000000000000000e+00 8.090096282958984375e+01 1.135995864868164062e+00 2.638792236328125000e+03 2.510147552490234375e+02 8.090096282958984375e+01 1.135995864868164062e+00 2.638792236328125000e+03 2.510147552490234375e+02
1.000000000000000000e+03 4.015455722808837891e+00 3.891106605529785156e+00 2.967056989669799805e+00 2.142854766845703125e+02 4.015455722808837891e+00 3.891106605529785156e+00 2.967056989669799805e+00 2.142854766845703125e+02
2.000000000000000000e+03 1.899919509887695312e+00 5.018885612487792969e+00 1.279592275619506836e+00 2.094134826660156250e+02 1.899919509887695312e+00 5.018885612487792969e+00 1.279592275619506836e+00 2.094134826660156250e+02
3.000000000000000000e+03 9.864946007728576660e-01 4.772331714630126953e+00 7.737507820129394531e-01 2.053048858642578125e+02 9.864946007728576660e-01 4.772331714630126953e+00 7.737507820129394531e-01 2.053048858642578125e+02
4.000000000000000000e+03 1.314486145973205566e+00 4.985337734222412109e+00 9.759479761123657227e-01 1.987026519775390625e+02 1.314486145973205566e+00 4.985337734222412109e+00 9.759479761123657227e-01 1.987026519775390625e+02
5.000000000000000000e+03 1.497182488441467285e+00 4.979062080383300781e+00 8.375983834266662598e-01 1.895572509765625000e+02 1.497182488441467285e+00 4.979062080383300781e+00 8.375983834266662598e-01 1.895572509765625000e+02
6.000000000000000000e+03 1.561165928840637207e+00 6.544969558715820312e+00 1.459562182426452637e+00 1.829093170166015625e+02 1.561165928840637207e+00 6.544969558715820312e+00 1.459562182426452637e+00 1.829093170166015625e+02
7.000000000000000000e+03 3.298645324707031250e+02 9.003587722778320312e+00 8.892866516113281250e+01 1.717731475830078125e+02 3.298645324707031250e+02 9.003587722778320312e+00 8.892866516113281250e+01 1.717731475830078125e+02
8.000000000000000000e+03 3.523711718750000000e+04 7.040301513671875000e+01 2.528518554687500000e+03 8.804237670898437500e+02 3.523711718750000000e+04 7.040301513671875000e+01 2.528518554687500000e+03 8.804237670898437500e+02
9.000000000000000000e+03 3.320343017578125000e+03 1.818877410888671875e+01 1.193182373046875000e+02 2.912680969238281250e+02 3.320343017578125000e+03 1.818877410888671875e+01 1.193182373046875000e+02 2.912680969238281250e+02
1.000000000000000000e+04 1.953528710937500000e+04 1.581869697570800781e+01 2.166767120361328125e+02 3.579283142089843750e+02 1.953528710937500000e+04 1.581869697570800781e+01 2.166767120361328125e+02 3.579283142089843750e+02
1.100000000000000000e+04 7.844873046875000000e+02 8.807334899902343750e+00 7.329766750335693359e+00 2.422309875488281250e+02 7.844873046875000000e+02 8.807334899902343750e+00 7.329766750335693359e+00 2.422309875488281250e+02
1.200000000000000000e+04 3.446240234375000000e+04 5.747150897979736328e+00 8.045654296875000000e+02 2.175846405029296875e+02 3.446240234375000000e+04 5.747150897979736328e+00 8.045654296875000000e+02 2.175846405029296875e+02
1.300000000000000000e+04 3.237113037109375000e+02 6.205236434936523438e+00 7.672111988067626953e+00 2.205454711914062500e+02 3.237113037109375000e+02 6.205236434936523438e+00 7.672111988067626953e+00 2.205454711914062500e+02
1.400000000000000000e+04 3.306957812500000000e+04 1.216861343383789062e+01 1.307041381835937500e+03 3.458422546386718750e+02 3.306957812500000000e+04 1.216861343383789062e+01 1.307041381835937500e+03 3.458422546386718750e+02
1.500000000000000000e+04 1.458816772460937500e+03 5.017894744873046875e+00 5.090054321289062500e+01 2.276074066162109375e+02 1.458816772460937500e+03 5.017894744873046875e+00 5.090054321289062500e+01 2.276074066162109375e+02
1.600000000000000000e+04 6.767015838623046875e+01 3.865409851074218750e+00 3.672817707061767578e+00 2.221619720458984375e+02 6.767015838623046875e+01 3.865409851074218750e+00 3.672817707061767578e+00 2.221619720458984375e+02
1.700000000000000000e+04 1.075207275390625000e+03 4.901551246643066406e+00 2.357620239257812500e+01 2.243936767578125000e+02 1.075207275390625000e+03 4.901551246643066406e+00 2.357620239257812500e+01 2.243936767578125000e+02
1.800000000000000000e+04 1.112145996093750000e+03 5.216642856597900391e+00 6.023910522460937500e+01 2.234523010253906250e+02 1.112145996093750000e+03 5.216642856597900391e+00 6.023910522460937500e+01 2.234523010253906250e+02
1.900000000000000000e+04 1.590507221221923828e+01 4.407079219818115234e+00 2.359582662582397461e+00 2.127901611328125000e+02 1.590507221221923828e+01 4.407079219818115234e+00 2.359582662582397461e+00 2.127901611328125000e+02
2.000000000000000000e+04 5.950840950012207031e+00 5.099221229553222656e+00 7.342982888221740723e-01 2.065453338623046875e+02 5.950840950012207031e+00 5.099221229553222656e+00 7.342982888221740723e-01 2.065453338623046875e+02
