# step, loss_train, loss_test, metrics_test
0.000000000000000000e+00 1.662645721435546875e+02 1.198718070983886719e+01 1.761011962890625000e+03 8.411568450927734375e+01 1.662645721435546875e+02 1.198718070983886719e+01 1.761011962890625000e+03 8.411568450927734375e+01
1.000000000000000000e+03 7.321410655975341797e+00 5.801756858825683594e+00 4.654275253415107727e-02 7.432328796386718750e+01 7.321410655975341797e+00 5.801756858825683594e+00 4.654275253415107727e-02 7.432328796386718750e+01
2.000000000000000000e+03 1.539690971374511719e+00 3.223340511322021484e+00 5.504048988223075867e-02 7.211175537109375000e+01 1.539690971374511719e+00 3.223340511322021484e+00 5.504048988223075867e-02 7.211175537109375000e+01
3.000000000000000000e+03 4.013750553131103516e-01 2.521151304244995117e+00 1.420957595109939575e-01 7.113384246826171875e+01 4.013750553131103516e-01 2.521151304244995117e+00 1.420957595109939575e-01 7.113384246826171875e+01
4.000000000000000000e+03 2.023705244064331055e-01 2.323417425155639648e+00 1.165560483932495117e-01 6.979170989990234375e+01 2.023705244064331055e-01 2.323417425155639648e+00 1.165560483932495117e-01 6.979170989990234375e+01
5.000000000000000000e+03 1.406984180212020874e-01 2.254544734954833984e+00 5.199004337191581726e-02 6.768736267089843750e+01 1.406984180212020874e-01 2.254544734954833984e+00 5.199004337191581726e-02 6.768736267089843750e+01
6.000000000000000000e+03 3.194329440593719482e-01 2.098316669464111328e+00 5.063142180442810059e-01 6.495993041992187500e+01 3.194329440593719482e-01 2.098316669464111328e+00 5.063142180442810059e-01 6.495993041992187500e+01
7.000000000000000000e+03 9.578099846839904785e-02 1.881141424179077148e+00 1.119524464011192322e-01 6.223936080932617188e+01 9.578099846839904785e-02 1.881141424179077148e+00 1.119524464011192322e-01 6.223936080932617188e+01
8.000000000000000000e+03 1.116791218519210815e-01 1.628774404525756836e+00 6.139119863510131836e-01 5.969917297363281250e+01 1.116791218519210815e-01 1.628774404525756836e+00 6.139119863510131836e-01 5.969917297363281250e+01
9.000000000000000000e+03 1.078750863671302795e-01 1.701754689216613770e+00 2.898520231246948242e-01 5.693915557861328125e+01 1.078750863671302795e-01 1.701754689216613770e+00 2.898520231246948242e-01 5.693915557861328125e+01
1.000000000000000000e+04 1.620473265647888184e-01 1.421062350273132324e+00 1.850330382585525513e-01 4.587719726562500000e+01 1.620473265647888184e-01 1.421062350273132324e+00 1.850330382585525513e-01 4.587719726562500000e+01
1.100000000000000000e+04 1.094366237521171570e-01 4.194105267524719238e-01 4.860728979110717773e-01 2.509482765197753906e+01 1.094366237521171570e-01 4.194105267524719238e-01 4.860728979110717773e-01 2.509482765197753906e+01
1.200000000000000000e+04 5.808548927307128906e-01 6.860647350549697876e-02 4.312146902084350586e-01 1.393828392028808594e+01 5.808548927307128906e-01 6.860647350549697876e-02 4.312146902084350586e-01 1.393828392028808594e+01
1.300000000000000000e+04 7.462381720542907715e-01 4.220810532569885254e-02 5.030078291893005371e-01 8.933211326599121094e+00 7.462381720542907715e-01 4.220810532569885254e-02 5.030078291893005371e-01 8.933211326599121094e+00
1.400000000000000000e+04 5.690361261367797852e-01 2.380206808447837830e-02 1.170488238334655762e+00 6.031934261322021484e+00 5.690361261367797852e-01 2.380206808447837830e-02 1.170488238334655762e+00 6.031934261322021484e+00
1.500000000000000000e+04 2.856650650501251221e-01 1.412436366081237793e-02 4.978217482566833496e-01 4.268848896026611328e+00 2.856650650501251221e-01 1.412436366081237793e-02 4.978217482566833496e-01 4.268848896026611328e+00
1.600000000000000000e+04 1.464743912220001221e-01 9.994830936193466187e-03 1.042744666337966919e-01 3.141884326934814453e+00 1.464743912220001221e-01 9.994830936193466187e-03 1.042744666337966919e-01 3.141884326934814453e+00
1.700000000000000000e+04 3.683684393763542175e-02 1.737965643405914307e-02 2.508935891091823578e-02 2.390741825103759766e+00 3.683684393763542175e-02 1.737965643405914307e-02 2.508935891091823578e-02 2.390741825103759766e+00
1.800000000000000000e+04 1.310503482818603516e+00 4.680730774998664856e-02 1.915595412254333496e+00 1.944307684898376465e+00 1.310503482818603516e+00 4.680730774998664856e-02 1.915595412254333496e+00 1.944307684898376465e+00
1.900000000000000000e+04 1.216949522495269775e-01 1.832409203052520752e-02 1.240528896450996399e-01 1.527964472770690918e+00 1.216949522495269775e-01 1.832409203052520752e-02 1.240528896450996399e-01 1.527964472770690918e+00
2.000000000000000000e+04 9.354167617857456207e-03 1.767178997397422791e-02 4.527573939412832260e-03 1.266458868980407715e+00 9.354167617857456207e-03 1.767178997397422791e-02 4.527573939412832260e-03 1.266458868980407715e+00
