# step, loss_train, loss_test, metrics_test
0.000000000000000000e+00 2.471103357493120711e-07 1.406870079040527344e+01 2.176069335937500000e+03 2.776463012695312500e+02 2.471103357493120711e-07 1.406870079040527344e+01 2.176069335937500000e+03 2.776463012695312500e+02
1.000000000000000000e+03 1.269156336784362793e-01 4.739387130737304688e+01 1.106389617919921875e+01 2.774978027343750000e+02 1.269156336784362793e-01 4.739387130737304688e+01 1.106389617919921875e+01 2.774978027343750000e+02
2.000000000000000000e+03 1.404940634965896606e-01 5.497578430175781250e+01 6.614280700683593750e+00 2.652959289550781250e+02 1.404940634965896606e-01 5.497578430175781250e+01 6.614280700683593750e+00 2.652959289550781250e+02
3.000000000000000000e+03 1.539819538593292236e-01 5.612061309814453125e+01 7.283320903778076172e+00 2.626478881835937500e+02 1.539819538593292236e-01 5.612061309814453125e+01 7.283320903778076172e+00 2.626478881835937500e+02
4.000000000000000000e+03 1.650642007589340210e-01 5.613694000244140625e+01 7.355493545532226562e+00 2.620278015136718750e+02 1.650642007589340210e-01 5.613694000244140625e+01 7.355493545532226562e+00 2.620278015136718750e+02
5.000000000000000000e+03 1.758952736854553223e-01 5.600891494750976562e+01 7.264385700225830078e+00 2.617490844726562500e+02 1.758952736854553223e-01 5.600891494750976562e+01 7.264385700225830078e+00 2.617490844726562500e+02
6.000000000000000000e+03 1.903500705957412720e-01 5.569937515258789062e+01 7.269022941589355469e+00 2.615065612792968750e+02 1.903500705957412720e-01 5.569937515258789062e+01 7.269022941589355469e+00 2.615065612792968750e+02
7.000000000000000000e+03 2.081841826438903809e-01 5.541773605346679688e+01 7.177451610565185547e+00 2.613038940429687500e+02 2.081841826438903809e-01 5.541773605346679688e+01 7.177451610565185547e+00 2.613038940429687500e+02
8.000000000000000000e+03 2.316908687353134155e-01 5.506034469604492188e+01 7.082976818084716797e+00 2.610965270996093750e+02 2.316908687353134155e-01 5.506034469604492188e+01 7.082976818084716797e+00 2.610965270996093750e+02
9.000000000000000000e+03 2.611640989780426025e-01 5.460089492797851562e+01 6.989025115966796875e+00 2.608703613281250000e+02 2.611640989780426025e-01 5.460089492797851562e+01 6.989025115966796875e+00 2.608703613281250000e+02
1.000000000000000000e+04 2.961310446262359619e-01 5.402999114990234375e+01 6.866545200347900391e+00 2.606261596679687500e+02 2.961310446262359619e-01 5.402999114990234375e+01 6.866545200347900391e+00 2.606261596679687500e+02
1.100000000000000000e+04 3.373168408870697021e-01 5.330378341674804688e+01 6.713301181793212891e+00 2.603329162597656250e+02 3.373168408870697021e-01 5.330378341674804688e+01 6.713301181793212891e+00 2.603329162597656250e+02
1.200000000000000000e+04 3.865959346294403076e-01 5.147610092163085938e+01 9.515192031860351562e+00 2.598579406738281250e+02 3.865959346294403076e-01 5.147610092163085938e+01 9.515192031860351562e+00 2.598579406738281250e+02
1.300000000000000000e+04 4.430545866489410400e-01 5.123944854736328125e+01 6.307046890258789062e+00 2.595436401367187500e+02 4.430545866489410400e-01 5.123944854736328125e+01 6.307046890258789062e+00 2.595436401367187500e+02
1.400000000000000000e+04 5.173275470733642578e-01 4.982192993164062500e+01 6.067282199859619141e+00 2.590263671875000000e+02 5.173275470733642578e-01 4.982192993164062500e+01 6.067282199859619141e+00 2.590263671875000000e+02
1.500000000000000000e+04 6.139863729476928711e-01 4.814249420166015625e+01 5.823820590972900391e+00 2.584255065917968750e+02 6.139863729476928711e-01 4.814249420166015625e+01 5.823820590972900391e+00 2.584255065917968750e+02
1.600000000000000000e+04 7.407788038253784180e-01 4.619219970703125000e+01 5.677880764007568359e+00 2.577393493652343750e+02 7.407788038253784180e-01 4.619219970703125000e+01 5.677880764007568359e+00 2.577393493652343750e+02
1.700000000000000000e+04 9.016702771186828613e-01 4.430762481689453125e+01 5.321967601776123047e+00 2.570229187011718750e+02 9.016702771186828613e-01 4.430762481689453125e+01 5.321967601776123047e+00 2.570229187011718750e+02
1.800000000000000000e+04 1.104782581329345703e+00 4.235359191894531250e+01 5.093918800354003906e+00 2.562850952148437500e+02 1.104782581329345703e+00 4.235359191894531250e+01 5.093918800354003906e+00 2.562850952148437500e+02
1.900000000000000000e+04 1.353564143180847168e+00 4.049271774291992188e+01 4.904734134674072266e+00 2.555464324951171875e+02 1.353564143180847168e+00 4.049271774291992188e+01 4.904734134674072266e+00 2.555464324951171875e+02
2.000000000000000000e+04 1.644074082374572754e+00 3.880709457397460938e+01 4.732804775238037109e+00 2.548342132568359375e+02 1.644074082374572754e+00 3.880709457397460938e+01 4.732804775238037109e+00 2.548342132568359375e+02
