# step, loss_train, loss_test, metrics_test
0.000000000000000000e+00 1.576706054687500000e+03 3.935706710815429688e+01 7.776085205078125000e+02 3.048964843750000000e+02 1.576706054687500000e+03 3.935706710815429688e+01 7.776085205078125000e+02 3.048964843750000000e+02
1.000000000000000000e+03 6.467684745788574219e+00 2.234255790710449219e+01 5.811686706542968750e+01 2.733938293457031250e+02 6.467684745788574219e+00 2.234255790710449219e+01 5.811686706542968750e+01 2.733938293457031250e+02
2.000000000000000000e+03 5.714742660522460938e+00 2.891085433959960938e+01 1.947517013549804688e+01 2.692239990234375000e+02 5.714742660522460938e+00 2.891085433959960938e+01 1.947517013549804688e+01 2.692239990234375000e+02
3.000000000000000000e+03 3.854708671569824219e+00 3.061321449279785156e+01 1.140158653259277344e+01 2.631411743164062500e+02 3.854708671569824219e+00 3.061321449279785156e+01 1.140158653259277344e+01 2.631411743164062500e+02
4.000000000000000000e+03 2.937923669815063477e+00 2.797635459899902344e+01 8.458707809448242188e+00 2.598136596679687500e+02 2.937923669815063477e+00 2.797635459899902344e+01 8.458707809448242188e+00 2.598136596679687500e+02
5.000000000000000000e+03 2.815216302871704102e+00 2.368957710266113281e+01 6.164869308471679688e+00 2.571254882812500000e+02 2.815216302871704102e+00 2.368957710266113281e+01 6.164869308471679688e+00 2.571254882812500000e+02
6.000000000000000000e+03 4.652576446533203125e+00 1.823910522460937500e+01 4.315476417541503906e+00 2.541532287597656250e+02 4.652576446533203125e+00 1.823910522460937500e+01 4.315476417541503906e+00 2.541532287597656250e+02
7.000000000000000000e+03 3.301777362823486328e+00 1.323224639892578125e+01 2.903223037719726562e+00 2.505064697265625000e+02 3.301777362823486328e+00 1.323224639892578125e+01 2.903223037719726562e+00 2.505064697265625000e+02
8.000000000000000000e+03 3.119371891021728516e+00 1.077961921691894531e+01 2.487794399261474609e+00 2.465035400390625000e+02 3.119371891021728516e+00 1.077961921691894531e+01 2.487794399261474609e+00 2.465035400390625000e+02
9.000000000000000000e+03 3.850509881973266602e+00 1.052843761444091797e+01 2.281231403350830078e+00 2.428313903808593750e+02 3.850509881973266602e+00 1.052843761444091797e+01 2.281231403350830078e+00 2.428313903808593750e+02
1.000000000000000000e+04 2.660956382751464844e+00 1.058202743530273438e+01 2.382472515106201172e+00 2.394315643310546875e+02 2.660956382751464844e+00 1.058202743530273438e+01 2.382472515106201172e+00 2.394315643310546875e+02
1.100000000000000000e+04 2.885999679565429688e+00 1.086110019683837891e+01 2.351578712463378906e+00 2.356314697265625000e+02 2.885999679565429688e+00 1.086110019683837891e+01 2.351578712463378906e+00 2.356314697265625000e+02
1.200000000000000000e+04 3.406287431716918945e+00 1.119106578826904297e+01 2.247189521789550781e+00 2.307515716552734375e+02 3.406287431716918945e+00 1.119106578826904297e+01 2.247189521789550781e+00 2.307515716552734375e+02
1.300000000000000000e+04 4.538011074066162109e+00 1.132129859924316406e+01 2.197499752044677734e+00 2.244703521728515625e+02 4.538011074066162109e+00 1.132129859924316406e+01 2.197499752044677734e+00 2.244703521728515625e+02
1.400000000000000000e+04 6.171432971954345703e+00 1.139507484436035156e+01 2.158588886260986328e+00 2.154770202636718750e+02 6.171432971954345703e+00 1.139507484436035156e+01 2.158588886260986328e+00 2.154770202636718750e+02
1.500000000000000000e+04 9.935548782348632812e+00 1.109704303741455078e+01 2.116136074066162109e+00 2.008505554199218750e+02 9.935548782348632812e+00 1.109704303741455078e+01 2.116136074066162109e+00 2.008505554199218750e+02
1.600000000000000000e+04 1.572480297088623047e+01 1.029428291320800781e+01 2.189613342285156250e+00 1.802392120361328125e+02 1.572480297088623047e+01 1.029428291320800781e+01 2.189613342285156250e+00 1.802392120361328125e+02
1.700000000000000000e+04 2.289663696289062500e+01 9.559600830078125000e+00 2.206011533737182617e+00 1.556869354248046875e+02 2.289663696289062500e+01 9.559600830078125000e+00 2.206011533737182617e+00 1.556869354248046875e+02
1.800000000000000000e+04 2.969931030273437500e+01 8.397036552429199219e+00 2.346923351287841797e+00 1.272480316162109375e+02 2.969931030273437500e+01 8.397036552429199219e+00 2.346923351287841797e+00 1.272480316162109375e+02
1.900000000000000000e+04 3.678013992309570312e+01 7.743450641632080078e+00 2.653392314910888672e+00 1.063547439575195312e+02 3.678013992309570312e+01 7.743450641632080078e+00 2.653392314910888672e+00 1.063547439575195312e+02
2.000000000000000000e+04 3.922172164916992188e+01 7.179746627807617188e+00 2.796387910842895508e+00 9.214410400390625000e+01 3.922172164916992188e+01 7.179746627807617188e+00 2.796387910842895508e+00 9.214410400390625000e+01
