# step, loss_train, loss_test, metrics_test
0.000000000000000000e+00 0.000000000000000000e+00 1.111356430053710938e+02 4.493936157226562500e+02 4.597129821777343750e+02 0.000000000000000000e+00 1.111356430053710938e+02 4.493936157226562500e+02 4.597129821777343750e+02
1.000000000000000000e+03 0.000000000000000000e+00 4.043234252929687500e+01 1.468951568603515625e+02 4.335799255371093750e+02 0.000000000000000000e+00 4.043234252929687500e+01 1.468951568603515625e+02 4.335799255371093750e+02
2.000000000000000000e+03 0.000000000000000000e+00 1.990039062500000000e+01 9.231536865234375000e+01 4.233327026367187500e+02 0.000000000000000000e+00 1.990039062500000000e+01 9.231536865234375000e+01 4.233327026367187500e+02
3.000000000000000000e+03 0.000000000000000000e+00 1.990046310424804688e+01 9.231524658203125000e+01 4.233323669433593750e+02 0.000000000000000000e+00 1.990046310424804688e+01 9.231524658203125000e+01 4.233323669433593750e+02
4.000000000000000000e+03 0.000000000000000000e+00 1.990361976623535156e+01 9.231007385253906250e+01 4.233343200683593750e+02 0.000000000000000000e+00 1.990361976623535156e+01 9.231007385253906250e+01 4.233343200683593750e+02
5.000000000000000000e+03 0.000000000000000000e+00 1.808592033386230469e+01 1.917770233154296875e+02 4.184226379394531250e+02 0.000000000000000000e+00 1.808592033386230469e+01 1.917770233154296875e+02 4.184226379394531250e+02
6.000000000000000000e+03 0.000000000000000000e+00 2.107816886901855469e+01 1.366540069580078125e+02 4.199756469726562500e+02 0.000000000000000000e+00 2.107816886901855469e+01 1.366540069580078125e+02 4.199756469726562500e+02
7.000000000000000000e+03 0.000000000000000000e+00 2.107809448242187500e+01 1.366541290283203125e+02 4.199755554199218750e+02 0.000000000000000000e+00 2.107809448242187500e+01 1.366541290283203125e+02 4.199755554199218750e+02
8.000000000000000000e+03 0.000000000000000000e+00 2.277699089050292969e+01 1.345913391113281250e+02 4.211409912109375000e+02 0.000000000000000000e+00 2.277699089050292969e+01 1.345913391113281250e+02 4.211409912109375000e+02
9.000000000000000000e+03 0.000000000000000000e+00 2.109162139892578125e+01 1.366314849853515625e+02 4.199847717285156250e+02 0.000000000000000000e+00 2.109162139892578125e+01 1.366314849853515625e+02 4.199847717285156250e+02
1.000000000000000000e+04 0.000000000000000000e+00 2.105572319030761719e+01 1.366919250488281250e+02 4.199603271484375000e+02 0.000000000000000000e+00 2.105572319030761719e+01 1.366919250488281250e+02 4.199603271484375000e+02
1.100000000000000000e+04 0.000000000000000000e+00 2.107835006713867188e+01 1.366537170410156250e+02 4.199757385253906250e+02 0.000000000000000000e+00 2.107835006713867188e+01 1.366537170410156250e+02 4.199757385253906250e+02
1.200000000000000000e+04 0.000000000000000000e+00 8.252552795410156250e+01 5.823500366210937500e+02 4.671814575195312500e+02 0.000000000000000000e+00 8.252552795410156250e+01 5.823500366210937500e+02 4.671814575195312500e+02
1.300000000000000000e+04 0.000000000000000000e+00 2.107813072204589844e+01 1.366540832519531250e+02 4.199756164550781250e+02 0.000000000000000000e+00 2.107813072204589844e+01 1.366540832519531250e+02 4.199756164550781250e+02
1.400000000000000000e+04 0.000000000000000000e+00 2.107813072204589844e+01 1.366540832519531250e+02 4.199756164550781250e+02 0.000000000000000000e+00 2.107813072204589844e+01 1.366540832519531250e+02 4.199756164550781250e+02
1.500000000000000000e+04 0.000000000000000000e+00 2.107813072204589844e+01 1.366540832519531250e+02 4.199756164550781250e+02 0.000000000000000000e+00 2.107813072204589844e+01 1.366540832519531250e+02 4.199756164550781250e+02
1.600000000000000000e+04 0.000000000000000000e+00 2.107813072204589844e+01 1.366540832519531250e+02 4.199756164550781250e+02 0.000000000000000000e+00 2.107813072204589844e+01 1.366540832519531250e+02 4.199756164550781250e+02
1.700000000000000000e+04 0.000000000000000000e+00 2.107813072204589844e+01 1.366540832519531250e+02 4.199756164550781250e+02 0.000000000000000000e+00 2.107813072204589844e+01 1.366540832519531250e+02 4.199756164550781250e+02
1.800000000000000000e+04 0.000000000000000000e+00 2.107813072204589844e+01 1.366540832519531250e+02 4.199756164550781250e+02 0.000000000000000000e+00 2.107813072204589844e+01 1.366540832519531250e+02 4.199756164550781250e+02
1.900000000000000000e+04 0.000000000000000000e+00 2.107813072204589844e+01 1.366540832519531250e+02 4.199756164550781250e+02 0.000000000000000000e+00 2.107813072204589844e+01 1.366540832519531250e+02 4.199756164550781250e+02
2.000000000000000000e+04 0.000000000000000000e+00 2.107813072204589844e+01 1.366540832519531250e+02 4.199756164550781250e+02 0.000000000000000000e+00 2.107813072204589844e+01 1.366540832519531250e+02 4.199756164550781250e+02
