# step, loss_train, loss_test, metrics_test
0.000000000000000000e+00 0.000000000000000000e+00 3.762640380859375000e+01 8.277751953125000000e+03 1.348420867919921875e+02 0.000000000000000000e+00 3.762640380859375000e+01 8.277751953125000000e+03 1.348420867919921875e+02
1.000000000000000000e+03 0.000000000000000000e+00 2.555866813659667969e+01 3.361396728515625000e+03 1.264416046142578125e+02 0.000000000000000000e+00 2.555866813659667969e+01 3.361396728515625000e+03 1.264416046142578125e+02
2.000000000000000000e+03 0.000000000000000000e+00 2.496942520141601562e+01 2.208070556640625000e+03 1.238613052368164062e+02 0.000000000000000000e+00 2.496942520141601562e+01 2.208070556640625000e+03 1.238613052368164062e+02
3.000000000000000000e+03 0.000000000000000000e+00 2.459633445739746094e+01 1.792416748046875000e+03 1.227226791381835938e+02 0.000000000000000000e+00 2.459633445739746094e+01 1.792416748046875000e+03 1.227226791381835938e+02
4.000000000000000000e+03 0.000000000000000000e+00 2.654368972778320312e+01 1.532622314453125000e+03 1.222834701538085938e+02 0.000000000000000000e+00 2.654368972778320312e+01 1.532622314453125000e+03 1.222834701538085938e+02
5.000000000000000000e+03 0.000000000000000000e+00 2.945179557800292969e+01 1.355970581054687500e+03 1.219083404541015625e+02 0.000000000000000000e+00 2.945179557800292969e+01 1.355970581054687500e+03 1.219083404541015625e+02
6.000000000000000000e+03 0.000000000000000000e+00 3.177760505676269531e+01 1.215307983398437500e+03 1.212747650146484375e+02 0.000000000000000000e+00 3.177760505676269531e+01 1.215307983398437500e+03 1.212747650146484375e+02
7.000000000000000000e+03 0.000000000000000000e+00 3.318803405761718750e+01 1.078454711914062500e+03 1.201837081909179688e+02 0.000000000000000000e+00 3.318803405761718750e+01 1.078454711914062500e+03 1.201837081909179688e+02
8.000000000000000000e+03 0.000000000000000000e+00 3.322159194946289062e+01 9.145776367187500000e+02 1.178244934082031250e+02 0.000000000000000000e+00 3.322159194946289062e+01 9.145776367187500000e+02 1.178244934082031250e+02
9.000000000000000000e+03 0.000000000000000000e+00 3.771768951416015625e+01 6.259078369140625000e+02 1.125764923095703125e+02 0.000000000000000000e+00 3.771768951416015625e+01 6.259078369140625000e+02 1.125764923095703125e+02
1.000000000000000000e+04 0.000000000000000000e+00 6.214305496215820312e+01 2.655546264648437500e+02 1.071748504638671875e+02 0.000000000000000000e+00 6.214305496215820312e+01 2.655546264648437500e+02 1.071748504638671875e+02
1.100000000000000000e+04 0.000000000000000000e+00 8.137500762939453125e+01 1.007878341674804688e+02 1.056195220947265625e+02 0.000000000000000000e+00 8.137500762939453125e+01 1.007878341674804688e+02 1.056195220947265625e+02
1.200000000000000000e+04 0.000000000000000000e+00 7.653082275390625000e+01 5.156063461303710938e+01 1.058028564453125000e+02 0.000000000000000000e+00 7.653082275390625000e+01 5.156063461303710938e+01 1.058028564453125000e+02
1.300000000000000000e+04 0.000000000000000000e+00 6.635132598876953125e+01 3.023777198791503906e+01 1.064435729980468750e+02 0.000000000000000000e+00 6.635132598876953125e+01 3.023777198791503906e+01 1.064435729980468750e+02
1.400000000000000000e+04 0.000000000000000000e+00 5.582903671264648438e+01 1.859464454650878906e+01 1.072858657836914062e+02 0.000000000000000000e+00 5.582903671264648438e+01 1.859464454650878906e+01 1.072858657836914062e+02
1.500000000000000000e+04 0.000000000000000000e+00 4.441669082641601562e+01 1.179166030883789062e+01 1.080754089355468750e+02 0.000000000000000000e+00 4.441669082641601562e+01 1.179166030883789062e+01 1.080754089355468750e+02
1.600000000000000000e+04 0.000000000000000000e+00 3.264313507080078125e+01 8.363978385925292969e+00 1.087342987060546875e+02 0.000000000000000000e+00 3.264313507080078125e+01 8.363978385925292969e+00 1.087342987060546875e+02
1.700000000000000000e+04 0.000000000000000000e+00 2.313975143432617188e+01 5.814802646636962891e+00 1.090851898193359375e+02 0.000000000000000000e+00 2.313975143432617188e+01 5.814802646636962891e+00 1.090851898193359375e+02
1.800000000000000000e+04 0.000000000000000000e+00 1.723261642456054688e+01 3.521635293960571289e+00 1.090934448242187500e+02 0.000000000000000000e+00 1.723261642456054688e+01 3.521635293960571289e+00 1.090934448242187500e+02
1.900000000000000000e+04 0.000000000000000000e+00 1.338696765899658203e+01 1.949474334716796875e+00 1.088843917846679688e+02 0.000000000000000000e+00 1.338696765899658203e+01 1.949474334716796875e+00 1.088843917846679688e+02
2.000000000000000000e+04 0.000000000000000000e+00 1.059267425537109375e+01 5.962180495262145996e-01 1.082711868286132812e+02 0.000000000000000000e+00 1.059267425537109375e+01 5.962180495262145996e-01 1.082711868286132812e+02
