# step, loss_train, loss_test, metrics_test
0.000000000000000000e+00 2.259062044322490692e-02 7.233905792236328125e+01 3.249735937500000000e+04 5.682472534179687500e+02 2.259062044322490692e-02 7.233905792236328125e+01 3.249735937500000000e+04 5.682472534179687500e+02
1.000000000000000000e+03 5.860502719879150391e+00 1.680232620239257812e+01 1.645395469665527344e+01 3.765601806640625000e+02 5.860502719879150391e+00 1.680232620239257812e+01 1.645395469665527344e+01 3.765601806640625000e+02
2.000000000000000000e+03 2.256359815597534180e+00 2.343609809875488281e+01 2.821455478668212891e+00 3.225058593750000000e+02 2.256359815597534180e+00 2.343609809875488281e+01 2.821455478668212891e+00 3.225058593750000000e+02
3.000000000000000000e+03 1.438225746154785156e+00 2.227891159057617188e+01 2.033414602279663086e+00 3.186369628906250000e+02 1.438225746154785156e+00 2.227891159057617188e+01 2.033414602279663086e+00 3.186369628906250000e+02
4.000000000000000000e+03 1.211161136627197266e+00 2.170442199707031250e+01 1.799380898475646973e+00 3.154145812988281250e+02 1.211161136627197266e+00 2.170442199707031250e+01 1.799380898475646973e+00 3.154145812988281250e+02
5.000000000000000000e+03 1.256480574607849121e+00 2.221438980102539062e+01 1.551543593406677246e+00 3.096744079589843750e+02 1.256480574607849121e+00 2.221438980102539062e+01 1.551543593406677246e+00 3.096744079589843750e+02
6.000000000000000000e+03 1.717416644096374512e+00 2.361454010009765625e+01 1.523882031440734863e+00 2.988677978515625000e+02 1.717416644096374512e+00 2.361454010009765625e+01 1.523882031440734863e+00 2.988677978515625000e+02
7.000000000000000000e+03 2.796353340148925781e+00 2.550620651245117188e+01 1.576613783836364746e+00 2.841801147460937500e+02 2.796353340148925781e+00 2.550620651245117188e+01 1.576613783836364746e+00 2.841801147460937500e+02
8.000000000000000000e+03 3.526588439941406250e+00 2.888538742065429688e+01 1.706933736801147461e+00 2.624588623046875000e+02 3.526588439941406250e+00 2.888538742065429688e+01 1.706933736801147461e+00 2.624588623046875000e+02
9.000000000000000000e+03 4.480071067810058594e+00 3.260514450073242188e+01 1.944388985633850098e+00 2.301013946533203125e+02 4.480071067810058594e+00 3.260514450073242188e+01 1.944388985633850098e+00 2.301013946533203125e+02
1.000000000000000000e+04 6.778706073760986328e+00 3.637738800048828125e+01 2.267142295837402344e+00 1.850459136962890625e+02 6.778706073760986328e+00 3.637738800048828125e+01 2.267142295837402344e+00 1.850459136962890625e+02
1.100000000000000000e+04 1.058152484893798828e+01 3.401132202148437500e+01 3.458204746246337891e+00 1.319350891113281250e+02 1.058152484893798828e+01 3.401132202148437500e+01 3.458204746246337891e+00 1.319350891113281250e+02
1.200000000000000000e+04 1.452295684814453125e+01 2.590197181701660156e+01 4.953545093536376953e+00 8.523009490966796875e+01 1.452295684814453125e+01 2.590197181701660156e+01 4.953545093536376953e+00 8.523009490966796875e+01
1.300000000000000000e+04 1.712586784362792969e+01 1.391936683654785156e+01 5.309092044830322266e+00 4.859332656860351562e+01 1.712586784362792969e+01 1.391936683654785156e+01 5.309092044830322266e+00 4.859332656860351562e+01
1.400000000000000000e+04 1.710230636596679688e+01 7.127235412597656250e+00 6.104985713958740234e+00 2.702918815612792969e+01 1.710230636596679688e+01 7.127235412597656250e+00 6.104985713958740234e+00 2.702918815612792969e+01
1.500000000000000000e+04 1.449776172637939453e+01 4.635743618011474609e+00 3.850784540176391602e+00 1.790429115295410156e+01 1.449776172637939453e+01 4.635743618011474609e+00 3.850784540176391602e+00 1.790429115295410156e+01
1.600000000000000000e+04 1.235760974884033203e+01 3.553485155105590820e+00 4.026618480682373047e+00 1.354123973846435547e+01 1.235760974884033203e+01 3.553485155105590820e+00 4.026618480682373047e+00 1.354123973846435547e+01
1.700000000000000000e+04 1.080350303649902344e+01 3.056472063064575195e+00 5.701108455657958984e+00 1.110419273376464844e+01 1.080350303649902344e+01 3.056472063064575195e+00 5.701108455657958984e+00 1.110419273376464844e+01
1.800000000000000000e+04 9.366462707519531250e+00 2.805971145629882812e+00 2.568324327468872070e+00 9.870753288269042969e+00 9.366462707519531250e+00 2.805971145629882812e+00 2.568324327468872070e+00 9.870753288269042969e+00
1.900000000000000000e+04 8.460930824279785156e+00 2.654017210006713867e+00 2.403770208358764648e+00 9.067426681518554688e+00 8.460930824279785156e+00 2.654017210006713867e+00 2.403770208358764648e+00 9.067426681518554688e+00
2.000000000000000000e+04 7.762300491333007812e+00 2.525947809219360352e+00 2.107990264892578125e+00 8.487165451049804688e+00 7.762300491333007812e+00 2.525947809219360352e+00 2.107990264892578125e+00 8.487165451049804688e+00
