# step, loss_train, loss_test, metrics_test
0.000000000000000000e+00 2.570526248746318743e-06 4.085011672973632812e+01 8.694277343750000000e+03 3.493243713378906250e+02 2.570526248746318743e-06 4.085011672973632812e+01 8.694277343750000000e+03 3.493243713378906250e+02
1.000000000000000000e+03 2.177029609680175781e+00 2.757307624816894531e+01 1.383540405273437500e+03 3.390044860839843750e+02 2.177029609680175781e+00 2.757307624816894531e+01 1.383540405273437500e+03 3.390044860839843750e+02
2.000000000000000000e+03 1.089404463768005371e+00 5.349686050415039062e+01 1.965912055969238281e+01 3.117014160156250000e+02 1.089404463768005371e+00 5.349686050415039062e+01 1.965912055969238281e+01 3.117014160156250000e+02
3.000000000000000000e+03 8.790879249572753906e-01 5.924525070190429688e+01 1.311016559600830078e+01 3.044430847167968750e+02 8.790879249572753906e-01 5.924525070190429688e+01 1.311016559600830078e+01 3.044430847167968750e+02
4.000000000000000000e+03 6.604071259498596191e-01 5.955561447143554688e+01 1.084767055511474609e+01 3.041361999511718750e+02 6.604071259498596191e-01 5.955561447143554688e+01 1.084767055511474609e+01 3.041361999511718750e+02
5.000000000000000000e+03 5.025339722633361816e-01 5.847756958007812500e+01 9.175931930541992188e+00 3.047368774414062500e+02 5.025339722633361816e-01 5.847756958007812500e+01 9.175931930541992188e+00 3.047368774414062500e+02
6.000000000000000000e+03 4.045372605323791504e-01 5.711423492431640625e+01 7.794960975646972656e+00 3.052142639160156250e+02 4.045372605323791504e-01 5.711423492431640625e+01 7.794960975646972656e+00 3.052142639160156250e+02
7.000000000000000000e+03 3.472579717636108398e-01 5.506641387939453125e+01 7.214365959167480469e+00 3.051659851074218750e+02 3.472579717636108398e-01 5.506641387939453125e+01 7.214365959167480469e+00 3.051659851074218750e+02
8.000000000000000000e+03 3.168823719024658203e-01 5.305790710449218750e+01 6.467608451843261719e+00 3.049127197265625000e+02 3.168823719024658203e-01 5.305790710449218750e+01 6.467608451843261719e+00 3.049127197265625000e+02
9.000000000000000000e+03 3.099172711372375488e-01 5.061732101440429688e+01 5.865753173828125000e+00 3.044768676757812500e+02 3.099172711372375488e-01 5.061732101440429688e+01 5.865753173828125000e+00 3.044768676757812500e+02
1.000000000000000000e+04 3.318577110767364502e-01 4.798909378051757812e+01 5.272605419158935547e+00 3.041978149414062500e+02 3.318577110767364502e-01 4.798909378051757812e+01 5.272605419158935547e+00 3.041978149414062500e+02
1.100000000000000000e+04 3.735325038433074951e-01 4.474460601806640625e+01 4.894893169403076172e+00 3.039416503906250000e+02 3.735325038433074951e-01 4.474460601806640625e+01 4.894893169403076172e+00 3.039416503906250000e+02
1.200000000000000000e+04 4.013635218143463135e-01 4.114280700683593750e+01 4.294113159179687500e+00 3.034920654296875000e+02 4.013635218143463135e-01 4.114280700683593750e+01 4.294113159179687500e+00 3.034920654296875000e+02
1.300000000000000000e+04 4.095003306865692139e-01 3.878547286987304688e+01 4.058696746826171875e+00 3.030829772949218750e+02 4.095003306865692139e-01 3.878547286987304688e+01 4.058696746826171875e+00 3.030829772949218750e+02
1.400000000000000000e+04 4.246947169303894043e-01 3.721526718139648438e+01 3.874167919158935547e+00 3.026394958496093750e+02 4.246947169303894043e-01 3.721526718139648438e+01 3.874167919158935547e+00 3.026394958496093750e+02
1.500000000000000000e+04 4.446752667427062988e-01 3.692039108276367188e+01 5.469296455383300781e+00 3.026464233398437500e+02 4.446752667427062988e-01 3.692039108276367188e+01 5.469296455383300781e+00 3.026464233398437500e+02
1.600000000000000000e+04 4.362802803516387939e-01 3.539002609252929688e+01 3.430550575256347656e+00 3.019637756347656250e+02 4.362802803516387939e-01 3.539002609252929688e+01 3.430550575256347656e+00 3.019637756347656250e+02
1.700000000000000000e+04 4.272806048393249512e-01 3.469921875000000000e+01 3.211618900299072266e+00 3.017009887695312500e+02 4.272806048393249512e-01 3.469921875000000000e+01 3.211618900299072266e+00 3.017009887695312500e+02
1.800000000000000000e+04 4.119002521038055420e-01 3.404925537109375000e+01 2.957720756530761719e+00 3.014738159179687500e+02 4.119002521038055420e-01 3.404925537109375000e+01 2.957720756530761719e+00 3.014738159179687500e+02
1.900000000000000000e+04 3.944422304630279541e-01 3.325074768066406250e+01 2.928805351257324219e+00 3.011936645507812500e+02 3.944422304630279541e-01 3.325074768066406250e+01 2.928805351257324219e+00 3.011936645507812500e+02
2.000000000000000000e+04 3.794753551483154297e-01 3.266295623779296875e+01 2.562791109085083008e+00 3.009617004394531250e+02 3.794753551483154297e-01 3.266295623779296875e+01 2.562791109085083008e+00 3.009617004394531250e+02
