# step, loss_train, loss_test, metrics_test
0.000000000000000000e+00 2.270530700683593750e+01 2.359797668457031250e+01 7.386392578125000000e+03 1.509859771728515625e+02 2.270530700683593750e+01 2.359797668457031250e+01 7.386392578125000000e+03 1.509859771728515625e+02
1.000000000000000000e+03 4.021488189697265625e+00 8.639093399047851562e+00 6.641642570495605469e+00 1.383269805908203125e+02 4.021488189697265625e+00 8.639093399047851562e+00 6.641642570495605469e+00 1.383269805908203125e+02
2.000000000000000000e+03 4.068206787109375000e+00 6.437669277191162109e+00 3.076661109924316406e+00 1.366124725341796875e+02 4.068206787109375000e+00 6.437669277191162109e+00 3.076661109924316406e+00 1.366124725341796875e+02
3.000000000000000000e+03 1.311812250000000000e+06 3.796271875000000000e+04 6.114622000000000000e+06 1.900480664062500000e+04 1.311812250000000000e+06 3.796271875000000000e+04 6.114622000000000000e+06 1.900480664062500000e+04
4.000000000000000000e+03 5.759390625000000000e+05 1.668465234375000000e+04 2.655959000000000000e+06 8.405626953125000000e+03 5.759390625000000000e+05 1.668465234375000000e+04 2.655959000000000000e+06 8.405626953125000000e+03
5.000000000000000000e+03 1.479047187500000000e+05 4.285139160156250000e+03 6.595313125000000000e+05 2.243797851562500000e+03 1.479047187500000000e+05 4.285139160156250000e+03 6.595313125000000000e+05 2.243797851562500000e+03
6.000000000000000000e+03 1.675872070312500000e+04 4.865706481933593750e+02 6.571305468750000000e+04 3.704426574707031250e+02 1.675872070312500000e+04 4.865706481933593750e+02 6.571305468750000000e+04 3.704426574707031250e+02
7.000000000000000000e+03 8.103938598632812500e+02 3.264527893066406250e+01 3.423089111328125000e+03 1.530680847167968750e+02 8.103938598632812500e+02 3.264527893066406250e+01 3.423089111328125000e+03 1.530680847167968750e+02
8.000000000000000000e+03 1.401604003906250000e+02 1.376706123352050781e+01 2.377736572265625000e+03 1.452183074951171875e+02 1.401604003906250000e+02 1.376706123352050781e+01 2.377736572265625000e+03 1.452183074951171875e+02
9.000000000000000000e+03 1.242044601440429688e+02 1.343067550659179688e+01 2.391517089843750000e+03 1.451157531738281250e+02 1.242044601440429688e+02 1.343067550659179688e+01 2.391517089843750000e+03 1.451157531738281250e+02
1.000000000000000000e+04 1.234687194824218750e+02 1.343125820159912109e+01 2.391893798828125000e+03 1.451164245605468750e+02 1.234687194824218750e+02 1.343125820159912109e+01 2.391893798828125000e+03 1.451164245605468750e+02
1.100000000000000000e+04 1.234687194824218750e+02 1.343125820159912109e+01 2.391893798828125000e+03 1.451164245605468750e+02 1.234687194824218750e+02 1.343125820159912109e+01 2.391893798828125000e+03 1.451164245605468750e+02
1.200000000000000000e+04 1.234687194824218750e+02 1.343125820159912109e+01 2.391893798828125000e+03 1.451164245605468750e+02 1.234687194824218750e+02 1.343125820159912109e+01 2.391893798828125000e+03 1.451164245605468750e+02
1.300000000000000000e+04 1.234687194824218750e+02 1.343125820159912109e+01 2.391893798828125000e+03 1.451164245605468750e+02 1.234687194824218750e+02 1.343125820159912109e+01 2.391893798828125000e+03 1.451164245605468750e+02
1.400000000000000000e+04 1.242044601440429688e+02 1.342367649078369141e+01 2.392061279296875000e+03 1.451081085205078125e+02 1.242044601440429688e+02 1.342367649078369141e+01 2.392061279296875000e+03 1.451081085205078125e+02
1.500000000000000000e+04 1.234687347412109375e+02 1.342923831939697266e+01 2.392399169921875000e+03 1.451150360107421875e+02 1.234687347412109375e+02 1.342923831939697266e+01 2.392399169921875000e+03 1.451150360107421875e+02
1.600000000000000000e+04 1.220037460327148438e+02 1.345923328399658203e+01 2.392847900390625000e+03 1.451261749267578125e+02 1.220037460327148438e+02 1.345923328399658203e+01 2.392847900390625000e+03 1.451261749267578125e+02
1.700000000000000000e+04 0.000000000000000000e+00 1.501357841491699219e+01 2.670790039062500000e+03 1.465100708007812500e+02 0.000000000000000000e+00 1.501357841491699219e+01 2.670790039062500000e+03 1.465100708007812500e+02
1.800000000000000000e+04 0.000000000000000000e+00 1.501439571380615234e+01 2.670789062500000000e+03 1.465104064941406250e+02 0.000000000000000000e+00 1.501439571380615234e+01 2.670789062500000000e+03 1.465104064941406250e+02
1.900000000000000000e+04 0.000000000000000000e+00 1.501480293273925781e+01 2.670788574218750000e+03 1.465105743408203125e+02 0.000000000000000000e+00 1.501480293273925781e+01 2.670788574218750000e+03 1.465105743408203125e+02
2.000000000000000000e+04 0.000000000000000000e+00 1.501480293273925781e+01 2.670788574218750000e+03 1.465105743408203125e+02 0.000000000000000000e+00 1.501480293273925781e+01 2.670788574218750000e+03 1.465105743408203125e+02
