# step, loss_train, loss_test, metrics_test
0.000000000000000000e+00 2.404091453552246094e+01 2.408960151672363281e+01 6.032220703125000000e+03 1.217628860473632812e+02 2.404091453552246094e+01 2.408960151672363281e+01 6.032220703125000000e+03 1.217628860473632812e+02
1.000000000000000000e+03 8.958292603492736816e-01 3.158851146697998047e+00 1.985848695039749146e-01 1.071783294677734375e+02 8.958292603492736816e-01 3.158851146697998047e+00 1.985848695039749146e-01 1.071783294677734375e+02
2.000000000000000000e+03 1.892409801483154297e+00 2.815593004226684570e+00 7.482671737670898438e-01 9.859561920166015625e+01 1.892409801483154297e+00 2.815593004226684570e+00 7.482671737670898438e-01 9.859561920166015625e+01
3.000000000000000000e+03 2.147054433822631836e+00 3.576888322830200195e+00 5.652755498886108398e-01 9.370666503906250000e+01 2.147054433822631836e+00 3.576888322830200195e+00 5.652755498886108398e-01 9.370666503906250000e+01
4.000000000000000000e+03 1.943315386772155762e+00 3.221807479858398438e+00 1.932164907455444336e+00 9.436871337890625000e+01 1.943315386772155762e+00 3.221807479858398438e+00 1.932164907455444336e+00 9.436871337890625000e+01
5.000000000000000000e+03 5.679074287414550781e+00 2.545598268508911133e+00 1.009556293487548828e+00 9.257365417480468750e+01 5.679074287414550781e+00 2.545598268508911133e+00 1.009556293487548828e+00 9.257365417480468750e+01
6.000000000000000000e+03 3.243281602859497070e+00 3.864905834197998047e+00 1.027808785438537598e+00 7.951765441894531250e+01 3.243281602859497070e+00 3.864905834197998047e+00 1.027808785438537598e+00 7.951765441894531250e+01
7.000000000000000000e+03 3.356713104248046875e+01 4.344902515411376953e+00 1.623268961906433105e+00 7.591244506835937500e+01 3.356713104248046875e+01 4.344902515411376953e+00 1.623268961906433105e+00 7.591244506835937500e+01
8.000000000000000000e+03 3.627654790878295898e+00 3.259559392929077148e+00 1.122861742973327637e+00 7.819689941406250000e+01 3.627654790878295898e+00 3.259559392929077148e+00 1.122861742973327637e+00 7.819689941406250000e+01
9.000000000000000000e+03 3.416783809661865234e+00 4.110070705413818359e+00 1.478978276252746582e+00 7.054902648925781250e+01 3.416783809661865234e+00 4.110070705413818359e+00 1.478978276252746582e+00 7.054902648925781250e+01
1.000000000000000000e+04 4.343013763427734375e+00 4.526575565338134766e+00 1.895156264305114746e+00 6.515957641601562500e+01 4.343013763427734375e+00 4.526575565338134766e+00 1.895156264305114746e+00 6.515957641601562500e+01
1.100000000000000000e+04 5.536896228790283203e+00 4.686951637268066406e+00 1.976837635040283203e+00 6.134093475341796875e+01 5.536896228790283203e+00 4.686951637268066406e+00 1.976837635040283203e+00 6.134093475341796875e+01
1.200000000000000000e+04 4.476226329803466797e+00 4.120190620422363281e+00 2.169055223464965820e+00 5.942936706542968750e+01 4.476226329803466797e+00 4.120190620422363281e+00 2.169055223464965820e+00 5.942936706542968750e+01
1.300000000000000000e+04 5.622665882110595703e+00 3.724618673324584961e+00 2.761317491531372070e+00 5.120972824096679688e+01 5.622665882110595703e+00 3.724618673324584961e+00 2.761317491531372070e+00 5.120972824096679688e+01
1.400000000000000000e+04 1.794355010986328125e+01 3.384385347366333008e+00 8.270572662353515625e+00 5.424567413330078125e+01 1.794355010986328125e+01 3.384385347366333008e+00 8.270572662353515625e+00 5.424567413330078125e+01
1.500000000000000000e+04 5.905478954315185547e+00 3.125587463378906250e+00 2.070984601974487305e+00 4.642449951171875000e+01 5.905478954315185547e+00 3.125587463378906250e+00 2.070984601974487305e+00 4.642449951171875000e+01
1.600000000000000000e+04 1.139197063446044922e+01 2.949349641799926758e+00 1.701654791831970215e+00 3.358501052856445312e+01 1.139197063446044922e+01 2.949349641799926758e+00 1.701654791831970215e+00 3.358501052856445312e+01
1.700000000000000000e+04 2.465222549438476562e+01 4.459251403808593750e+00 6.710937023162841797e+00 3.491702651977539062e+01 2.465222549438476562e+01 4.459251403808593750e+00 6.710937023162841797e+00 3.491702651977539062e+01
1.800000000000000000e+04 1.224137020111083984e+01 1.887151479721069336e+00 4.828375339508056641e+00 1.320065307617187500e+01 1.224137020111083984e+01 1.887151479721069336e+00 4.828375339508056641e+00 1.320065307617187500e+01
1.900000000000000000e+04 8.902601242065429688e+00 1.769783496856689453e+00 1.957479476928710938e+00 1.301371574401855469e+01 8.902601242065429688e+00 1.769783496856689453e+00 1.957479476928710938e+00 1.301371574401855469e+01
2.000000000000000000e+04 9.826189041137695312e+00 1.795524358749389648e+00 3.053761482238769531e+00 8.618777275085449219e+00 9.826189041137695312e+00 1.795524358749389648e+00 3.053761482238769531e+00 8.618777275085449219e+00
