# step, loss_train, loss_test, metrics_test
0.000000000000000000e+00 1.515875911712646484e+01 3.852192687988281250e+01 6.549716796875000000e+03 4.421454467773437500e+02 1.515875911712646484e+01 3.852192687988281250e+01 6.549716796875000000e+03 4.421454467773437500e+02
1.000000000000000000e+03 0.000000000000000000e+00 2.440092468261718750e+01 2.492997558593750000e+03 4.299279479980468750e+02 0.000000000000000000e+00 2.440092468261718750e+01 2.492997558593750000e+03 4.299279479980468750e+02
2.000000000000000000e+03 0.000000000000000000e+00 2.440250205993652344e+01 2.492994628906250000e+03 4.299291381835937500e+02 0.000000000000000000e+00 2.440250205993652344e+01 2.492994628906250000e+03 4.299291381835937500e+02
3.000000000000000000e+03 0.000000000000000000e+00 2.439071655273437500e+01 2.493015136718750000e+03 4.299205017089843750e+02 0.000000000000000000e+00 2.439071655273437500e+01 2.493015136718750000e+03 4.299205017089843750e+02
4.000000000000000000e+03 0.000000000000000000e+00 2.440102005004882812e+01 2.492996826171875000e+03 4.299280395507812500e+02 0.000000000000000000e+00 2.440102005004882812e+01 2.492996826171875000e+03 4.299280395507812500e+02
5.000000000000000000e+03 0.000000000000000000e+00 2.440100288391113281e+01 2.492997070312500000e+03 4.299280090332031250e+02 0.000000000000000000e+00 2.440100288391113281e+01 2.492997070312500000e+03 4.299280090332031250e+02
6.000000000000000000e+03 0.000000000000000000e+00 2.440101051330566406e+01 2.492996826171875000e+03 4.299280090332031250e+02 0.000000000000000000e+00 2.440101051330566406e+01 2.492996826171875000e+03 4.299280090332031250e+02
7.000000000000000000e+03 0.000000000000000000e+00 2.440098571777343750e+01 2.492997070312500000e+03 4.299280090332031250e+02 0.000000000000000000e+00 2.440098571777343750e+01 2.492997070312500000e+03 4.299280090332031250e+02
8.000000000000000000e+03 0.000000000000000000e+00 2.440101051330566406e+01 2.492996826171875000e+03 4.299280090332031250e+02 0.000000000000000000e+00 2.440101051330566406e+01 2.492996826171875000e+03 4.299280090332031250e+02
9.000000000000000000e+03 0.000000000000000000e+00 2.441231346130371094e+01 2.492978027343750000e+03 4.299362792968750000e+02 0.000000000000000000e+00 2.441231346130371094e+01 2.492978027343750000e+03 4.299362792968750000e+02
1.000000000000000000e+04 0.000000000000000000e+00 2.440100860595703125e+01 2.492997070312500000e+03 4.299280090332031250e+02 0.000000000000000000e+00 2.440100860595703125e+01 2.492997070312500000e+03 4.299280090332031250e+02
1.100000000000000000e+04 0.000000000000000000e+00 2.793530464172363281e+01 2.510506591796875000e+03 4.325297851562500000e+02 0.000000000000000000e+00 2.793530464172363281e+01 2.510506591796875000e+03 4.325297851562500000e+02
1.200000000000000000e+04 0.000000000000000000e+00 2.440101051330566406e+01 2.492996826171875000e+03 4.299280090332031250e+02 0.000000000000000000e+00 2.440101051330566406e+01 2.492996826171875000e+03 4.299280090332031250e+02
1.300000000000000000e+04 0.000000000000000000e+00 2.440101051330566406e+01 2.492996826171875000e+03 4.299280090332031250e+02 0.000000000000000000e+00 2.440101051330566406e+01 2.492996826171875000e+03 4.299280090332031250e+02
1.400000000000000000e+04 0.000000000000000000e+00 2.440100860595703125e+01 2.492997070312500000e+03 4.299280090332031250e+02 0.000000000000000000e+00 2.440100860595703125e+01 2.492997070312500000e+03 4.299280090332031250e+02
1.500000000000000000e+04 0.000000000000000000e+00 2.440100860595703125e+01 2.492997070312500000e+03 4.299280090332031250e+02 0.000000000000000000e+00 2.440100860595703125e+01 2.492997070312500000e+03 4.299280090332031250e+02
1.600000000000000000e+04 0.000000000000000000e+00 2.440100860595703125e+01 2.492997070312500000e+03 4.299280090332031250e+02 0.000000000000000000e+00 2.440100860595703125e+01 2.492997070312500000e+03 4.299280090332031250e+02
1.700000000000000000e+04 0.000000000000000000e+00 2.440101051330566406e+01 2.492996826171875000e+03 4.299280090332031250e+02 0.000000000000000000e+00 2.440101051330566406e+01 2.492996826171875000e+03 4.299280090332031250e+02
1.800000000000000000e+04 0.000000000000000000e+00 2.440101432800292969e+01 2.492997070312500000e+03 4.299280090332031250e+02 0.000000000000000000e+00 2.440101432800292969e+01 2.492997070312500000e+03 4.299280090332031250e+02
1.900000000000000000e+04 0.000000000000000000e+00 2.440101051330566406e+01 2.492996826171875000e+03 4.299280090332031250e+02 0.000000000000000000e+00 2.440101051330566406e+01 2.492996826171875000e+03 4.299280090332031250e+02
2.000000000000000000e+04 0.000000000000000000e+00 2.440100860595703125e+01 2.492997070312500000e+03 4.299280090332031250e+02 0.000000000000000000e+00 2.440100860595703125e+01 2.492997070312500000e+03 4.299280090332031250e+02
