# step, loss_train, loss_test, metrics_test
0.000000000000000000e+00 7.891689300537109375e+01 3.260313034057617188e+01 4.391031738281250000e+03 2.652467346191406250e+02 7.891689300537109375e+01 3.260313034057617188e+01 4.391031738281250000e+03 2.652467346191406250e+02
1.000000000000000000e+03 9.879958343505859375e+01 2.815491104125976562e+01 1.880646896362304688e+01 2.525003662109375000e+02 9.879958343505859375e+01 2.815491104125976562e+01 1.880646896362304688e+01 2.525003662109375000e+02
2.000000000000000000e+03 3.332779693603515625e+01 1.964989662170410156e+01 2.116907119750976562e+00 2.424121551513671875e+02 3.332779693603515625e+01 1.964989662170410156e+01 2.116907119750976562e+00 2.424121551513671875e+02
3.000000000000000000e+03 1.921333885192871094e+01 1.279173564910888672e+01 4.767943024635314941e-01 2.288679656982421875e+02 1.921333885192871094e+01 1.279173564910888672e+01 4.767943024635314941e-01 2.288679656982421875e+02
4.000000000000000000e+03 1.259207630157470703e+01 7.598071575164794922e+00 2.876935303211212158e-01 2.138058929443359375e+02 1.259207630157470703e+01 7.598071575164794922e+00 2.876935303211212158e-01 2.138058929443359375e+02
5.000000000000000000e+03 1.683720779418945312e+01 4.923564434051513672e+00 3.545171618461608887e-01 1.846590423583984375e+02 1.683720779418945312e+01 4.923564434051513672e+00 3.545171618461608887e-01 1.846590423583984375e+02
6.000000000000000000e+03 3.447201919555664062e+01 2.819280385971069336e+00 6.022763848304748535e-01 1.091454620361328125e+02 3.447201919555664062e+01 2.819280385971069336e+00 6.022763848304748535e-01 1.091454620361328125e+02
7.000000000000000000e+03 4.280693435668945312e+01 7.855334877967834473e-01 9.051423668861389160e-01 4.360654067993164062e+01 4.280693435668945312e+01 7.855334877967834473e-01 9.051423668861389160e-01 4.360654067993164062e+01
8.000000000000000000e+03 3.354140853881835938e+01 3.557941019535064697e-01 8.336539268493652344e-01 2.557355880737304688e+01 3.354140853881835938e+01 3.557941019535064697e-01 8.336539268493652344e-01 2.557355880737304688e+01
9.000000000000000000e+03 2.495687675476074219e+01 2.262325733900070190e-01 2.367092221975326538e-01 1.709502029418945312e+01 2.495687675476074219e+01 2.262325733900070190e-01 2.367092221975326538e-01 1.709502029418945312e+01
1.000000000000000000e+04 2.021971130371093750e+01 1.104604974389076233e-01 5.831369757652282715e-01 1.272190952301025391e+01 2.021971130371093750e+01 1.104604974389076233e-01 5.831369757652282715e-01 1.272190952301025391e+01
1.100000000000000000e+04 1.676213073730468750e+01 1.050799563527107239e-01 1.580088496208190918e+00 9.915040969848632812e+00 1.676213073730468750e+01 1.050799563527107239e-01 1.580088496208190918e+00 9.915040969848632812e+00
1.200000000000000000e+04 1.399344253540039062e+01 5.298014730215072632e-02 1.857435703277587891e-01 8.290142059326171875e+00 1.399344253540039062e+01 5.298014730215072632e-02 1.857435703277587891e-01 8.290142059326171875e+00
1.300000000000000000e+04 1.316816806793212891e+01 6.596702337265014648e-02 7.259898185729980469e-01 7.156811714172363281e+00 1.316816806793212891e+01 6.596702337265014648e-02 7.259898185729980469e-01 7.156811714172363281e+00
1.400000000000000000e+04 1.059847354888916016e+01 2.539842203259468079e-02 3.949320912361145020e-01 5.822809696197509766e+00 1.059847354888916016e+01 2.539842203259468079e-02 3.949320912361145020e-01 5.822809696197509766e+00
1.500000000000000000e+04 1.145463466644287109e+01 2.860461547970771790e-02 1.335060298442840576e-01 5.320866107940673828e+00 1.145463466644287109e+01 2.860461547970771790e-02 1.335060298442840576e-01 5.320866107940673828e+00
1.600000000000000000e+04 1.042473983764648438e+01 5.161888897418975830e-02 6.482346653938293457e-01 4.831985950469970703e+00 1.042473983764648438e+01 5.161888897418975830e-02 6.482346653938293457e-01 4.831985950469970703e+00
1.700000000000000000e+04 9.473802566528320312e+00 2.730065584182739258e-02 3.837162494659423828e+00 4.185887336730957031e+00 9.473802566528320312e+00 2.730065584182739258e-02 3.837162494659423828e+00 4.185887336730957031e+00
1.800000000000000000e+04 7.436175823211669922e+00 1.854353398084640503e-02 3.992505073547363281e-01 3.625744819641113281e+00 7.436175823211669922e+00 1.854353398084640503e-02 3.992505073547363281e-01 3.625744819641113281e+00
1.900000000000000000e+04 6.936336517333984375e+00 1.521786116063594818e-02 1.558189988136291504e-01 3.131378173828125000e+00 6.936336517333984375e+00 1.521786116063594818e-02 1.558189988136291504e-01 3.131378173828125000e+00
2.000000000000000000e+04 6.434573173522949219e+00 1.830098964273929596e-02 1.157022118568420410e+00 2.847401857376098633e+00 6.434573173522949219e+00 1.830098964273929596e-02 1.157022118568420410e+00 2.847401857376098633e+00
