# step, loss_train, loss_test, metrics_test
0.000000000000000000e+00 6.205739453434944153e-03 7.560407257080078125e+01 0.000000000000000000e+00 1.317252044677734375e+02 6.205739453434944153e-03 7.560407257080078125e+01 0.000000000000000000e+00 1.317252044677734375e+02
1.000000000000000000e+03 2.727071523666381836e+00 3.531909227371215820e+00 0.000000000000000000e+00 7.351441955566406250e+01 2.727071523666381836e+00 3.531909227371215820e+00 0.000000000000000000e+00 7.351441955566406250e+01
2.000000000000000000e+03 9.684949517250061035e-01 5.960972309112548828e+00 0.000000000000000000e+00 6.447723388671875000e+01 9.684949517250061035e-01 5.960972309112548828e+00 0.000000000000000000e+00 6.447723388671875000e+01
3.000000000000000000e+03 1.149129629135131836e+00 7.086187362670898438e+00 0.000000000000000000e+00 5.999555206298828125e+01 1.149129629135131836e+00 7.086187362670898438e+00 0.000000000000000000e+00 5.999555206298828125e+01
4.000000000000000000e+03 1.473379254341125488e+00 8.240220069885253906e+00 0.000000000000000000e+00 5.453433227539062500e+01 1.473379254341125488e+00 8.240220069885253906e+00 0.000000000000000000e+00 5.453433227539062500e+01
5.000000000000000000e+03 4.297601699829101562e+00 9.358633995056152344e+00 0.000000000000000000e+00 3.540141677856445312e+01 4.297601699829101562e+00 9.358633995056152344e+00 0.000000000000000000e+00 3.540141677856445312e+01
6.000000000000000000e+03 8.515912055969238281e+00 5.825445175170898438e+00 0.000000000000000000e+00 2.190268516540527344e+01 8.515912055969238281e+00 5.825445175170898438e+00 0.000000000000000000e+00 2.190268516540527344e+01
7.000000000000000000e+03 6.260312557220458984e+00 4.766975402832031250e+00 0.000000000000000000e+00 1.792467880249023438e+01 6.260312557220458984e+00 4.766975402832031250e+00 0.000000000000000000e+00 1.792467880249023438e+01
8.000000000000000000e+03 6.207534790039062500e+00 4.340190410614013672e+00 0.000000000000000000e+00 1.656626319885253906e+01 6.207534790039062500e+00 4.340190410614013672e+00 0.000000000000000000e+00 1.656626319885253906e+01
9.000000000000000000e+03 7.907924175262451172e+00 4.074736595153808594e+00 0.000000000000000000e+00 1.508254909515380859e+01 7.907924175262451172e+00 4.074736595153808594e+00 0.000000000000000000e+00 1.508254909515380859e+01
1.000000000000000000e+04 4.467535495758056641e+00 3.913982152938842773e+00 0.000000000000000000e+00 1.378114318847656250e+01 4.467535495758056641e+00 3.913982152938842773e+00 0.000000000000000000e+00 1.378114318847656250e+01
1.100000000000000000e+04 8.031365394592285156e+00 3.681574106216430664e+00 0.000000000000000000e+00 1.313311386108398438e+01 8.031365394592285156e+00 3.681574106216430664e+00 0.000000000000000000e+00 1.313311386108398438e+01
1.200000000000000000e+04 3.749947786331176758e+00 3.492029905319213867e+00 0.000000000000000000e+00 1.216081809997558594e+01 3.749947786331176758e+00 3.492029905319213867e+00 0.000000000000000000e+00 1.216081809997558594e+01
1.300000000000000000e+04 3.526756763458251953e+00 3.330273628234863281e+00 0.000000000000000000e+00 1.166034889221191406e+01 3.526756763458251953e+00 3.330273628234863281e+00 0.000000000000000000e+00 1.166034889221191406e+01
1.400000000000000000e+04 8.650955200195312500e+00 3.159614086151123047e+00 0.000000000000000000e+00 1.102239322662353516e+01 8.650955200195312500e+00 3.159614086151123047e+00 0.000000000000000000e+00 1.102239322662353516e+01
1.500000000000000000e+04 2.971024274826049805e+00 2.998057126998901367e+00 0.000000000000000000e+00 1.054672145843505859e+01 2.971024274826049805e+00 2.998057126998901367e+00 0.000000000000000000e+00 1.054672145843505859e+01
1.600000000000000000e+04 2.829123020172119141e+00 2.871033668518066406e+00 0.000000000000000000e+00 9.971060752868652344e+00 2.829123020172119141e+00 2.871033668518066406e+00 0.000000000000000000e+00 9.971060752868652344e+00
1.700000000000000000e+04 2.666048765182495117e+00 2.715726852416992188e+00 0.000000000000000000e+00 9.629151344299316406e+00 2.666048765182495117e+00 2.715726852416992188e+00 0.000000000000000000e+00 9.629151344299316406e+00
1.800000000000000000e+04 2.794543027877807617e+00 2.616157293319702148e+00 0.000000000000000000e+00 9.167072296142578125e+00 2.794543027877807617e+00 2.616157293319702148e+00 0.000000000000000000e+00 9.167072296142578125e+00
1.900000000000000000e+04 2.434538602828979492e+00 2.487782001495361328e+00 0.000000000000000000e+00 8.899499893188476562e+00 2.434538602828979492e+00 2.487782001495361328e+00 0.000000000000000000e+00 8.899499893188476562e+00
2.000000000000000000e+04 2.287605762481689453e+00 2.376003980636596680e+00 0.000000000000000000e+00 8.676293373107910156e+00 2.287605762481689453e+00 2.376003980636596680e+00 0.000000000000000000e+00 8.676293373107910156e+00
