# step, loss_train, loss_test, metrics_test
0.000000000000000000e+00 7.258749683387577534e-04 2.712482070922851562e+01 6.987157714843750000e+03 4.218721618652343750e+02 7.258749683387577534e-04 2.712482070922851562e+01 6.987157714843750000e+03 4.218721618652343750e+02
1.000000000000000000e+03 7.434790134429931641e-01 3.324675750732421875e+01 1.823366165161132812e+00 3.666809082031250000e+02 7.434790134429931641e-01 3.324675750732421875e+01 1.823366165161132812e+00 3.666809082031250000e+02
2.000000000000000000e+03 9.807773232460021973e-01 2.372920608520507812e+01 1.009548425674438477e+00 3.572735595703125000e+02 9.807773232460021973e-01 2.372920608520507812e+01 1.009548425674438477e+00 3.572735595703125000e+02
3.000000000000000000e+03 6.695520401000976562e+00 3.256810379028320312e+01 4.327691555023193359e+00 2.645969543457031250e+02 6.695520401000976562e+00 3.256810379028320312e+01 4.327691555023193359e+00 2.645969543457031250e+02
4.000000000000000000e+03 9.328938484191894531e+00 9.561722755432128906e+00 2.080450057983398438e+00 4.534791183471679688e+01 9.328938484191894531e+00 9.561722755432128906e+00 2.080450057983398438e+00 4.534791183471679688e+01
5.000000000000000000e+03 3.921385526657104492e+00 3.684714078903198242e+00 1.691950917243957520e+00 8.558514595031738281e+00 3.921385526657104492e+00 3.684714078903198242e+00 1.691950917243957520e+00 8.558514595031738281e+00
6.000000000000000000e+03 3.430191755294799805e+00 3.020473003387451172e+00 3.100489377975463867e+00 9.420935630798339844e+00 3.430191755294799805e+00 3.020473003387451172e+00 3.100489377975463867e+00 9.420935630798339844e+00
7.000000000000000000e+03 4.680713176727294922e+00 2.517385005950927734e+00 1.431631326675415039e+00 8.369376182556152344e+00 4.680713176727294922e+00 2.517385005950927734e+00 1.431631326675415039e+00 8.369376182556152344e+00
8.000000000000000000e+03 1.846923470497131348e+00 1.820759296417236328e+00 1.224720239639282227e+00 3.686567544937133789e+00 1.846923470497131348e+00 1.820759296417236328e+00 1.224720239639282227e+00 3.686567544937133789e+00
9.000000000000000000e+03 5.945434570312500000e+00 1.844552397727966309e+00 3.010010957717895508e+00 4.511992454528808594e+00 5.945434570312500000e+00 1.844552397727966309e+00 3.010010957717895508e+00 4.511992454528808594e+00
1.000000000000000000e+04 3.087760925292968750e+00 1.548877239227294922e+00 2.271451950073242188e+00 4.347365379333496094e+00 3.087760925292968750e+00 1.548877239227294922e+00 2.271451950073242188e+00 4.347365379333496094e+00
1.100000000000000000e+04 1.832945346832275391e+00 1.099018335342407227e+00 7.788459658622741699e-01 2.970920562744140625e+00 1.832945346832275391e+00 1.099018335342407227e+00 7.788459658622741699e-01 2.970920562744140625e+00
1.200000000000000000e+04 1.759300112724304199e+00 1.036858558654785156e+00 7.281898856163024902e-01 2.758752822875976562e+00 1.759300112724304199e+00 1.036858558654785156e+00 7.281898856163024902e-01 2.758752822875976562e+00
1.300000000000000000e+04 2.960774421691894531e+00 1.007783293724060059e+00 1.209494590759277344e+00 3.638297796249389648e+00 2.960774421691894531e+00 1.007783293724060059e+00 1.209494590759277344e+00 3.638297796249389648e+00
1.400000000000000000e+04 3.913434505462646484e+00 6.720263361930847168e-01 6.754195690155029297e-01 2.493132352828979492e+00 3.913434505462646484e+00 6.720263361930847168e-01 6.754195690155029297e-01 2.493132352828979492e+00
1.500000000000000000e+04 1.863188982009887695e+00 6.889776587486267090e-01 5.252844691276550293e-01 3.137549877166748047e+00 1.863188982009887695e+00 6.889776587486267090e-01 5.252844691276550293e-01 3.137549877166748047e+00
1.600000000000000000e+04 2.585946798324584961e+00 4.979327917098999023e-01 4.920504689216613770e-01 2.606541395187377930e+00 2.585946798324584961e+00 4.979327917098999023e-01 4.920504689216613770e-01 2.606541395187377930e+00
1.700000000000000000e+04 6.387916088104248047e+00 6.229710578918457031e-01 1.976783752441406250e+00 3.958438634872436523e+00 6.387916088104248047e+00 6.229710578918457031e-01 1.976783752441406250e+00 3.958438634872436523e+00
1.800000000000000000e+04 2.005288124084472656e+00 4.042388796806335449e-01 5.112907290458679199e-01 2.133123874664306641e+00 2.005288124084472656e+00 4.042388796806335449e-01 5.112907290458679199e-01 2.133123874664306641e+00
1.900000000000000000e+04 2.000628471374511719e+00 3.480321168899536133e-01 7.532375812530517578e+00 1.937611699104309082e+00 2.000628471374511719e+00 3.480321168899536133e-01 7.532375812530517578e+00 1.937611699104309082e+00
2.000000000000000000e+04 7.312778949737548828e+00 6.051235795021057129e-01 2.100740623474121094e+01 2.378769874572753906e+00 7.312778949737548828e+00 6.051235795021057129e-01 2.100740623474121094e+01 2.378769874572753906e+00
