# step, loss_train, loss_test, metrics_test
0.000000000000000000e+00 3.074843789363512769e-06 1.356643962860107422e+01 1.800293701171875000e+03 2.658958740234375000e+02 3.074843789363512769e-06 1.356643962860107422e+01 1.800293701171875000e+03 2.658958740234375000e+02
1.000000000000000000e+03 9.435866475105285645e-01 5.125054931640625000e+01 1.108224105834960938e+01 2.499199523925781250e+02 9.435866475105285645e-01 5.125054931640625000e+01 1.108224105834960938e+01 2.499199523925781250e+02
2.000000000000000000e+03 6.499401330947875977e-01 5.176134109497070312e+01 1.418136215209960938e+01 2.449996948242187500e+02 6.499401330947875977e-01 5.176134109497070312e+01 1.418136215209960938e+01 2.449996948242187500e+02
3.000000000000000000e+03 5.108035802841186523e-01 5.188415527343750000e+01 1.187993240356445312e+01 2.441669921875000000e+02 5.108035802841186523e-01 5.188415527343750000e+01 1.187993240356445312e+01 2.441669921875000000e+02
4.000000000000000000e+03 4.558519721031188965e-01 5.066620635986328125e+01 1.168009281158447266e+01 2.434820861816406250e+02 4.558519721031188965e-01 5.066620635986328125e+01 1.168009281158447266e+01 2.434820861816406250e+02
5.000000000000000000e+03 4.602610468864440918e-01 4.804434204101562500e+01 1.060743045806884766e+01 2.428054504394531250e+02 4.602610468864440918e-01 4.804434204101562500e+01 1.060743045806884766e+01 2.428054504394531250e+02
6.000000000000000000e+03 5.488751530647277832e-01 4.356194686889648438e+01 8.432880401611328125e+00 2.428724975585937500e+02 5.488751530647277832e-01 4.356194686889648438e+01 8.432880401611328125e+00 2.428724975585937500e+02
7.000000000000000000e+03 5.208868980407714844e-01 3.771871185302734375e+01 6.122364044189453125e+00 2.434428405761718750e+02 5.208868980407714844e-01 3.771871185302734375e+01 6.122364044189453125e+00 2.434428405761718750e+02
8.000000000000000000e+03 4.860723316669464111e-01 3.295042037963867188e+01 1.241345310211181641e+01 2.427527923583984375e+02 4.860723316669464111e-01 3.295042037963867188e+01 1.241345310211181641e+01 2.427527923583984375e+02
9.000000000000000000e+03 3.943154215812683105e-01 3.211290740966796875e+01 4.062564849853515625e+00 2.425715637207031250e+02 3.943154215812683105e-01 3.211290740966796875e+01 4.062564849853515625e+00 2.425715637207031250e+02
1.000000000000000000e+04 4.001575708389282227e-01 3.011547279357910156e+01 3.269580364227294922e+00 2.414781799316406250e+02 4.001575708389282227e-01 3.011547279357910156e+01 3.269580364227294922e+00 2.414781799316406250e+02
1.100000000000000000e+04 4.862950444221496582e-01 2.813541030883789062e+01 2.610327959060668945e+00 2.399334716796875000e+02 4.862950444221496582e-01 2.813541030883789062e+01 2.610327959060668945e+00 2.399334716796875000e+02
1.200000000000000000e+04 6.679946184158325195e-01 2.607585334777832031e+01 2.297334909439086914e+00 2.379888763427734375e+02 6.679946184158325195e-01 2.607585334777832031e+01 2.297334909439086914e+00 2.379888763427734375e+02
1.300000000000000000e+04 9.871488809585571289e-01 2.414775085449218750e+01 1.823670029640197754e+00 2.355091857910156250e+02 9.871488809585571289e-01 2.414775085449218750e+01 1.823670029640197754e+00 2.355091857910156250e+02
1.400000000000000000e+04 1.394983410835266113e+00 2.210444450378417969e+01 1.443830490112304688e+00 2.326888580322265625e+02 1.394983410835266113e+00 2.210444450378417969e+01 1.443830490112304688e+00 2.326888580322265625e+02
1.500000000000000000e+04 1.725604057312011719e+00 2.054496574401855469e+01 1.637751936912536621e+00 2.302681732177734375e+02 1.725604057312011719e+00 2.054496574401855469e+01 1.637751936912536621e+00 2.302681732177734375e+02
1.600000000000000000e+04 1.790786743164062500e+00 1.977240371704101562e+01 1.951755166053771973e+00 2.285666198730468750e+02 1.790786743164062500e+00 1.977240371704101562e+01 1.951755166053771973e+00 2.285666198730468750e+02
1.700000000000000000e+04 1.709476947784423828e+00 1.945225143432617188e+01 1.994755744934082031e+00 2.273978729248046875e+02 1.709476947784423828e+00 1.945225143432617188e+01 1.994755744934082031e+00 2.273978729248046875e+02
1.800000000000000000e+04 1.638308525085449219e+00 1.823738861083984375e+01 3.524774551391601562e+00 2.267545471191406250e+02 1.638308525085449219e+00 1.823738861083984375e+01 3.524774551391601562e+00 2.267545471191406250e+02
1.900000000000000000e+04 1.531595945358276367e+00 1.923356246948242188e+01 2.212896823883056641e+00 2.251218414306640625e+02 1.531595945358276367e+00 1.923356246948242188e+01 2.212896823883056641e+00 2.251218414306640625e+02
2.000000000000000000e+04 1.449653387069702148e+00 1.894708061218261719e+01 2.320811986923217773e+00 2.243261718750000000e+02 1.449653387069702148e+00 1.894708061218261719e+01 2.320811986923217773e+00 2.243261718750000000e+02
