# step, loss_train, loss_test, metrics_test
0.000000000000000000e+00 1.933973884582519531e+01 3.125640869140625000e+01 1.208286132812500000e+03 3.205368041992187500e+02 1.933973884582519531e+01 3.125640869140625000e+01 1.208286132812500000e+03 3.205368041992187500e+02
1.000000000000000000e+03 3.354272842407226562e+01 3.833742439746856689e-01 1.065428137779235840e+00 2.545139694213867188e+01 3.354272842407226562e+01 3.833742439746856689e-01 1.065428137779235840e+00 2.545139694213867188e+01
2.000000000000000000e+03 1.624504280090332031e+01 1.499609649181365967e-01 1.258110761642456055e+00 7.207848548889160156e+00 1.624504280090332031e+01 1.499609649181365967e-01 1.258110761642456055e+00 7.207848548889160156e+00
3.000000000000000000e+03 2.529327392578125000e+01 3.664611279964447021e-01 4.310376739501953125e+01 2.884997844696044922e+00 2.529327392578125000e+01 3.664611279964447021e-01 4.310376739501953125e+01 2.884997844696044922e+00
4.000000000000000000e+03 1.063335895538330078e+01 2.290208041667938232e-01 2.432965040206909180e+00 2.294795274734497070e+00 1.063335895538330078e+01 2.290208041667938232e-01 2.432965040206909180e+00 2.294795274734497070e+00
5.000000000000000000e+03 9.762743949890136719e+00 2.041816264390945435e-01 5.239197731018066406e+00 2.294229269027709961e+00 9.762743949890136719e+00 2.041816264390945435e-01 5.239197731018066406e+00 2.294229269027709961e+00
6.000000000000000000e+03 5.037815093994140625e+00 3.583612665534019470e-02 1.574477076530456543e+00 1.558222174644470215e+00 5.037815093994140625e+00 3.583612665534019470e-02 1.574477076530456543e+00 1.558222174644470215e+00
7.000000000000000000e+03 7.699732780456542969e+00 3.533756434917449951e-01 3.110742330551147461e+00 1.318556547164916992e+00 7.699732780456542969e+00 3.533756434917449951e-01 3.110742330551147461e+00 1.318556547164916992e+00
8.000000000000000000e+03 4.880472660064697266e+00 1.450499519705772400e-02 5.395194053649902344e+00 1.740870714187622070e+00 4.880472660064697266e+00 1.450499519705772400e-02 5.395194053649902344e+00 1.740870714187622070e+00
9.000000000000000000e+03 2.711082696914672852e+00 3.354221582412719727e-02 1.947105765342712402e+00 8.681282401084899902e-01 2.711082696914672852e+00 3.354221582412719727e-02 1.947105765342712402e+00 8.681282401084899902e-01
1.000000000000000000e+04 2.124677896499633789e+00 5.579665303230285645e-03 2.826636552810668945e+00 6.397699117660522461e-01 2.124677896499633789e+00 5.579665303230285645e-03 2.826636552810668945e+00 6.397699117660522461e-01
1.100000000000000000e+04 3.617410659790039062e+00 3.291826695203781128e-02 2.618631839752197266e+00 1.973795175552368164e+00 3.617410659790039062e+00 3.291826695203781128e-02 2.618631839752197266e+00 1.973795175552368164e+00
1.200000000000000000e+04 1.934657573699951172e+00 1.709338277578353882e-02 6.096665263175964355e-01 5.367236733436584473e-01 1.934657573699951172e+00 1.709338277578353882e-02 6.096665263175964355e-01 5.367236733436584473e-01
1.300000000000000000e+04 2.097532272338867188e+00 5.179052054882049561e-02 4.101226806640625000e+00 6.066985130310058594e-01 2.097532272338867188e+00 5.179052054882049561e-02 4.101226806640625000e+00 6.066985130310058594e-01
1.400000000000000000e+04 2.134648084640502930e+00 4.356029629707336426e-02 1.382062554359436035e+00 5.069395303726196289e-01 2.134648084640502930e+00 4.356029629707336426e-02 1.382062554359436035e+00 5.069395303726196289e-01
1.500000000000000000e+04 1.572937607765197754e+00 4.396858811378479004e-02 6.364187598228454590e-01 5.040761232376098633e-01 1.572937607765197754e+00 4.396858811378479004e-02 6.364187598228454590e-01 5.040761232376098633e-01
1.600000000000000000e+04 1.480936169624328613e+00 1.674850005656480789e-03 1.039042472839355469e+00 3.529743552207946777e-01 1.480936169624328613e+00 1.674850005656480789e-03 1.039042472839355469e+00 3.529743552207946777e-01
1.700000000000000000e+04 3.670206785202026367e+00 4.598085582256317139e-01 1.894175529479980469e+00 1.747261643409729004e+00 3.670206785202026367e+00 4.598085582256317139e-01 1.894175529479980469e+00 1.747261643409729004e+00
1.800000000000000000e+04 5.364730358123779297e+00 1.463453173637390137e-01 7.891840338706970215e-01 6.985944509506225586e-01 5.364730358123779297e+00 1.463453173637390137e-01 7.891840338706970215e-01 6.985944509506225586e-01
1.900000000000000000e+04 1.143399834632873535e+00 3.003606498241424561e-01 2.269669771194458008e+00 7.396750450134277344e-01 1.143399834632873535e+00 3.003606498241424561e-01 2.269669771194458008e+00 7.396750450134277344e-01
2.000000000000000000e+04 1.005699276924133301e+00 3.318206174299120903e-03 3.825577199459075928e-01 2.370775640010833740e-01 1.005699276924133301e+00 3.318206174299120903e-03 3.825577199459075928e-01 2.370775640010833740e-01
