# step, loss_train, loss_test, metrics_test
0.000000000000000000e+00 1.663689648437500000e+04 1.126242828369140625e+01 2.736065185546875000e+03 3.714601440429687500e+02 1.663689648437500000e+04 1.126242828369140625e+01 2.736065185546875000e+03 3.714601440429687500e+02
1.000000000000000000e+03 2.497695207595825195e+00 4.295196914672851562e+01 2.408699989318847656e+00 3.537684326171875000e+02 2.497695207595825195e+00 4.295196914672851562e+01 2.408699989318847656e+00 3.537684326171875000e+02
2.000000000000000000e+03 1.817750453948974609e+00 2.462312698364257812e+01 1.256545662879943848e+00 3.309622192382812500e+02 1.817750453948974609e+00 2.462312698364257812e+01 1.256545662879943848e+00 3.309622192382812500e+02
3.000000000000000000e+03 3.141405582427978516e+00 1.746278190612792969e+01 1.608598709106445312e+00 3.109454650878906250e+02 3.141405582427978516e+00 1.746278190612792969e+01 1.608598709106445312e+00 3.109454650878906250e+02
4.000000000000000000e+03 1.011958599090576172e+01 1.420104789733886719e+01 7.514665126800537109e+00 2.809726562500000000e+02 1.011958599090576172e+01 1.420104789733886719e+01 7.514665126800537109e+00 2.809726562500000000e+02
5.000000000000000000e+03 2.262334251403808594e+01 1.417377185821533203e+01 1.550181150436401367e+00 1.998218383789062500e+02 2.262334251403808594e+01 1.417377185821533203e+01 1.550181150436401367e+00 1.998218383789062500e+02
6.000000000000000000e+03 3.383718109130859375e+01 8.948755264282226562e+00 2.729301691055297852e+00 1.313133544921875000e+02 3.383718109130859375e+01 8.948755264282226562e+00 2.729301691055297852e+00 1.313133544921875000e+02
7.000000000000000000e+03 8.217584991455078125e+01 5.571007251739501953e+00 3.839562606811523438e+01 1.028804855346679688e+02 8.217584991455078125e+01 5.571007251739501953e+00 3.839562606811523438e+01 1.028804855346679688e+02
8.000000000000000000e+03 3.885543441772460938e+01 5.037131786346435547e+00 1.566442489624023438e+00 6.648152923583984375e+01 3.885543441772460938e+01 5.037131786346435547e+00 1.566442489624023438e+00 6.648152923583984375e+01
9.000000000000000000e+03 2.159599304199218750e+02 3.344151973724365234e+00 4.354805603027343750e+02 5.337180709838867188e+01 2.159599304199218750e+02 3.344151973724365234e+00 4.354805603027343750e+02 5.337180709838867188e+01
1.000000000000000000e+04 5.213816833496093750e+01 2.957497835159301758e+00 6.555293273925781250e+01 4.922616577148437500e+01 5.213816833496093750e+01 2.957497835159301758e+00 6.555293273925781250e+01 4.922616577148437500e+01
1.100000000000000000e+04 3.847688674926757812e+01 4.581984519958496094e+00 1.352301788330078125e+01 5.977557754516601562e+01 3.847688674926757812e+01 4.581984519958496094e+00 1.352301788330078125e+01 5.977557754516601562e+01
1.200000000000000000e+04 2.988696861267089844e+01 2.477508544921875000e+00 1.621763586997985840e+00 2.540996932983398438e+01 2.988696861267089844e+01 2.477508544921875000e+00 1.621763586997985840e+00 2.540996932983398438e+01
1.300000000000000000e+04 5.091045379638671875e+01 2.591387510299682617e+00 2.131639480590820312e+01 2.323166275024414062e+01 5.091045379638671875e+01 2.591387510299682617e+00 2.131639480590820312e+01 2.323166275024414062e+01
1.400000000000000000e+04 2.212877273559570312e+01 2.117907047271728516e+00 4.723000526428222656e-01 1.801695060729980469e+01 2.212877273559570312e+01 2.117907047271728516e+00 4.723000526428222656e-01 1.801695060729980469e+01
1.500000000000000000e+04 2.002410125732421875e+01 1.730115413665771484e+00 3.020205795764923096e-01 1.570759773254394531e+01 2.002410125732421875e+01 1.730115413665771484e+00 3.020205795764923096e-01 1.570759773254394531e+01
1.600000000000000000e+04 2.041854476928710938e+01 1.629371762275695801e+00 1.375772058963775635e-01 1.315546512603759766e+01 2.041854476928710938e+01 1.629371762275695801e+00 1.375772058963775635e-01 1.315546512603759766e+01
1.700000000000000000e+04 3.805567550659179688e+01 1.393414378166198730e+00 3.263726806640625000e+01 1.395057296752929688e+01 3.805567550659179688e+01 1.393414378166198730e+00 3.263726806640625000e+01 1.395057296752929688e+01
1.800000000000000000e+04 2.724601554870605469e+01 1.499672651290893555e+00 1.592746019363403320e+00 1.120759582519531250e+01 2.724601554870605469e+01 1.499672651290893555e+00 1.592746019363403320e+00 1.120759582519531250e+01
1.900000000000000000e+04 1.606843948364257812e+01 1.567025423049926758e+00 1.738081812858581543e+00 1.822099876403808594e+01 1.606843948364257812e+01 1.567025423049926758e+00 1.738081812858581543e+00 1.822099876403808594e+01
2.000000000000000000e+04 2.859561347961425781e+01 1.348812580108642578e+00 2.065207958221435547e+00 1.277686309814453125e+01 2.859561347961425781e+01 1.348812580108642578e+00 2.065207958221435547e+00 1.277686309814453125e+01
