# step, loss_train, loss_test, metrics_test
0.000000000000000000e+00 8.878832450136542320e-04 1.162843132019042969e+01 3.188059814453125000e+03 4.108937072753906250e+02 8.878832450136542320e-04 1.162843132019042969e+01 3.188059814453125000e+03 4.108937072753906250e+02
1.000000000000000000e+03 1.429890155792236328e+00 2.678022766113281250e+01 2.020231628417968750e+01 3.712022094726562500e+02 1.429890155792236328e+00 2.678022766113281250e+01 2.020231628417968750e+01 3.712022094726562500e+02
2.000000000000000000e+03 6.217398643493652344e+00 1.578968429565429688e+01 2.044104003906250000e+01 3.597348327636718750e+02 6.217398643493652344e+00 1.578968429565429688e+01 2.044104003906250000e+01 3.597348327636718750e+02
3.000000000000000000e+03 1.164418983459472656e+01 1.780624008178710938e+01 2.196560144424438477e+00 1.712647552490234375e+02 1.164418983459472656e+01 1.780624008178710938e+01 2.196560144424438477e+00 1.712647552490234375e+02
4.000000000000000000e+03 1.232746696472167969e+01 7.191336154937744141e+00 2.680878639221191406e+00 7.747027587890625000e+01 1.232746696472167969e+01 7.191336154937744141e+00 2.680878639221191406e+00 7.747027587890625000e+01
5.000000000000000000e+03 8.884807586669921875e+00 1.804634928703308105e+00 6.618867397308349609e+00 2.354595947265625000e+01 8.884807586669921875e+00 1.804634928703308105e+00 6.618867397308349609e+00 2.354595947265625000e+01
6.000000000000000000e+03 8.435708999633789062e+00 1.029180407524108887e+00 3.611835479736328125e+00 7.583265304565429688e+00 8.435708999633789062e+00 1.029180407524108887e+00 3.611835479736328125e+00 7.583265304565429688e+00
7.000000000000000000e+03 6.937407970428466797e+00 2.377169847488403320e+00 1.334919357299804688e+01 1.874681854248046875e+01 6.937407970428466797e+00 2.377169847488403320e+00 1.334919357299804688e+01 1.874681854248046875e+01
8.000000000000000000e+03 8.286690711975097656e+00 6.714383363723754883e-01 1.256294369697570801e+00 4.537267208099365234e+00 8.286690711975097656e+00 6.714383363723754883e-01 1.256294369697570801e+00 4.537267208099365234e+00
9.000000000000000000e+03 1.313174057006835938e+01 9.872614145278930664e-01 1.563501715660095215e+00 9.439393043518066406e+00 1.313174057006835938e+01 9.872614145278930664e-01 1.563501715660095215e+00 9.439393043518066406e+00
1.000000000000000000e+04 3.722498655319213867e+00 4.504722058773040771e-01 2.143870592117309570e+00 4.190177440643310547e+00 3.722498655319213867e+00 4.504722058773040771e-01 2.143870592117309570e+00 4.190177440643310547e+00
1.100000000000000000e+04 2.744269847869873047e+00 3.618899881839752197e-01 1.403115391731262207e+00 2.990131855010986328e+00 2.744269847869873047e+00 3.618899881839752197e-01 1.403115391731262207e+00 2.990131855010986328e+00
1.200000000000000000e+04 3.352339982986450195e+00 3.677045106887817383e-01 4.126574516296386719e+00 4.787920951843261719e+00 3.352339982986450195e+00 3.677045106887817383e-01 4.126574516296386719e+00 4.787920951843261719e+00
1.300000000000000000e+04 1.659626007080078125e+01 2.870721817016601562e+00 5.251847076416015625e+01 1.065864849090576172e+01 1.659626007080078125e+01 2.870721817016601562e+00 5.251847076416015625e+01 1.065864849090576172e+01
1.400000000000000000e+04 8.561735153198242188e+00 3.128143846988677979e-01 1.872755050659179688e+00 2.807585239410400391e+00 8.561735153198242188e+00 3.128143846988677979e-01 1.872755050659179688e+00 2.807585239410400391e+00
1.500000000000000000e+04 1.654585480690002441e+00 1.962070018053054810e-01 4.706679880619049072e-01 2.492410898208618164e+00 1.654585480690002441e+00 1.962070018053054810e-01 4.706679880619049072e-01 2.492410898208618164e+00
1.600000000000000000e+04 2.951506376266479492e+00 1.093417927622795105e-01 1.518940567970275879e+00 1.739082217216491699e+00 2.951506376266479492e+00 1.093417927622795105e-01 1.518940567970275879e+00 1.739082217216491699e+00
1.700000000000000000e+04 1.167687129974365234e+01 4.640548229217529297e-01 2.107630538940429688e+01 4.405372619628906250e+00 1.167687129974365234e+01 4.640548229217529297e-01 2.107630538940429688e+01 4.405372619628906250e+00
1.800000000000000000e+04 8.060314178466796875e+00 2.663185298442840576e-01 2.845025062561035156e+01 2.943521976470947266e+00 8.060314178466796875e+00 2.663185298442840576e-01 2.845025062561035156e+01 2.943521976470947266e+00
1.900000000000000000e+04 1.811300873756408691e+00 7.775073498487472534e-02 1.082679510116577148e+00 2.157404422760009766e+00 1.811300873756408691e+00 7.775073498487472534e-02 1.082679510116577148e+00 2.157404422760009766e+00
2.000000000000000000e+04 3.621973514556884766e+00 2.401766777038574219e-01 3.820515394210815430e+00 2.548008680343627930e+00 3.621973514556884766e+00 2.401766777038574219e-01 3.820515394210815430e+00 2.548008680343627930e+00
