# step, loss_train, loss_test, metrics_test
0.000000000000000000e+00 6.406260742187500000e+03 9.413375854492187500e+01 2.352081054687500000e+04 1.502229461669921875e+02 6.406260742187500000e+03 9.413375854492187500e+01 2.352081054687500000e+04 1.502229461669921875e+02
1.000000000000000000e+03 2.813720703125000000e+00 3.065764045715332031e+01 1.344234466552734375e+00 1.307261047363281250e+02 2.813720703125000000e+00 3.065764045715332031e+01 1.344234466552734375e+00 1.307261047363281250e+02
2.000000000000000000e+03 1.886584520339965820e+00 9.043129920959472656e+00 9.798652529716491699e-01 1.215409698486328125e+02 1.886584520339965820e+00 9.043129920959472656e+00 9.798652529716491699e-01 1.215409698486328125e+02
3.000000000000000000e+03 1.756678104400634766e+00 5.206167221069335938e+00 7.728855013847351074e-01 1.070464324951171875e+02 1.756678104400634766e+00 5.206167221069335938e+00 7.728855013847351074e-01 1.070464324951171875e+02
4.000000000000000000e+03 2.756582260131835938e+00 4.604316234588623047e+00 2.299947440624237061e-01 7.845305633544921875e+01 2.756582260131835938e+00 4.604316234588623047e+00 2.299947440624237061e-01 7.845305633544921875e+01
5.000000000000000000e+03 1.999880433082580566e+00 3.857152938842773438e+00 9.330039471387863159e-02 5.849571228027343750e+01 1.999880433082580566e+00 3.857152938842773438e+00 9.330039471387863159e-02 5.849571228027343750e+01
6.000000000000000000e+03 6.541313171386718750e+00 3.266484260559082031e+00 1.177266120910644531e+00 4.223770141601562500e+01 6.541313171386718750e+00 3.266484260559082031e+00 1.177266120910644531e+00 4.223770141601562500e+01
7.000000000000000000e+03 1.520002174377441406e+01 1.680282711982727051e+00 5.722604751586914062e+00 2.659665298461914062e+01 1.520002174377441406e+01 1.680282711982727051e+00 5.722604751586914062e+00 2.659665298461914062e+01
8.000000000000000000e+03 1.493561625480651855e+00 1.146086692810058594e+00 4.712542891502380371e-02 1.578096008300781250e+01 1.493561625480651855e+00 1.146086692810058594e+00 4.712542891502380371e-02 1.578096008300781250e+01
9.000000000000000000e+03 1.425123572349548340e+00 7.774955034255981445e-01 4.366560652852058411e-02 1.003142452239990234e+01 1.425123572349548340e+00 7.774955034255981445e-01 4.366560652852058411e-02 1.003142452239990234e+01
1.000000000000000000e+04 1.129097342491149902e+00 5.687848925590515137e-01 3.013667277991771698e-02 9.202961921691894531e+00 1.129097342491149902e+00 5.687848925590515137e-01 3.013667277991771698e-02 9.202961921691894531e+00
1.100000000000000000e+04 1.593125581741333008e+00 5.523198246955871582e-01 6.566075086593627930e-01 1.042921924591064453e+01 1.593125581741333008e+00 5.523198246955871582e-01 6.566075086593627930e-01 1.042921924591064453e+01
1.200000000000000000e+04 9.167792201042175293e-01 3.701054751873016357e-01 2.407180890440940857e-02 5.561997413635253906e+00 9.167792201042175293e-01 3.701054751873016357e-01 2.407180890440940857e-02 5.561997413635253906e+00
1.300000000000000000e+04 7.720501422882080078e-01 3.195844292640686035e-01 1.653036847710609436e-02 5.862556457519531250e+00 7.720501422882080078e-01 3.195844292640686035e-01 1.653036847710609436e-02 5.862556457519531250e+00
1.400000000000000000e+04 1.884691476821899414e+00 2.959077954292297363e-01 3.694976270198822021e-01 8.541470527648925781e+00 1.884691476821899414e+00 2.959077954292297363e-01 3.694976270198822021e-01 8.541470527648925781e+00
1.500000000000000000e+04 7.282819747924804688e-01 2.109697014093399048e-01 2.059713378548622131e-02 3.372488021850585938e+00 7.282819747924804688e-01 2.109697014093399048e-01 2.059713378548622131e-02 3.372488021850585938e+00
1.600000000000000000e+04 6.687204837799072266e-01 1.830742657184600830e-01 1.933202147483825684e-02 3.130294799804687500e+00 6.687204837799072266e-01 1.830742657184600830e-01 1.933202147483825684e-02 3.130294799804687500e+00
1.700000000000000000e+04 1.869310302734375000e+02 3.061935901641845703e-01 2.510426635742187500e+02 2.510139226913452148e+00 1.869310302734375000e+02 3.061935901641845703e-01 2.510426635742187500e+02 2.510139226913452148e+00
1.800000000000000000e+04 6.833614110946655273e-01 1.320744156837463379e-01 8.813786506652832031e-02 5.100613117218017578e+00 6.833614110946655273e-01 1.320744156837463379e-01 8.813786506652832031e-02 5.100613117218017578e+00
1.900000000000000000e+04 5.043435096740722656e-01 1.024544984102249146e-01 1.459893491119146347e-02 3.482177495956420898e+00 5.043435096740722656e-01 1.024544984102249146e-01 1.459893491119146347e-02 3.482177495956420898e+00
2.000000000000000000e+04 4.604390859603881836e-01 7.704832404851913452e-02 3.107358701527118683e-02 3.005949735641479492e+00 4.604390859603881836e-01 7.704832404851913452e-02 3.107358701527118683e-02 3.005949735641479492e+00
