# step, loss_train, loss_test, metrics_test
0.000000000000000000e+00 1.967250585937500000e+04 3.488610076904296875e+01 2.217793945312500000e+03 1.846305389404296875e+02 1.967250585937500000e+04 3.488610076904296875e+01 2.217793945312500000e+03 1.846305389404296875e+02
1.000000000000000000e+03 2.065955162048339844e+01 4.294821929931640625e+01 8.367955207824707031e+00 1.678696289062500000e+02 2.065955162048339844e+01 4.294821929931640625e+01 8.367955207824707031e+00 1.678696289062500000e+02
2.000000000000000000e+03 6.536398410797119141e+00 2.996996116638183594e+01 1.919066309928894043e+00 1.633849029541015625e+02 6.536398410797119141e+00 2.996996116638183594e+01 1.919066309928894043e+00 1.633849029541015625e+02
3.000000000000000000e+03 8.170202255249023438e+00 1.344466876983642578e+01 1.205159902572631836e+00 1.591087493896484375e+02 8.170202255249023438e+00 1.344466876983642578e+01 1.205159902572631836e+00 1.591087493896484375e+02
4.000000000000000000e+03 4.599143981933593750e+00 7.233996391296386719e+00 7.326916456222534180e-01 1.566462402343750000e+02 4.599143981933593750e+00 7.233996391296386719e+00 7.326916456222534180e-01 1.566462402343750000e+02
5.000000000000000000e+03 3.357498884201049805e+00 6.056775569915771484e+00 5.320979952812194824e-01 1.549145965576171875e+02 3.357498884201049805e+00 6.056775569915771484e+00 5.320979952812194824e-01 1.549145965576171875e+02
6.000000000000000000e+03 3.416925430297851562e+00 5.180616378784179688e+00 6.748878359794616699e-01 1.535086517333984375e+02 3.416925430297851562e+00 5.180616378784179688e+00 6.748878359794616699e-01 1.535086517333984375e+02
7.000000000000000000e+03 2.694076061248779297e+00 4.840408325195312500e+00 5.239655971527099609e-01 1.516287689208984375e+02 2.694076061248779297e+00 4.840408325195312500e+00 5.239655971527099609e-01 1.516287689208984375e+02
8.000000000000000000e+03 2.800894021987915039e+00 4.770122051239013672e+00 4.212344288825988770e-01 1.501632843017578125e+02 2.800894021987915039e+00 4.770122051239013672e+00 4.212344288825988770e-01 1.501632843017578125e+02
9.000000000000000000e+03 3.597110033035278320e+00 4.748280525207519531e+00 4.709667861461639404e-01 1.474337310791015625e+02 3.597110033035278320e+00 4.748280525207519531e+00 4.709667861461639404e-01 1.474337310791015625e+02
1.000000000000000000e+04 4.550656795501708984e+00 4.981996536254882812e+00 4.604281783103942871e-01 1.429799041748046875e+02 4.550656795501708984e+00 4.981996536254882812e+00 4.604281783103942871e-01 1.429799041748046875e+02
1.100000000000000000e+04 8.553235054016113281e+00 4.490433692932128906e+00 8.446155190467834473e-01 1.360653686523437500e+02 8.553235054016113281e+00 4.490433692932128906e+00 8.446155190467834473e-01 1.360653686523437500e+02
1.200000000000000000e+04 1.186279964447021484e+01 4.269549369812011719e+00 1.797953844070434570e+00 1.227592239379882812e+02 1.186279964447021484e+01 4.269549369812011719e+00 1.797953844070434570e+00 1.227592239379882812e+02
1.300000000000000000e+04 1.834560012817382812e+01 3.951866388320922852e+00 6.821631431579589844e+00 1.093297576904296875e+02 1.834560012817382812e+01 3.951866388320922852e+00 6.821631431579589844e+00 1.093297576904296875e+02
1.400000000000000000e+04 1.710128784179687500e+01 4.212038040161132812e+00 3.433511734008789062e+00 9.859346771240234375e+01 1.710128784179687500e+01 4.212038040161132812e+00 3.433511734008789062e+00 9.859346771240234375e+01
1.500000000000000000e+04 2.022813415527343750e+01 4.388249397277832031e+00 3.679966449737548828e+00 9.524983978271484375e+01 2.022813415527343750e+01 4.388249397277832031e+00 3.679966449737548828e+00 9.524983978271484375e+01
1.600000000000000000e+04 2.061263084411621094e+01 4.214109420776367188e+00 4.240278244018554688e+00 8.697641754150390625e+01 2.061263084411621094e+01 4.214109420776367188e+00 4.240278244018554688e+00 8.697641754150390625e+01
1.700000000000000000e+04 3.400182723999023438e+01 3.916747331619262695e+00 5.269195079803466797e+00 7.648612213134765625e+01 3.400182723999023438e+01 3.916747331619262695e+00 5.269195079803466797e+00 7.648612213134765625e+01
1.800000000000000000e+04 2.413895034790039062e+01 4.141448020935058594e+00 3.473450660705566406e+00 6.704892730712890625e+01 2.413895034790039062e+01 4.141448020935058594e+00 3.473450660705566406e+00 6.704892730712890625e+01
1.900000000000000000e+04 3.723635101318359375e+01 3.592083454132080078e+00 3.510710239410400391e+00 5.790885162353515625e+01 3.723635101318359375e+01 3.592083454132080078e+00 3.510710239410400391e+00 5.790885162353515625e+01
2.000000000000000000e+04 2.822005844116210938e+01 4.227328300476074219e+00 3.436837434768676758e+00 5.464810943603515625e+01 2.822005844116210938e+01 4.227328300476074219e+00 3.436837434768676758e+00 5.464810943603515625e+01
