# step, loss_train, loss_test, metrics_test
0.000000000000000000e+00 6.130837402343750000e+03 5.528539276123046875e+01 9.657495117187500000e+03 1.848929901123046875e+02 6.130837402343750000e+03 5.528539276123046875e+01 9.657495117187500000e+03 1.848929901123046875e+02
1.000000000000000000e+03 2.266063690185546875e+01 4.898756790161132812e+01 1.421024990081787109e+01 1.778290252685546875e+02 2.266063690185546875e+01 4.898756790161132812e+01 1.421024990081787109e+01 1.778290252685546875e+02
2.000000000000000000e+03 8.988778114318847656e+00 4.445424270629882812e+01 4.986090660095214844e+00 1.702399749755859375e+02 8.988778114318847656e+00 4.445424270629882812e+01 4.986090660095214844e+00 1.702399749755859375e+02
3.000000000000000000e+03 5.755736351013183594e+00 4.035421752929687500e+01 2.961506605148315430e+00 1.643858642578125000e+02 5.755736351013183594e+00 4.035421752929687500e+01 2.961506605148315430e+00 1.643858642578125000e+02
4.000000000000000000e+03 4.724801540374755859e+00 3.410213851928710938e+01 2.019735813140869141e+00 1.601198120117187500e+02 4.724801540374755859e+00 3.410213851928710938e+01 2.019735813140869141e+00 1.601198120117187500e+02
5.000000000000000000e+03 4.414789676666259766e+00 2.531255531311035156e+01 1.484176516532897949e+00 1.558669891357421875e+02 4.414789676666259766e+00 2.531255531311035156e+01 1.484176516532897949e+00 1.558669891357421875e+02
6.000000000000000000e+03 4.267523288726806641e+00 1.579562377929687500e+01 1.220679640769958496e+00 1.523982849121093750e+02 4.267523288726806641e+00 1.579562377929687500e+01 1.220679640769958496e+00 1.523982849121093750e+02
7.000000000000000000e+03 3.609748601913452148e+00 1.067599010467529297e+01 8.222866058349609375e-01 1.507646331787109375e+02 3.609748601913452148e+00 1.067599010467529297e+01 8.222866058349609375e-01 1.507646331787109375e+02
8.000000000000000000e+03 2.894668340682983398e+00 8.876818656921386719e+00 5.308110713958740234e-01 1.496829833984375000e+02 2.894668340682983398e+00 8.876818656921386719e+00 5.308110713958740234e-01 1.496829833984375000e+02
9.000000000000000000e+03 2.551153182983398438e+00 7.922587394714355469e+00 4.130185842514038086e-01 1.486950531005859375e+02 2.551153182983398438e+00 7.922587394714355469e+00 4.130185842514038086e-01 1.486950531005859375e+02
1.000000000000000000e+04 4.245951652526855469e+00 7.056165218353271484e+00 6.073639392852783203e-01 1.477505798339843750e+02 4.245951652526855469e+00 7.056165218353271484e+00 6.073639392852783203e-01 1.477505798339843750e+02
1.100000000000000000e+04 2.053609132766723633e+00 6.581278800964355469e+00 4.065680503845214844e-01 1.467624206542968750e+02 2.053609132766723633e+00 6.581278800964355469e+00 4.065680503845214844e-01 1.467624206542968750e+02
1.200000000000000000e+04 2.231426954269409180e+00 6.135229110717773438e+00 4.112731814384460449e-01 1.456332244873046875e+02 2.231426954269409180e+00 6.135229110717773438e+00 4.112731814384460449e-01 1.456332244873046875e+02
1.300000000000000000e+04 2.115550994873046875e+00 5.785144329071044922e+00 4.136336743831634521e-01 1.442640228271484375e+02 2.115550994873046875e+00 5.785144329071044922e+00 4.136336743831634521e-01 1.442640228271484375e+02
1.400000000000000000e+04 2.251595973968505859e+00 5.602313041687011719e+00 4.153724014759063721e-01 1.425617980957031250e+02 2.251595973968505859e+00 5.602313041687011719e+00 4.153724014759063721e-01 1.425617980957031250e+02
1.500000000000000000e+04 2.666634798049926758e+00 5.507996082305908203e+00 4.584084749221801758e-01 1.403290252685546875e+02 2.666634798049926758e+00 5.507996082305908203e+00 4.584084749221801758e-01 1.403290252685546875e+02
1.600000000000000000e+04 3.318749189376831055e+00 5.458218097686767578e+00 5.270699858665466309e-01 1.373810729980468750e+02 3.318749189376831055e+00 5.458218097686767578e+00 5.270699858665466309e-01 1.373810729980468750e+02
1.700000000000000000e+04 4.777726650238037109e+00 5.451666831970214844e+00 5.367788672447204590e-01 1.331318511962890625e+02 4.777726650238037109e+00 5.451666831970214844e+00 5.367788672447204590e-01 1.331318511962890625e+02
1.800000000000000000e+04 5.711424350738525391e+00 5.311419010162353516e+00 6.312971711158752441e-01 1.273816604614257812e+02 5.711424350738525391e+00 5.311419010162353516e+00 6.312971711158752441e-01 1.273816604614257812e+02
1.900000000000000000e+04 7.941880226135253906e+00 5.042006015777587891e+00 7.147663831710815430e-01 1.206617202758789062e+02 7.941880226135253906e+00 5.042006015777587891e+00 7.147663831710815430e-01 1.206617202758789062e+02
2.000000000000000000e+04 1.200454616546630859e+01 4.773214817047119141e+00 1.319905281066894531e+00 1.120216522216796875e+02 1.200454616546630859e+01 4.773214817047119141e+00 1.319905281066894531e+00 1.120216522216796875e+02
