# step, loss_train, loss_test, metrics_test
0.000000000000000000e+00 0.000000000000000000e+00 3.519234466552734375e+01 2.369941406250000000e+03 2.053036346435546875e+02 0.000000000000000000e+00 3.519234466552734375e+01 2.369941406250000000e+03 2.053036346435546875e+02
1.000000000000000000e+03 0.000000000000000000e+00 1.334519004821777344e+01 5.048658752441406250e+02 1.888051605224609375e+02 0.000000000000000000e+00 1.334519004821777344e+01 5.048658752441406250e+02 1.888051605224609375e+02
2.000000000000000000e+03 0.000000000000000000e+00 1.308694171905517578e+01 5.053858947753906250e+02 1.886568908691406250e+02 0.000000000000000000e+00 1.308694171905517578e+01 5.053858947753906250e+02 1.886568908691406250e+02
3.000000000000000000e+03 0.000000000000000000e+00 1.334512710571289062e+01 5.048659667968750000e+02 1.888051147460937500e+02 0.000000000000000000e+00 1.334512710571289062e+01 5.048659667968750000e+02 1.888051147460937500e+02
4.000000000000000000e+03 0.000000000000000000e+00 1.334504127502441406e+01 5.048660583496093750e+02 1.888050689697265625e+02 0.000000000000000000e+00 1.334504127502441406e+01 5.048660583496093750e+02 1.888050689697265625e+02
5.000000000000000000e+03 0.000000000000000000e+00 1.334081554412841797e+01 5.048727722167968750e+02 1.888026428222656250e+02 0.000000000000000000e+00 1.334081554412841797e+01 5.048727722167968750e+02 1.888026428222656250e+02
6.000000000000000000e+03 0.000000000000000000e+00 1.334557247161865234e+01 5.048652954101562500e+02 1.888053741455078125e+02 0.000000000000000000e+00 1.334557247161865234e+01 5.048652954101562500e+02 1.888053741455078125e+02
7.000000000000000000e+03 0.000000000000000000e+00 1.445113372802734375e+01 5.049107971191406250e+02 1.894427337646484375e+02 0.000000000000000000e+00 1.445113372802734375e+01 5.049107971191406250e+02 1.894427337646484375e+02
8.000000000000000000e+03 0.000000000000000000e+00 2.396565437316894531e+01 5.773778686523437500e+02 1.950107727050781250e+02 0.000000000000000000e+00 2.396565437316894531e+01 5.773778686523437500e+02 1.950107727050781250e+02
9.000000000000000000e+03 0.000000000000000000e+00 1.253320884704589844e+01 5.073530578613281250e+02 1.883399353027343750e+02 0.000000000000000000e+00 1.253320884704589844e+01 5.073530578613281250e+02 1.883399353027343750e+02
1.000000000000000000e+04 0.000000000000000000e+00 1.332424831390380859e+01 5.048995971679687500e+02 1.887931213378906250e+02 0.000000000000000000e+00 1.332424831390380859e+01 5.048995971679687500e+02 1.887931213378906250e+02
1.100000000000000000e+04 0.000000000000000000e+00 1.334479618072509766e+01 5.048664855957031250e+02 1.888049163818359375e+02 0.000000000000000000e+00 1.334479618072509766e+01 5.048664855957031250e+02 1.888049163818359375e+02
1.200000000000000000e+04 0.000000000000000000e+00 1.334490013122558594e+01 5.048663330078125000e+02 1.888049926757812500e+02 0.000000000000000000e+00 1.334490013122558594e+01 5.048663330078125000e+02 1.888049926757812500e+02
1.300000000000000000e+04 0.000000000000000000e+00 1.334509563446044922e+01 5.048660278320312500e+02 1.888050842285156250e+02 0.000000000000000000e+00 1.334509563446044922e+01 5.048660278320312500e+02 1.888050842285156250e+02
1.400000000000000000e+04 0.000000000000000000e+00 1.329867267608642578e+01 5.049427185058593750e+02 1.887784423828125000e+02 0.000000000000000000e+00 1.329867267608642578e+01 5.049427185058593750e+02 1.887784423828125000e+02
1.500000000000000000e+04 0.000000000000000000e+00 1.308440399169921875e+01 5.053922424316406250e+02 1.886554260253906250e+02 0.000000000000000000e+00 1.308440399169921875e+01 5.053922424316406250e+02 1.886554260253906250e+02
1.600000000000000000e+04 0.000000000000000000e+00 1.338005065917968750e+01 5.048130187988281250e+02 1.888251647949218750e+02 0.000000000000000000e+00 1.338005065917968750e+01 5.048130187988281250e+02 1.888251647949218750e+02
1.700000000000000000e+04 0.000000000000000000e+00 1.333583641052246094e+01 5.048807067871093750e+02 1.887997741699218750e+02 0.000000000000000000e+00 1.333583641052246094e+01 5.048807067871093750e+02 1.887997741699218750e+02
1.800000000000000000e+04 0.000000000000000000e+00 1.334245014190673828e+01 5.048702087402343750e+02 1.888035583496093750e+02 0.000000000000000000e+00 1.334245014190673828e+01 5.048702087402343750e+02 1.888035583496093750e+02
1.900000000000000000e+04 0.000000000000000000e+00 1.334507179260253906e+01 5.048660278320312500e+02 1.888050842285156250e+02 0.000000000000000000e+00 1.334507179260253906e+01 5.048660278320312500e+02 1.888050842285156250e+02
2.000000000000000000e+04 0.000000000000000000e+00 1.667009162902832031e+01 5.129210815429687500e+02 1.907310791015625000e+02 0.000000000000000000e+00 1.667009162902832031e+01 5.129210815429687500e+02 1.907310791015625000e+02
