# step, loss_train, loss_test, metrics_test
0.000000000000000000e+00 9.966049957275390625e+01 1.007653617858886719e+01 0.000000000000000000e+00 2.816443176269531250e+02 9.966049957275390625e+01 1.007653617858886719e+01 0.000000000000000000e+00 2.816443176269531250e+02
1.000000000000000000e+03 2.704348252022342317e+25 2.216328537781043200e+16 0.000000000000000000e+00 1.375163659625431040e+17 2.704348252022342317e+25 2.216328537781043200e+16 0.000000000000000000e+00 1.375163659625431040e+17
2.000000000000000000e+03 2.704360934158892992e+25 1.901735497747660800e+16 0.000000000000000000e+00 1.312539514576568320e+17 2.704360934158892992e+25 1.901735497747660800e+16 0.000000000000000000e+00 1.312539514576568320e+17
3.000000000000000000e+03 3.364172146637868482e+25 2.015598516738457600e+16 0.000000000000000000e+00 1.413215351881072640e+17 3.364172146637868482e+25 2.015598516738457600e+16 0.000000000000000000e+00 1.413215351881072640e+17
4.000000000000000000e+03 2.697908378374059852e+22 6.466772888874312008e+20 0.000000000000000000e+00 9.051712411245456916e+20 2.697908378374059852e+22 6.466772888874312008e+20 0.000000000000000000e+00 9.051712411245456916e+20
5.000000000000000000e+03 3.508729537756816311e+24 3.209906153723673969e+20 0.000000000000000000e+00 4.233170784277128806e+20 3.508729537756816311e+24 3.209906153723673969e+20 0.000000000000000000e+00 4.233170784277128806e+20
6.000000000000000000e+03 3.508818889173423341e+24 3.165992890763323638e+20 0.000000000000000000e+00 4.215577542701550141e+20 3.508818889173423341e+24 3.165992890763323638e+20 0.000000000000000000e+00 4.215577542701550141e+20
7.000000000000000000e+03 3.508838200608625506e+24 3.144722882304462029e+20 0.000000000000000000e+00 4.206794116053294121e+20 3.508838200608625506e+24 3.144722882304462029e+20 0.000000000000000000e+00 4.206794116053294121e+20
8.000000000000000000e+03 3.508827536084707893e+24 3.140782232630512845e+20 0.000000000000000000e+00 4.204933214613515796e+20 3.508827536084707893e+24 3.140782232630512845e+20 0.000000000000000000e+00 4.204933214613515796e+20
9.000000000000000000e+03 3.508835030074487837e+24 3.141342367834167050e+20 0.000000000000000000e+00 4.205031027167922749e+20 3.508835030074487837e+24 3.141342367834167050e+20 0.000000000000000000e+00 4.205031027167922749e+20
1.000000000000000000e+04 4.907985115729090667e+24 3.321616886949436457e+20 0.000000000000000000e+00 4.263066945241009357e+20 4.907985115729090667e+24 3.321616886949436457e+20 0.000000000000000000e+00 4.263066945241009357e+20
1.100000000000000000e+04 4.913182485871858333e+24 3.475924987619426959e+20 0.000000000000000000e+00 4.342684957153385513e+20 4.913182485871858333e+24 3.475924987619426959e+20 0.000000000000000000e+00 4.342684957153385513e+20
1.200000000000000000e+04 4.913051052820333152e+24 3.543775234442972365e+20 0.000000000000000000e+00 4.386817418751849267e+20 4.913051052820333152e+24 3.543775234442972365e+20 0.000000000000000000e+00 4.386817418751849267e+20
1.300000000000000000e+04 4.913071805407416075e+24 3.568124579147048550e+20 0.000000000000000000e+00 4.403969096457713091e+20 4.913071805407416075e+24 3.568124579147048550e+20 0.000000000000000000e+00 4.403969096457713091e+20
1.400000000000000000e+04 4.913076993554186806e+24 3.572881506253458637e+20 0.000000000000000000e+00 4.407183188848027894e+20 4.913076993554186806e+24 3.572881506253458637e+20 0.000000000000000000e+00 4.407183188848027894e+20
1.500000000000000000e+04 4.913081028779452930e+24 3.573067279738087670e+20 0.000000000000000000e+00 4.407196207065700762e+20 4.913081028779452930e+24 3.573067279738087670e+20 0.000000000000000000e+00 4.407196207065700762e+20
1.600000000000000000e+04 4.913090252151489785e+24 3.572181689092611768e+20 0.000000000000000000e+00 4.406553740431358689e+20 4.913090252151489785e+24 3.572181689092611768e+20 0.000000000000000000e+00 4.406553740431358689e+20
1.700000000000000000e+04 4.913090252151489785e+24 3.571732384661037384e+20 0.000000000000000000e+00 4.406230396051862323e+20 4.913090252151489785e+24 3.571732384661037384e+20 0.000000000000000000e+00 4.406230396051862323e+20
1.800000000000000000e+04 4.913094863837508212e+24 3.571568425487103427e+20 0.000000000000000000e+00 4.406084732751414559e+20 4.913094863837508212e+24 3.571568425487103427e+20 0.000000000000000000e+00 4.406084732751414559e+20
1.900000000000000000e+04 4.913097746141269729e+24 3.571371393003405967e+20 0.000000000000000000e+00 4.405913033015621059e+20 4.913097746141269729e+24 3.571371393003405967e+20 0.000000000000000000e+00 4.405913033015621059e+20
2.000000000000000000e+04 4.913098899062774336e+24 3.571380540940149064e+20 0.000000000000000000e+00 4.405869404394230907e+20 4.913098899062774336e+24 3.571380540940149064e+20 0.000000000000000000e+00 4.405869404394230907e+20
