# step, loss_train, loss_test, metrics_test
0.000000000000000000e+00 5.388163160091608006e-08 1.690329742431640625e+02 2.353750390625000000e+04 5.153564453125000000e+02 5.388163160091608006e-08 1.690329742431640625e+02 2.353750390625000000e+04 5.153564453125000000e+02
1.000000000000000000e+03 4.698764399790889001e-08 8.843711090087890625e+01 1.440900097656250000e+04 4.523546142578125000e+02 4.698764399790889001e-08 8.843711090087890625e+01 1.440900097656250000e+04 4.523546142578125000e+02
2.000000000000000000e+03 3.545922311332105892e-08 4.325846099853515625e+01 8.740599609375000000e+03 4.168061523437500000e+02 3.545922311332105892e-08 4.325846099853515625e+01 8.740599609375000000e+03 4.168061523437500000e+02
3.000000000000000000e+03 2.505310270350946666e-08 2.147507095336914062e+01 5.397172851562500000e+03 3.994090270996093750e+02 2.505310270350946666e-08 2.147507095336914062e+01 5.397172851562500000e+03 3.994090270996093750e+02
4.000000000000000000e+03 1.990030540355292032e-08 1.530373859405517578e+01 3.699979736328125000e+03 3.941645202636718750e+02 1.990030540355292032e-08 1.530373859405517578e+01 3.699979736328125000e+03 3.941645202636718750e+02
5.000000000000000000e+03 2.235203488964998542e-08 1.743677902221679688e+01 3.061349121093750000e+03 3.954613037109375000e+02 2.235203488964998542e-08 1.743677902221679688e+01 3.061349121093750000e+03 3.954613037109375000e+02
6.000000000000000000e+03 3.558411520998561173e-08 2.099703788757324219e+01 2.921462890625000000e+03 3.980157165527343750e+02 3.558411520998561173e-08 2.099703788757324219e+01 2.921462890625000000e+03 3.980157165527343750e+02
7.000000000000000000e+03 6.276325592580178636e-08 2.250632858276367188e+01 2.908642822265625000e+03 3.991182556152343750e+02 6.276325592580178636e-08 2.250632858276367188e+01 2.908642822265625000e+03 3.991182556152343750e+02
8.000000000000000000e+03 1.125636828192000394e-07 2.270789337158203125e+01 2.908014892578125000e+03 3.992659301757812500e+02 1.125636828192000394e-07 2.270789337158203125e+01 2.908014892578125000e+03 3.992659301757812500e+02
9.000000000000000000e+03 2.039465556435970939e-07 2.271238899230957031e+01 2.907734375000000000e+03 3.992692565917968750e+02 2.039465556435970939e-07 2.271238899230957031e+01 2.907734375000000000e+03 3.992692565917968750e+02
1.000000000000000000e+04 4.684833641022123629e-07 2.271071243286132812e+01 2.907206054687500000e+03 3.992682495117187500e+02 4.684833641022123629e-07 2.271071243286132812e+01 2.907206054687500000e+03 3.992682495117187500e+02
1.100000000000000000e+04 1.640870891606027726e-06 2.270709228515625000e+01 2.906131347656250000e+03 3.992662353515625000e+02 1.640870891606027726e-06 2.270709228515625000e+01 2.906131347656250000e+03 3.992662353515625000e+02
1.200000000000000000e+04 8.590649485995527357e-06 2.270018005371093750e+01 2.903782958984375000e+03 3.992626953125000000e+02 8.590649485995527357e-06 2.270018005371093750e+01 2.903782958984375000e+03 3.992626953125000000e+02
1.300000000000000000e+04 5.639035589410923421e-05 2.268740272521972656e+01 2.898195800781250000e+03 3.992578125000000000e+02 5.639035589410923421e-05 2.268740272521972656e+01 2.898195800781250000e+03 3.992578125000000000e+02
1.400000000000000000e+04 4.453319997992366552e-04 2.265777397155761719e+01 2.883568603515625000e+03 3.992486267089843750e+02 4.453319997992366552e-04 2.265777397155761719e+01 2.883568603515625000e+03 3.992486267089843750e+02
1.500000000000000000e+04 4.301471170037984848e-03 2.258123207092285156e+01 2.841098632812500000e+03 3.992292480468750000e+02 4.301471170037984848e-03 2.258123207092285156e+01 2.841098632812500000e+03 3.992292480468750000e+02
1.600000000000000000e+04 3.988835215568542480e-02 2.242376899719238281e+01 2.721744384765625000e+03 3.992117309570312500e+02 3.988835215568542480e-02 2.242376899719238281e+01 2.721744384765625000e+03 3.992117309570312500e+02
1.700000000000000000e+04 2.535523772239685059e-01 2.236898803710937500e+01 2.462843994140625000e+03 3.993828125000000000e+02 2.535523772239685059e-01 2.236898803710937500e+01 2.462843994140625000e+03 3.993828125000000000e+02
1.800000000000000000e+04 8.799194693565368652e-01 2.327062225341796875e+01 2.085594726562500000e+03 4.004382629394531250e+02 8.799194693565368652e-01 2.327062225341796875e+01 2.085594726562500000e+03 4.004382629394531250e+02
1.900000000000000000e+04 1.696832060813903809e+00 2.629304695129394531e+01 1.743343505859375000e+03 4.033486938476562500e+02 1.696832060813903809e+00 2.629304695129394531e+01 1.743343505859375000e+03 4.033486938476562500e+02
2.000000000000000000e+04 1.346500039100646973e+00 3.003777694702148438e+01 1.578969726562500000e+03 4.071142578125000000e+02 1.346500039100646973e+00 3.003777694702148438e+01 1.578969726562500000e+03 4.071142578125000000e+02
