# step, loss_train, loss_test, metrics_test
0.000000000000000000e+00 1.985187109375000000e+04 2.656751441955566406e+01 7.504496582031250000e+03 4.984436645507812500e+02 1.985187109375000000e+04 2.656751441955566406e+01 7.504496582031250000e+03 4.984436645507812500e+02
1.000000000000000000e+03 4.390150833129882812e+01 3.934346008300781250e+01 2.879537391662597656e+01 4.131748657226562500e+02 4.390150833129882812e+01 3.934346008300781250e+01 2.879537391662597656e+01 4.131748657226562500e+02
2.000000000000000000e+03 1.496229171752929688e+01 3.954259490966796875e+01 6.570034027099609375e+00 3.871036987304687500e+02 1.496229171752929688e+01 3.954259490966796875e+01 6.570034027099609375e+00 3.871036987304687500e+02
3.000000000000000000e+03 8.628055572509765625e+00 3.817936706542968750e+01 3.390708923339843750e+00 3.759191284179687500e+02 8.628055572509765625e+00 3.817936706542968750e+01 3.390708923339843750e+00 3.759191284179687500e+02
4.000000000000000000e+03 6.031766414642333984e+00 3.026002693176269531e+01 2.487232446670532227e+00 3.691349487304687500e+02 6.031766414642333984e+00 3.026002693176269531e+01 2.487232446670532227e+00 3.691349487304687500e+02
5.000000000000000000e+03 4.440978527069091797e+00 2.062231445312500000e+01 1.820923089981079102e+00 3.655664367675781250e+02 4.440978527069091797e+00 2.062231445312500000e+01 1.820923089981079102e+00 3.655664367675781250e+02
6.000000000000000000e+03 4.658037185668945312e+00 1.437217044830322266e+01 1.219944834709167480e+00 3.584558105468750000e+02 4.658037185668945312e+00 1.437217044830322266e+01 1.219944834709167480e+00 3.584558105468750000e+02
7.000000000000000000e+03 5.087702751159667969e+00 1.151610660552978516e+01 1.141788125038146973e+00 3.422417602539062500e+02 5.087702751159667969e+00 1.151610660552978516e+01 1.141788125038146973e+00 3.422417602539062500e+02
8.000000000000000000e+03 1.248738479614257812e+01 1.706104278564453125e+01 1.042660593986511230e+00 2.549545440673828125e+02 1.248738479614257812e+01 1.706104278564453125e+01 1.042660593986511230e+00 2.549545440673828125e+02
9.000000000000000000e+03 2.230209350585937500e+01 8.293751716613769531e+00 2.070267200469970703e+00 9.973707580566406250e+01 2.230209350585937500e+01 8.293751716613769531e+00 2.070267200469970703e+00 9.973707580566406250e+01
1.000000000000000000e+04 1.229375267028808594e+01 2.809662580490112305e+00 1.007232904434204102e+00 2.189662551879882812e+01 1.229375267028808594e+01 2.809662580490112305e+00 1.007232904434204102e+00 2.189662551879882812e+01
1.100000000000000000e+04 6.077834129333496094e+00 1.606234431266784668e+00 3.957633674144744873e-01 9.097383499145507812e+00 6.077834129333496094e+00 1.606234431266784668e+00 3.957633674144744873e-01 9.097383499145507812e+00
1.200000000000000000e+04 3.788743495941162109e+00 1.351464867591857910e+00 1.914583891630172729e-01 6.526038169860839844e+00 3.788743495941162109e+00 1.351464867591857910e+00 1.914583891630172729e-01 6.526038169860839844e+00
1.300000000000000000e+04 2.980381250381469727e+00 1.276695966720581055e+00 5.033455848693847656e+00 5.488203525543212891e+00 2.980381250381469727e+00 1.276695966720581055e+00 5.033455848693847656e+00 5.488203525543212891e+00
1.400000000000000000e+04 2.264934539794921875e+00 1.197602033615112305e+00 7.703579962253570557e-02 4.809574127197265625e+00 2.264934539794921875e+00 1.197602033615112305e+00 7.703579962253570557e-02 4.809574127197265625e+00
1.500000000000000000e+04 2.333724021911621094e+00 1.148098707199096680e+00 1.979141116142272949e+00 4.373366832733154297e+00 2.333724021911621094e+00 1.148098707199096680e+00 1.979141116142272949e+00 4.373366832733154297e+00
1.600000000000000000e+04 1.727894306182861328e+00 1.111909389495849609e+00 4.910312965512275696e-02 4.123503684997558594e+00 1.727894306182861328e+00 1.111909389495849609e+00 4.910312965512275696e-02 4.123503684997558594e+00
1.700000000000000000e+04 1.787251710891723633e+00 1.086872577667236328e+00 5.253956317901611328e-01 3.923270702362060547e+00 1.787251710891723633e+00 1.086872577667236328e+00 5.253956317901611328e-01 3.923270702362060547e+00
1.800000000000000000e+04 1.441031455993652344e+00 1.051845192909240723e+00 3.980901837348937988e-02 3.740950107574462891e+00 1.441031455993652344e+00 1.051845192909240723e+00 3.980901837348937988e-02 3.740950107574462891e+00
1.900000000000000000e+04 1.337655186653137207e+00 1.027838110923767090e+00 3.864683583378791809e-02 3.599672317504882812e+00 1.337655186653137207e+00 1.027838110923767090e+00 3.864683583378791809e-02 3.599672317504882812e+00
2.000000000000000000e+04 1.254164695739746094e+00 1.007407307624816895e+00 3.707249090075492859e-02 3.484178066253662109e+00 1.254164695739746094e+00 1.007407307624816895e+00 3.707249090075492859e-02 3.484178066253662109e+00
