# step, loss_train, loss_test, metrics_test
0.000000000000000000e+00 0.000000000000000000e+00 2.215471839904785156e+01 4.516730957031250000e+03 1.139143829345703125e+02 0.000000000000000000e+00 2.215471839904785156e+01 4.516730957031250000e+03 1.139143829345703125e+02
1.000000000000000000e+03 0.000000000000000000e+00 9.792140007019042969e+00 1.948944335937500000e+03 1.096669845581054688e+02 0.000000000000000000e+00 9.792140007019042969e+00 1.948944335937500000e+03 1.096669845581054688e+02
2.000000000000000000e+03 0.000000000000000000e+00 9.862668991088867188e+00 1.932532592773437500e+03 1.096869125366210938e+02 0.000000000000000000e+00 9.862668991088867188e+00 1.932532592773437500e+03 1.096869125366210938e+02
3.000000000000000000e+03 0.000000000000000000e+00 9.999195098876953125e+00 1.906019042968750000e+03 1.097265472412109375e+02 0.000000000000000000e+00 9.999195098876953125e+00 1.906019042968750000e+03 1.097265472412109375e+02
4.000000000000000000e+03 0.000000000000000000e+00 1.025140476226806641e+01 1.868502929687500000e+03 1.098020401000976562e+02 0.000000000000000000e+00 1.025140476226806641e+01 1.868502929687500000e+03 1.098020401000976562e+02
5.000000000000000000e+03 0.000000000000000000e+00 1.069818592071533203e+01 1.822274780273437500e+03 1.099397430419921875e+02 0.000000000000000000e+00 1.069818592071533203e+01 1.822274780273437500e+03 1.099397430419921875e+02
6.000000000000000000e+03 0.000000000000000000e+00 1.142136287689208984e+01 1.775618896484375000e+03 1.101682281494140625e+02 0.000000000000000000e+00 1.142136287689208984e+01 1.775618896484375000e+03 1.101682281494140625e+02
7.000000000000000000e+03 0.000000000000000000e+00 1.239962959289550781e+01 1.741096801757812500e+03 1.104829635620117188e+02 0.000000000000000000e+00 1.239962959289550781e+01 1.741096801757812500e+03 1.104829635620117188e+02
8.000000000000000000e+03 0.000000000000000000e+00 1.336870002746582031e+01 1.725274291992187500e+03 1.107983779907226562e+02 0.000000000000000000e+00 1.336870002746582031e+01 1.725274291992187500e+03 1.107983779907226562e+02
9.000000000000000000e+03 0.000000000000000000e+00 1.395503044128417969e+01 1.721631103515625000e+03 1.109903869628906250e+02 0.000000000000000000e+00 1.395503044128417969e+01 1.721631103515625000e+03 1.109903869628906250e+02
1.000000000000000000e+04 0.000000000000000000e+00 1.412443828582763672e+01 1.721243408203125000e+03 1.110460052490234375e+02 0.000000000000000000e+00 1.412443828582763672e+01 1.721243408203125000e+03 1.110460052490234375e+02
1.100000000000000000e+04 0.000000000000000000e+00 1.414069938659667969e+01 1.721220458984375000e+03 1.110513458251953125e+02 0.000000000000000000e+00 1.414069938659667969e+01 1.721220458984375000e+03 1.110513458251953125e+02
1.200000000000000000e+04 0.000000000000000000e+00 1.414091491699218750e+01 1.721220336914062500e+03 1.110514144897460938e+02 0.000000000000000000e+00 1.414091491699218750e+01 1.721220336914062500e+03 1.110514144897460938e+02
1.300000000000000000e+04 0.000000000000000000e+00 1.414095115661621094e+01 1.721220092773437500e+03 1.110514144897460938e+02 0.000000000000000000e+00 1.414095115661621094e+01 1.721220092773437500e+03 1.110514144897460938e+02
1.400000000000000000e+04 0.000000000000000000e+00 1.414097118377685547e+01 1.721220092773437500e+03 1.110514373779296875e+02 0.000000000000000000e+00 1.414097118377685547e+01 1.721220092773437500e+03 1.110514373779296875e+02
1.500000000000000000e+04 0.000000000000000000e+00 1.414098358154296875e+01 1.721220092773437500e+03 1.110514373779296875e+02 0.000000000000000000e+00 1.414098358154296875e+01 1.721220092773437500e+03 1.110514373779296875e+02
1.600000000000000000e+04 0.000000000000000000e+00 1.414099216461181641e+01 1.721220092773437500e+03 1.110514373779296875e+02 0.000000000000000000e+00 1.414099216461181641e+01 1.721220092773437500e+03 1.110514373779296875e+02
1.700000000000000000e+04 0.000000000000000000e+00 1.414099693298339844e+01 1.721220092773437500e+03 1.110514373779296875e+02 0.000000000000000000e+00 1.414099693298339844e+01 1.721220092773437500e+03 1.110514373779296875e+02
1.800000000000000000e+04 0.000000000000000000e+00 1.414099979400634766e+01 1.721220092773437500e+03 1.110514373779296875e+02 0.000000000000000000e+00 1.414099979400634766e+01 1.721220092773437500e+03 1.110514373779296875e+02
1.900000000000000000e+04 0.000000000000000000e+00 1.414100360870361328e+01 1.721220092773437500e+03 1.110514373779296875e+02 0.000000000000000000e+00 1.414100360870361328e+01 1.721220092773437500e+03 1.110514373779296875e+02
2.000000000000000000e+04 0.000000000000000000e+00 1.414100360870361328e+01 1.721219970703125000e+03 1.110514373779296875e+02 0.000000000000000000e+00 1.414100360870361328e+01 1.721219970703125000e+03 1.110514373779296875e+02
