# step, loss_train, loss_test, metrics_test
0.000000000000000000e+00 3.054779296875000000e+03 3.570133209228515625e+01 0.000000000000000000e+00 8.725076293945312500e+01 3.054779296875000000e+03 3.570133209228515625e+01 0.000000000000000000e+00 8.725076293945312500e+01
1.000000000000000000e+03 3.248771362304687500e+02 3.557816314697265625e+01 0.000000000000000000e+00 8.448126220703125000e+01 3.248771362304687500e+02 3.557816314697265625e+01 0.000000000000000000e+00 8.448126220703125000e+01
2.000000000000000000e+03 1.060885772705078125e+02 2.889985656738281250e+01 0.000000000000000000e+00 8.222225952148437500e+01 1.060885772705078125e+02 2.889985656738281250e+01 0.000000000000000000e+00 8.222225952148437500e+01
3.000000000000000000e+03 4.514135360717773438e+01 2.272417831420898438e+01 0.000000000000000000e+00 8.043441009521484375e+01 4.514135360717773438e+01 2.272417831420898438e+01 0.000000000000000000e+00 8.043441009521484375e+01
4.000000000000000000e+03 1.777997779846191406e+01 1.819655609130859375e+01 0.000000000000000000e+00 7.912561798095703125e+01 1.777997779846191406e+01 1.819655609130859375e+01 0.000000000000000000e+00 7.912561798095703125e+01
5.000000000000000000e+03 6.196638584136962891e+00 1.527507209777832031e+01 0.000000000000000000e+00 7.822840881347656250e+01 6.196638584136962891e+00 1.527507209777832031e+01 0.000000000000000000e+00 7.822840881347656250e+01
6.000000000000000000e+03 3.114839792251586914e+00 1.363015937805175781e+01 0.000000000000000000e+00 7.769401550292968750e+01 3.114839792251586914e+00 1.363015937805175781e+01 0.000000000000000000e+00 7.769401550292968750e+01
7.000000000000000000e+03 2.379336595535278320e+00 1.285227489471435547e+01 0.000000000000000000e+00 7.743485260009765625e+01 2.379336595535278320e+00 1.285227489471435547e+01 0.000000000000000000e+00 7.743485260009765625e+01
8.000000000000000000e+03 1.933025121688842773e+00 1.257850837707519531e+01 0.000000000000000000e+00 7.732442474365234375e+01 1.933025121688842773e+00 1.257850837707519531e+01 0.000000000000000000e+00 7.732442474365234375e+01
9.000000000000000000e+03 1.527494311332702637e+00 1.246794319152832031e+01 0.000000000000000000e+00 7.726358795166015625e+01 1.527494311332702637e+00 1.246794319152832031e+01 0.000000000000000000e+00 7.726358795166015625e+01
1.000000000000000000e+04 1.195602416992187500e+00 1.238157176971435547e+01 0.000000000000000000e+00 7.721312713623046875e+01 1.195602416992187500e+00 1.238157176971435547e+01 0.000000000000000000e+00 7.721312713623046875e+01
1.100000000000000000e+04 9.290359020233154297e-01 1.229730510711669922e+01 0.000000000000000000e+00 7.716120910644531250e+01 9.290359020233154297e-01 1.229730510711669922e+01 0.000000000000000000e+00 7.716120910644531250e+01
1.200000000000000000e+04 7.255349755287170410e-01 1.220322418212890625e+01 0.000000000000000000e+00 7.709951782226562500e+01 7.255349755287170410e-01 1.220322418212890625e+01 0.000000000000000000e+00 7.709951782226562500e+01
1.300000000000000000e+04 5.723220705986022949e-01 1.206643104553222656e+01 0.000000000000000000e+00 7.702294921875000000e+01 5.723220705986022949e-01 1.206643104553222656e+01 0.000000000000000000e+00 7.702294921875000000e+01
1.400000000000000000e+04 4.742502570152282715e-01 1.181936168670654297e+01 0.000000000000000000e+00 7.693611145019531250e+01 4.742502570152282715e-01 1.181936168670654297e+01 0.000000000000000000e+00 7.693611145019531250e+01
1.500000000000000000e+04 4.678094983100891113e-01 1.121687602996826172e+01 0.000000000000000000e+00 7.686632537841796875e+01 4.678094983100891113e-01 1.121687602996826172e+01 0.000000000000000000e+00 7.686632537841796875e+01
1.600000000000000000e+04 5.460323095321655273e-01 9.516732215881347656e+00 0.000000000000000000e+00 7.688035583496093750e+01 5.460323095321655273e-01 9.516732215881347656e+00 0.000000000000000000e+00 7.688035583496093750e+01
1.700000000000000000e+04 6.304868459701538086e-01 6.822878360748291016e+00 0.000000000000000000e+00 7.707569122314453125e+01 6.304868459701538086e-01 6.822878360748291016e+00 0.000000000000000000e+00 7.707569122314453125e+01
1.800000000000000000e+04 5.472275614738464355e-01 5.074276447296142578e+00 0.000000000000000000e+00 7.725279235839843750e+01 5.472275614738464355e-01 5.074276447296142578e+00 0.000000000000000000e+00 7.725279235839843750e+01
1.900000000000000000e+04 4.447838664054870605e-01 4.343924522399902344e+00 0.000000000000000000e+00 7.729579162597656250e+01 4.447838664054870605e-01 4.343924522399902344e+00 0.000000000000000000e+00 7.729579162597656250e+01
2.000000000000000000e+04 3.788916170597076416e-01 4.001806735992431641e+00 0.000000000000000000e+00 7.719583129882812500e+01 3.788916170597076416e-01 4.001806735992431641e+00 0.000000000000000000e+00 7.719583129882812500e+01
