# step, loss_train, loss_test, metrics_test
0.000000000000000000e+00 2.381107421875000000e+04 1.194032478332519531e+01 3.506134277343750000e+03 3.923296813964843750e+02 2.381107421875000000e+04 1.194032478332519531e+01 3.506134277343750000e+03 3.923296813964843750e+02
1.000000000000000000e+03 5.382766723632812500e+01 2.827014732360839844e+01 4.400888061523437500e+02 3.842731933593750000e+02 5.382766723632812500e+01 2.827014732360839844e+01 4.400888061523437500e+02 3.842731933593750000e+02
2.000000000000000000e+03 3.175352478027343750e+01 4.650134658813476562e+01 3.252085876464843750e+01 3.992603759765625000e+02 3.175352478027343750e+01 4.650134658813476562e+01 3.252085876464843750e+01 3.992603759765625000e+02
3.000000000000000000e+03 1.710463523864746094e+01 4.697719192504882812e+01 1.231651878356933594e+01 3.874148559570312500e+02 1.710463523864746094e+01 4.697719192504882812e+01 1.231651878356933594e+01 3.874148559570312500e+02
4.000000000000000000e+03 1.144666290283203125e+01 4.735651397705078125e+01 6.711228370666503906e+00 3.714275817871093750e+02 1.144666290283203125e+01 4.735651397705078125e+01 6.711228370666503906e+00 3.714275817871093750e+02
5.000000000000000000e+03 8.089713096618652344e+00 4.687408447265625000e+01 3.831389427185058594e+00 3.574190979003906250e+02 8.089713096618652344e+00 4.687408447265625000e+01 3.831389427185058594e+00 3.574190979003906250e+02
6.000000000000000000e+03 6.063736915588378906e+00 4.158124542236328125e+01 2.408184289932250977e+00 3.469370727539062500e+02 6.063736915588378906e+00 4.158124542236328125e+01 2.408184289932250977e+00 3.469370727539062500e+02
7.000000000000000000e+03 4.970140457153320312e+00 3.143050765991210938e+01 1.749088644981384277e+00 3.378790283203125000e+02 4.970140457153320312e+00 3.143050765991210938e+01 1.749088644981384277e+00 3.378790283203125000e+02
8.000000000000000000e+03 5.000605583190917969e+00 2.192146682739257812e+01 1.760823130607604980e+00 3.283294677734375000e+02 5.000605583190917969e+00 2.192146682739257812e+01 1.760823130607604980e+00 3.283294677734375000e+02
9.000000000000000000e+03 4.430642127990722656e+00 1.889033317565917969e+01 1.689677715301513672e+00 3.215843200683593750e+02 4.430642127990722656e+00 1.889033317565917969e+01 1.689677715301513672e+00 3.215843200683593750e+02
1.000000000000000000e+04 4.106637001037597656e+00 1.852502250671386719e+01 1.608490467071533203e+00 3.150117187500000000e+02 4.106637001037597656e+00 1.852502250671386719e+01 1.608490467071533203e+00 3.150117187500000000e+02
1.100000000000000000e+04 4.922287464141845703e+00 1.869906425476074219e+01 1.644956588745117188e+00 3.051353759765625000e+02 4.922287464141845703e+00 1.869906425476074219e+01 1.644956588745117188e+00 3.051353759765625000e+02
1.200000000000000000e+04 8.093419075012207031e+00 1.941028594970703125e+01 1.825166344642639160e+00 2.862957153320312500e+02 8.093419075012207031e+00 1.941028594970703125e+01 1.825166344642639160e+00 2.862957153320312500e+02
1.300000000000000000e+04 1.545920562744140625e+01 1.999095535278320312e+01 2.191342353820800781e+00 2.534553833007812500e+02 1.545920562744140625e+01 1.999095535278320312e+01 2.191342353820800781e+00 2.534553833007812500e+02
1.400000000000000000e+04 2.414086532592773438e+01 1.942692375183105469e+01 2.740228891372680664e+00 2.182698822021484375e+02 2.414086532592773438e+01 1.942692375183105469e+01 2.740228891372680664e+00 2.182698822021484375e+02
1.500000000000000000e+04 3.239617538452148438e+01 1.789527893066406250e+01 2.772764921188354492e+00 1.897970886230468750e+02 3.239617538452148438e+01 1.789527893066406250e+01 2.772764921188354492e+00 1.897970886230468750e+02
1.600000000000000000e+04 4.030744552612304688e+01 1.612152290344238281e+01 2.767152070999145508e+00 1.595523681640625000e+02 4.030744552612304688e+01 1.612152290344238281e+01 2.767152070999145508e+00 1.595523681640625000e+02
1.700000000000000000e+04 5.071508026123046875e+01 1.344471931457519531e+01 2.853049516677856445e+00 1.376074981689453125e+02 5.071508026123046875e+01 1.344471931457519531e+01 2.853049516677856445e+00 1.376074981689453125e+02
1.800000000000000000e+04 5.129568481445312500e+01 1.180905723571777344e+01 2.748013734817504883e+00 1.180279159545898438e+02 5.129568481445312500e+01 1.180905723571777344e+01 2.748013734817504883e+00 1.180279159545898438e+02
1.900000000000000000e+04 5.190267944335937500e+01 9.961183547973632812e+00 3.361254930496215820e+00 9.945043945312500000e+01 5.190267944335937500e+01 9.961183547973632812e+00 3.361254930496215820e+00 9.945043945312500000e+01
2.000000000000000000e+04 6.117433547973632812e+01 8.687307357788085938e+00 2.956008434295654297e+00 8.588960266113281250e+01 6.117433547973632812e+01 8.687307357788085938e+00 2.956008434295654297e+00 8.588960266113281250e+01
