# step, loss_train, loss_test, metrics_test
0.000000000000000000e+00 5.559188476562500000e+03 3.983225631713867188e+01 9.584390625000000000e+03 1.759465637207031250e+02 5.559188476562500000e+03 3.983225631713867188e+01 9.584390625000000000e+03 1.759465637207031250e+02
1.000000000000000000e+03 2.472063636779785156e+01 2.508547401428222656e+01 2.461997413635253906e+01 1.499698028564453125e+02 2.472063636779785156e+01 2.508547401428222656e+01 2.461997413635253906e+01 1.499698028564453125e+02
2.000000000000000000e+03 2.945791959762573242e+00 1.185814666748046875e+01 7.791433334350585938e-01 1.544510955810546875e+02 2.945791959762573242e+00 1.185814666748046875e+01 7.791433334350585938e-01 1.544510955810546875e+02
3.000000000000000000e+03 4.245545387268066406e+00 9.061381340026855469e+00 3.062848329544067383e+00 1.504238433837890625e+02 4.245545387268066406e+00 9.061381340026855469e+00 3.062848329544067383e+00 1.504238433837890625e+02
4.000000000000000000e+03 4.798871517181396484e+00 6.844795227050781250e+00 7.705282568931579590e-01 1.473317413330078125e+02 4.798871517181396484e+00 6.844795227050781250e+00 7.705282568931579590e-01 1.473317413330078125e+02
5.000000000000000000e+03 3.361276626586914062e+00 6.295025825500488281e+00 1.149186491966247559e+00 1.491637725830078125e+02 3.361276626586914062e+00 6.295025825500488281e+00 1.149186491966247559e+00 1.491637725830078125e+02
6.000000000000000000e+03 2.049882403635200000e+13 1.056780242919921875e+01 1.576085156250000000e+05 1.611317596435546875e+02 2.049882403635200000e+13 1.056780242919921875e+01 1.576085156250000000e+05 1.611317596435546875e+02
7.000000000000000000e+03 2.597195612160000000e+12 1.653820991516113281e+01 1.015108398437500000e+04 1.638055572509765625e+02 2.597195612160000000e+12 1.653820991516113281e+01 1.015108398437500000e+04 1.638055572509765625e+02
8.000000000000000000e+03 1.065471901696000000e+12 1.575526523590087891e+01 3.572433593750000000e+03 1.634405517578125000e+02 1.065471901696000000e+12 1.575526523590087891e+01 3.572433593750000000e+03 1.634405517578125000e+02
9.000000000000000000e+03 5.224019394560000000e+11 1.525980854034423828e+01 2.690817138671875000e+03 1.632117614746093750e+02 5.224019394560000000e+11 1.525980854034423828e+01 2.690817138671875000e+03 1.632117614746093750e+02
1.000000000000000000e+04 2.691039559680000000e+11 1.506477355957031250e+01 2.410475341796875000e+03 1.631219635009765625e+02 2.691039559680000000e+11 1.506477355957031250e+01 2.410475341796875000e+03 1.631219635009765625e+02
1.100000000000000000e+04 2.640727506944000000e+12 1.445396995544433594e+01 7.793956054687500000e+03 1.628613128662109375e+02 2.640727506944000000e+12 1.445396995544433594e+01 7.793956054687500000e+03 1.628613128662109375e+02
1.200000000000000000e+04 3.015850065920000000e+11 1.595997619628906250e+01 2.787044677734375000e+03 1.635339202880859375e+02 3.015850065920000000e+11 1.595997619628906250e+01 2.787044677734375000e+03 1.635339202880859375e+02
1.300000000000000000e+04 3.025283973120000000e+11 1.317632007598876953e+01 3.743208984375000000e+03 1.622590026855468750e+02 3.025283973120000000e+11 1.317632007598876953e+01 3.743208984375000000e+03 1.622590026855468750e+02
1.400000000000000000e+04 7.279732064256000000e+12 1.555423450469970703e+01 3.354476953125000000e+04 1.633669433593750000e+02 7.279732064256000000e+12 1.555423450469970703e+01 3.354476953125000000e+04 1.633669433593750000e+02
1.500000000000000000e+04 1.299838320640000000e+11 1.453486251831054688e+01 2.070521972656250000e+03 1.628815765380859375e+02 1.299838320640000000e+11 1.453486251831054688e+01 2.070521972656250000e+03 1.628815765380859375e+02
1.600000000000000000e+04 5.132203212800000000e+10 1.664794540405273438e+01 2.255362060546875000e+03 1.638530273437500000e+02 5.132203212800000000e+10 1.664794540405273438e+01 2.255362060546875000e+03 1.638530273437500000e+02
1.700000000000000000e+04 2.252989399040000000e+11 1.592256927490234375e+01 3.323471679687500000e+03 1.635189819335937500e+02 2.252989399040000000e+11 1.592256927490234375e+01 3.323471679687500000e+03 1.635189819335937500e+02
1.800000000000000000e+04 7.166224384000000000e+09 1.432574939727783203e+01 2.342733642578125000e+03 1.627850341796875000e+02 7.166224384000000000e+09 1.432574939727783203e+01 2.342733642578125000e+03 1.627850341796875000e+02
1.900000000000000000e+04 1.885016576000000000e+09 1.492157554626464844e+01 2.194293945312500000e+03 1.630564422607421875e+02 1.885016576000000000e+09 1.492157554626464844e+01 2.194293945312500000e+03 1.630564422607421875e+02
2.000000000000000000e+04 1.839621120000000000e+08 1.478827762603759766e+01 2.226728027343750000e+03 1.629959869384765625e+02 1.839621120000000000e+08 1.478827762603759766e+01 2.226728027343750000e+03 1.629959869384765625e+02
