# step, loss_train, loss_test, metrics_test
0.000000000000000000e+00 6.368615234375000000e+03 1.246349029541015625e+02 1.248963574218750000e+04 3.635475158691406250e+01 6.368615234375000000e+03 1.246349029541015625e+02 1.248963574218750000e+04 3.635475158691406250e+01
1.000000000000000000e+03 1.504881286621093750e+01 2.335670089721679688e+01 2.600470066070556641e+00 3.650863647460937500e+01 1.504881286621093750e+01 2.335670089721679688e+01 2.600470066070556641e+00 3.650863647460937500e+01
2.000000000000000000e+03 1.897820091247558594e+01 2.906282043457031250e+01 1.378278045654296875e+02 3.741934967041015625e+01 1.897820091247558594e+01 2.906282043457031250e+01 1.378278045654296875e+02 3.741934967041015625e+01
3.000000000000000000e+03 7.645696640014648438e+00 3.300416564941406250e+01 6.354512786865234375e+01 3.903982925415039062e+01 7.645696640014648438e+00 3.300416564941406250e+01 6.354512786865234375e+01 3.903982925415039062e+01
4.000000000000000000e+03 8.674918174743652344e+00 7.397823333740234375e+01 1.328194713592529297e+01 4.056359481811523438e+01 8.674918174743652344e+00 7.397823333740234375e+01 1.328194713592529297e+01 4.056359481811523438e+01
5.000000000000000000e+03 7.248278617858886719e+00 3.784042358398437500e+01 4.961330566406250000e+02 3.805735778808593750e+01 7.248278617858886719e+00 3.784042358398437500e+01 4.961330566406250000e+02 3.805735778808593750e+01
6.000000000000000000e+03 1.225507259368896484e+01 5.564812469482421875e+01 1.049984836578369141e+01 3.892099761962890625e+01 1.225507259368896484e+01 5.564812469482421875e+01 1.049984836578369141e+01 3.892099761962890625e+01
7.000000000000000000e+03 8.739781379699707031e+00 9.168646240234375000e+01 1.136643432617187500e+03 4.117391204833984375e+01 8.739781379699707031e+00 9.168646240234375000e+01 1.136643432617187500e+03 4.117391204833984375e+01
8.000000000000000000e+03 4.921926975250244141e+00 5.093704605102539062e+01 2.831234550476074219e+01 3.848717498779296875e+01 4.921926975250244141e+00 5.093704605102539062e+01 2.831234550476074219e+01 3.848717498779296875e+01
9.000000000000000000e+03 2.252682113647460938e+01 9.806078338623046875e+01 1.471618750000000000e+04 4.084725189208984375e+01 2.252682113647460938e+01 9.806078338623046875e+01 1.471618750000000000e+04 4.084725189208984375e+01
1.000000000000000000e+04 8.555887222290039062e+00 1.725791931152343750e+01 3.519992675781250000e+02 3.797950744628906250e+01 8.555887222290039062e+00 1.725791931152343750e+01 3.519992675781250000e+02 3.797950744628906250e+01
1.100000000000000000e+04 6.414913177490234375e+00 6.167113304138183594e+00 1.687836914062500000e+02 3.647930145263671875e+01 6.414913177490234375e+00 6.167113304138183594e+00 1.687836914062500000e+02 3.647930145263671875e+01
1.200000000000000000e+04 3.854698562622070312e+01 3.636145782470703125e+01 2.162056152343750000e+03 3.864636611938476562e+01 3.854698562622070312e+01 3.636145782470703125e+01 2.162056152343750000e+03 3.864636611938476562e+01
1.300000000000000000e+04 1.588050937652587891e+01 1.415388584136962891e+01 6.293750610351562500e+02 3.633807754516601562e+01 1.588050937652587891e+01 1.415388584136962891e+01 6.293750610351562500e+02 3.633807754516601562e+01
1.400000000000000000e+04 6.354834556579589844e+00 1.032643127441406250e+01 3.262226257324218750e+02 3.682738113403320312e+01 6.354834556579589844e+00 1.032643127441406250e+01 3.262226257324218750e+02 3.682738113403320312e+01
1.500000000000000000e+04 7.613893032073974609e+00 1.133011531829833984e+01 1.867246627807617188e+01 3.743294143676757812e+01 7.613893032073974609e+00 1.133011531829833984e+01 1.867246627807617188e+01 3.743294143676757812e+01
1.600000000000000000e+04 7.314486980438232422e+00 9.497942924499511719e+00 1.974807548522949219e+01 3.687087249755859375e+01 7.314486980438232422e+00 9.497942924499511719e+00 1.974807548522949219e+01 3.687087249755859375e+01
1.700000000000000000e+04 7.206725597381591797e+00 6.307511329650878906e+00 1.356889953613281250e+02 3.676108169555664062e+01 7.206725597381591797e+00 6.307511329650878906e+00 1.356889953613281250e+02 3.676108169555664062e+01
1.800000000000000000e+04 3.184563636779785156e+01 3.083653564453125000e+02 3.069417773437500000e+04 5.355167388916015625e+01 3.184563636779785156e+01 3.083653564453125000e+02 3.069417773437500000e+04 5.355167388916015625e+01
1.900000000000000000e+04 1.791032075881958008e+00 4.188020706176757812e+00 2.833288955688476562e+01 3.782499313354492188e+01 1.791032075881958008e+00 4.188020706176757812e+00 2.833288955688476562e+01 3.782499313354492188e+01
2.000000000000000000e+04 2.635834217071533203e+00 3.427394390106201172e+00 1.598593139648437500e+02 3.844846725463867188e+01 2.635834217071533203e+00 3.427394390106201172e+00 1.598593139648437500e+02 3.844846725463867188e+01
