# step, loss_train, loss_test, metrics_test
0.000000000000000000e+00 3.587609863281250000e+03 2.681069755554199219e+01 5.753419433593750000e+03 4.324619750976562500e+02 3.587609863281250000e+03 2.681069755554199219e+01 5.753419433593750000e+03 4.324619750976562500e+02
1.000000000000000000e+03 3.181578979492187500e+02 2.101777458190917969e+01 2.410328125000000000e+03 4.090094604492187500e+02 3.181578979492187500e+02 2.101777458190917969e+01 2.410328125000000000e+03 4.090094604492187500e+02
2.000000000000000000e+03 1.752689514160156250e+02 2.514008331298828125e+01 1.775722045898437500e+03 4.165757141113281250e+02 1.752689514160156250e+02 2.514008331298828125e+01 1.775722045898437500e+03 4.165757141113281250e+02
3.000000000000000000e+03 1.335901184082031250e+02 2.797466278076171875e+01 1.318512817382812500e+03 4.218604736328125000e+02 1.335901184082031250e+02 2.797466278076171875e+01 1.318512817382812500e+03 4.218604736328125000e+02
4.000000000000000000e+03 1.521768798828125000e+02 3.616180801391601562e+01 6.154571533203125000e+02 4.188989562988281250e+02 1.521768798828125000e+02 3.616180801391601562e+01 6.154571533203125000e+02 4.188989562988281250e+02
5.000000000000000000e+03 1.115899429321289062e+02 5.162519454956054688e+01 1.512997283935546875e+02 4.165195922851562500e+02 1.115899429321289062e+02 5.162519454956054688e+01 1.512997283935546875e+02 4.165195922851562500e+02
6.000000000000000000e+03 6.534673309326171875e+01 5.818516540527343750e+01 6.887504577636718750e+01 4.176067504882812500e+02 6.534673309326171875e+01 5.818516540527343750e+01 6.887504577636718750e+01 4.176067504882812500e+02
7.000000000000000000e+03 4.465566635131835938e+01 6.158749771118164062e+01 4.123779678344726562e+01 4.163945007324218750e+02 4.465566635131835938e+01 6.158749771118164062e+01 4.123779678344726562e+01 4.163945007324218750e+02
8.000000000000000000e+03 3.329220199584960938e+01 6.252569580078125000e+01 2.596916389465332031e+01 4.139667968750000000e+02 3.329220199584960938e+01 6.252569580078125000e+01 2.596916389465332031e+01 4.139667968750000000e+02
9.000000000000000000e+03 2.604446983337402344e+01 6.065383911132812500e+01 1.669849205017089844e+01 4.106683349609375000e+02 2.604446983337402344e+01 6.065383911132812500e+01 1.669849205017089844e+01 4.106683349609375000e+02
1.000000000000000000e+04 2.053031349182128906e+01 5.606290435791015625e+01 1.107859420776367188e+01 4.060962829589843750e+02 2.053031349182128906e+01 5.606290435791015625e+01 1.107859420776367188e+01 4.060962829589843750e+02
1.100000000000000000e+04 1.560894203186035156e+01 4.942499923706054688e+01 7.818273544311523438e+00 4.001874389648437500e+02 1.560894203186035156e+01 4.942499923706054688e+01 7.818273544311523438e+00 4.001874389648437500e+02
1.200000000000000000e+04 1.193960857391357422e+01 4.265297698974609375e+01 6.345727920532226562e+00 3.940297241210937500e+02 1.193960857391357422e+01 4.265297698974609375e+01 6.345727920532226562e+00 3.940297241210937500e+02
1.300000000000000000e+04 9.826419830322265625e+00 3.642838287353515625e+01 4.880646705627441406e+00 3.895419006347656250e+02 9.826419830322265625e+00 3.642838287353515625e+01 4.880646705627441406e+00 3.895419006347656250e+02
1.400000000000000000e+04 8.073576927185058594e+00 3.073933601379394531e+01 3.358124256134033203e+00 3.861513061523437500e+02 8.073576927185058594e+00 3.073933601379394531e+01 3.358124256134033203e+00 3.861513061523437500e+02
1.500000000000000000e+04 7.043468475341796875e+00 2.726001930236816406e+01 2.524561405181884766e+00 3.818810424804687500e+02 7.043468475341796875e+00 2.726001930236816406e+01 2.524561405181884766e+00 3.818810424804687500e+02
1.600000000000000000e+04 7.032367706298828125e+00 2.591909027099609375e+01 2.042537212371826172e+00 3.731618652343750000e+02 7.032367706298828125e+00 2.591909027099609375e+01 2.042537212371826172e+00 3.731618652343750000e+02
1.700000000000000000e+04 1.030006599426269531e+01 2.673527717590332031e+01 2.413722991943359375e+00 3.461809082031250000e+02 1.030006599426269531e+01 2.673527717590332031e+01 2.413722991943359375e+00 3.461809082031250000e+02
1.800000000000000000e+04 1.650278854370117188e+01 2.838837051391601562e+01 4.150159358978271484e+00 3.044157409667968750e+02 1.650278854370117188e+01 2.838837051391601562e+01 4.150159358978271484e+00 3.044157409667968750e+02
1.900000000000000000e+04 2.083047676086425781e+01 3.128811836242675781e+01 4.664955615997314453e+00 2.467431793212890625e+02 2.083047676086425781e+01 3.128811836242675781e+01 4.664955615997314453e+00 2.467431793212890625e+02
2.000000000000000000e+04 2.307599639892578125e+01 3.129749107360839844e+01 5.299985408782958984e+00 1.997806243896484375e+02 2.307599639892578125e+01 3.129749107360839844e+01 5.299985408782958984e+00 1.997806243896484375e+02
