# step, loss_train, loss_test, metrics_test
0.000000000000000000e+00 0.000000000000000000e+00 4.757401275634765625e+01 1.303094238281250000e+03 4.474331970214843750e+02 0.000000000000000000e+00 4.757401275634765625e+01 1.303094238281250000e+03 4.474331970214843750e+02
1.000000000000000000e+03 0.000000000000000000e+00 1.365170288085937500e+01 9.322325897216796875e+01 1.743350830078125000e+02 0.000000000000000000e+00 1.365170288085937500e+01 9.322325897216796875e+01 1.743350830078125000e+02
2.000000000000000000e+03 0.000000000000000000e+00 2.764901161193847656e+01 2.155879058837890625e+02 2.886067199707031250e+02 0.000000000000000000e+00 2.764901161193847656e+01 2.155879058837890625e+02 2.886067199707031250e+02
3.000000000000000000e+03 0.000000000000000000e+00 2.379372978210449219e+01 4.615175170898437500e+02 4.312074584960937500e+02 0.000000000000000000e+00 2.379372978210449219e+01 4.615175170898437500e+02 4.312074584960937500e+02
4.000000000000000000e+03 0.000000000000000000e+00 2.379473876953125000e+01 4.615155639648437500e+02 4.307723999023437500e+02 0.000000000000000000e+00 2.379473876953125000e+01 4.615155639648437500e+02 4.307723999023437500e+02
5.000000000000000000e+03 0.000000000000000000e+00 2.372053718566894531e+01 4.616460876464843750e+02 4.287943725585937500e+02 0.000000000000000000e+00 2.372053718566894531e+01 4.616460876464843750e+02 4.287943725585937500e+02
6.000000000000000000e+03 0.000000000000000000e+00 2.380686569213867188e+01 4.614952087402343750e+02 4.288549499511718750e+02 0.000000000000000000e+00 2.380686569213867188e+01 4.614952087402343750e+02 4.288549499511718750e+02
7.000000000000000000e+03 0.000000000000000000e+00 2.380686569213867188e+01 4.614952087402343750e+02 4.288549499511718750e+02 0.000000000000000000e+00 2.380686569213867188e+01 4.614952087402343750e+02 4.288549499511718750e+02
8.000000000000000000e+03 0.000000000000000000e+00 2.380686569213867188e+01 4.614952087402343750e+02 4.288549499511718750e+02 0.000000000000000000e+00 2.380686569213867188e+01 4.614952087402343750e+02 4.288549499511718750e+02
9.000000000000000000e+03 0.000000000000000000e+00 2.380686569213867188e+01 4.614952087402343750e+02 4.288549499511718750e+02 0.000000000000000000e+00 2.380686569213867188e+01 4.614952087402343750e+02 4.288549499511718750e+02
1.000000000000000000e+04 0.000000000000000000e+00 2.380686569213867188e+01 4.614952087402343750e+02 4.288549499511718750e+02 0.000000000000000000e+00 2.380686569213867188e+01 4.614952087402343750e+02 4.288549499511718750e+02
1.100000000000000000e+04 0.000000000000000000e+00 2.380686569213867188e+01 4.614952087402343750e+02 4.288549499511718750e+02 0.000000000000000000e+00 2.380686569213867188e+01 4.614952087402343750e+02 4.288549499511718750e+02
1.200000000000000000e+04 0.000000000000000000e+00 2.380686569213867188e+01 4.614952087402343750e+02 4.288549499511718750e+02 0.000000000000000000e+00 2.380686569213867188e+01 4.614952087402343750e+02 4.288549499511718750e+02
1.300000000000000000e+04 0.000000000000000000e+00 2.380686569213867188e+01 4.614952087402343750e+02 4.288549499511718750e+02 0.000000000000000000e+00 2.380686569213867188e+01 4.614952087402343750e+02 4.288549499511718750e+02
1.400000000000000000e+04 0.000000000000000000e+00 2.380687332153320312e+01 4.614952087402343750e+02 4.288549499511718750e+02 0.000000000000000000e+00 2.380687332153320312e+01 4.614952087402343750e+02 4.288549499511718750e+02
1.500000000000000000e+04 0.000000000000000000e+00 2.266088104248046875e+01 4.642127380371093750e+02 4.280529785156250000e+02 0.000000000000000000e+00 2.266088104248046875e+01 4.642127380371093750e+02 4.280529785156250000e+02
1.600000000000000000e+04 0.000000000000000000e+00 2.381004905700683594e+01 4.614897460937500000e+02 4.288571777343750000e+02 0.000000000000000000e+00 2.381004905700683594e+01 4.614897460937500000e+02 4.288571777343750000e+02
1.700000000000000000e+04 0.000000000000000000e+00 2.380687332153320312e+01 4.614951477050781250e+02 4.288549499511718750e+02 0.000000000000000000e+00 2.380687332153320312e+01 4.614951477050781250e+02 4.288549499511718750e+02
1.800000000000000000e+04 0.000000000000000000e+00 2.381089019775390625e+01 4.614882812500000000e+02 4.288577270507812500e+02 0.000000000000000000e+00 2.381089019775390625e+01 4.614882812500000000e+02 4.288577270507812500e+02
1.900000000000000000e+04 0.000000000000000000e+00 2.380718803405761719e+01 4.614946289062500000e+02 4.288551635742187500e+02 0.000000000000000000e+00 2.380718803405761719e+01 4.614946289062500000e+02 4.288551635742187500e+02
2.000000000000000000e+04 0.000000000000000000e+00 2.380685806274414062e+01 4.614952087402343750e+02 4.288549499511718750e+02 0.000000000000000000e+00 2.380685806274414062e+01 4.614952087402343750e+02 4.288549499511718750e+02
