# step, loss_train, loss_test, metrics_test
0.000000000000000000e+00 0.000000000000000000e+00 1.342900543212890625e+02 7.736161499023437500e+02 4.759471740722656250e+02 0.000000000000000000e+00 1.342900543212890625e+02 7.736161499023437500e+02 4.759471740722656250e+02
1.000000000000000000e+03 0.000000000000000000e+00 8.838213500976562500e+02 2.006019134521484375e+02 1.055132080078125000e+03 0.000000000000000000e+00 8.838213500976562500e+02 2.006019134521484375e+02 1.055132080078125000e+03
2.000000000000000000e+03 0.000000000000000000e+00 6.226269149780273438e+01 5.974009323120117188e+01 4.538824157714843750e+02 0.000000000000000000e+00 6.226269149780273438e+01 5.974009323120117188e+01 4.538824157714843750e+02
3.000000000000000000e+03 0.000000000000000000e+00 3.668275833129882812e+01 6.121684265136718750e+01 4.355201110839843750e+02 0.000000000000000000e+00 3.668275833129882812e+01 6.121684265136718750e+01 4.355201110839843750e+02
4.000000000000000000e+03 0.000000000000000000e+00 3.243784332275390625e+01 4.359621810913085938e+01 4.325006408691406250e+02 0.000000000000000000e+00 3.243784332275390625e+01 4.359621810913085938e+01 4.325006408691406250e+02
5.000000000000000000e+03 0.000000000000000000e+00 2.777032470703125000e+01 1.927615737915039062e+01 4.291893615722656250e+02 0.000000000000000000e+00 2.777032470703125000e+01 1.927615737915039062e+01 4.291893615722656250e+02
6.000000000000000000e+03 0.000000000000000000e+00 2.424849128723144531e+01 1.030581474304199219e+01 4.267239685058593750e+02 0.000000000000000000e+00 2.424849128723144531e+01 1.030581474304199219e+01 4.267239685058593750e+02
7.000000000000000000e+03 0.000000000000000000e+00 3.614916015625000000e+04 1.192396193792000000e+12 2.830234179687500000e+04 0.000000000000000000e+00 3.614916015625000000e+04 1.192396193792000000e+12 2.830234179687500000e+04
8.000000000000000000e+03 0.000000000000000000e+00 7.432166748046875000e+02 3.082092285156250000e+03 9.528102416992187500e+02 0.000000000000000000e+00 7.432166748046875000e+02 3.082092285156250000e+03 9.528102416992187500e+02
9.000000000000000000e+03 0.000000000000000000e+00 6.561452026367187500e+02 2.701097656250000000e+03 8.888379516601562500e+02 0.000000000000000000e+00 6.561452026367187500e+02 2.701097656250000000e+03 8.888379516601562500e+02
1.000000000000000000e+04 0.000000000000000000e+00 5.355081787109375000e+02 2.178516357421875000e+03 8.002472534179687500e+02 0.000000000000000000e+00 5.355081787109375000e+02 2.178516357421875000e+03 8.002472534179687500e+02
1.100000000000000000e+04 0.000000000000000000e+00 3.858656616210937500e+02 1.542151245117187500e+03 6.904520263671875000e+02 0.000000000000000000e+00 3.858656616210937500e+02 1.542151245117187500e+03 6.904520263671875000e+02
1.200000000000000000e+04 0.000000000000000000e+00 2.304229888916015625e+02 9.046480102539062500e+02 5.765910034179687500e+02 0.000000000000000000e+00 2.304229888916015625e+02 9.046480102539062500e+02 5.765910034179687500e+02
1.300000000000000000e+04 0.000000000000000000e+00 1.081289520263671875e+02 4.411757507324218750e+02 4.873186035156250000e+02 0.000000000000000000e+00 1.081289520263671875e+02 4.411757507324218750e+02 4.873186035156250000e+02
1.400000000000000000e+04 0.000000000000000000e+00 1.727289453125000000e+04 6.464085937500000000e+04 1.319814453125000000e+04 0.000000000000000000e+00 1.727289453125000000e+04 6.464085937500000000e+04 1.319814453125000000e+04
1.500000000000000000e+04 0.000000000000000000e+00 1.620201953125000000e+04 6.077637890625000000e+04 1.240612792968750000e+04 0.000000000000000000e+00 1.620201953125000000e+04 6.077637890625000000e+04 1.240612792968750000e+04
1.600000000000000000e+04 0.000000000000000000e+00 1.457725976562500000e+04 5.490394531250000000e+04 1.120440625000000000e+04 0.000000000000000000e+00 1.457725976562500000e+04 5.490394531250000000e+04 1.120440625000000000e+04
1.700000000000000000e+04 0.000000000000000000e+00 1.224161523437500000e+04 4.643912109375000000e+04 9.476744140625000000e+03 0.000000000000000000e+00 1.224161523437500000e+04 4.643912109375000000e+04 9.476744140625000000e+03
1.800000000000000000e+04 0.000000000000000000e+00 9.169040039062500000e+03 3.524896875000000000e+04 7.203637695312500000e+03 0.000000000000000000e+00 9.169040039062500000e+03 3.524896875000000000e+04 7.203637695312500000e+03
1.900000000000000000e+04 0.000000000000000000e+00 5.674732910156250000e+03 2.240418359375000000e+04 4.617788574218750000e+03 0.000000000000000000e+00 5.674732910156250000e+03 2.240418359375000000e+04 4.617788574218750000e+03
2.000000000000000000e+04 0.000000000000000000e+00 1.360985449218750000e+04 5.543305468750000000e+04 1.048887109375000000e+04 0.000000000000000000e+00 1.360985449218750000e+04 5.543305468750000000e+04 1.048887109375000000e+04
