# step, loss_train, loss_test, metrics_test
0.000000000000000000e+00 2.339787222445011139e-02 1.782663116455078125e+02 1.637099609375000000e+04 5.806369628906250000e+02 2.339787222445011139e-02 1.782663116455078125e+02 1.637099609375000000e+04 5.806369628906250000e+02
1.000000000000000000e+03 1.242328643798828125e+00 2.943518638610839844e+01 1.196228179931640625e+02 4.241188659667968750e+02 1.242328643798828125e+00 2.943518638610839844e+01 1.196228179931640625e+02 4.241188659667968750e+02
2.000000000000000000e+03 8.047418594360351562e-01 4.566896820068359375e+01 1.192899513244628906e+01 3.581097717285156250e+02 8.047418594360351562e-01 4.566896820068359375e+01 1.192899513244628906e+01 3.581097717285156250e+02
3.000000000000000000e+03 9.712848663330078125e-01 4.604883193969726562e+01 9.784731864929199219e+00 3.525646057128906250e+02 9.712848663330078125e-01 4.604883193969726562e+01 9.784731864929199219e+00 3.525646057128906250e+02
4.000000000000000000e+03 9.266719818115234375e-01 4.015097045898437500e+01 6.051164627075195312e+00 3.505034179687500000e+02 9.266719818115234375e-01 4.015097045898437500e+01 6.051164627075195312e+00 3.505034179687500000e+02
5.000000000000000000e+03 9.392185211181640625e-01 2.753808403015136719e+01 1.806160569190979004e+00 3.494148254394531250e+02 9.392185211181640625e-01 2.753808403015136719e+01 1.806160569190979004e+00 3.494148254394531250e+02
6.000000000000000000e+03 7.906166553497314453e+00 2.673814773559570312e+01 4.018765449523925781e+00 2.674834899902343750e+02 7.906166553497314453e+00 2.673814773559570312e+01 4.018765449523925781e+00 2.674834899902343750e+02
7.000000000000000000e+03 1.809364700317382812e+01 2.281734275817871094e+01 3.263404846191406250e+00 1.032414398193359375e+02 1.809364700317382812e+01 2.281734275817871094e+01 3.263404846191406250e+00 1.032414398193359375e+02
8.000000000000000000e+03 1.666372680664062500e+01 9.962516784667968750e+00 1.726721048355102539e+00 2.543796348571777344e+01 1.666372680664062500e+01 9.962516784667968750e+00 1.726721048355102539e+00 2.543796348571777344e+01
9.000000000000000000e+03 1.240597629547119141e+01 6.328079223632812500e+00 1.242807030677795410e+00 9.213382720947265625e+00 1.240597629547119141e+01 6.328079223632812500e+00 1.242807030677795410e+00 9.213382720947265625e+00
1.000000000000000000e+04 9.095993041992187500e+00 4.726206302642822266e+00 1.001940011978149414e+00 5.775145530700683594e+00 9.095993041992187500e+00 4.726206302642822266e+00 1.001940011978149414e+00 5.775145530700683594e+00
1.100000000000000000e+04 7.057284355163574219e+00 3.892900705337524414e+00 8.342863917350769043e-01 4.597130298614501953e+00 7.057284355163574219e+00 3.892900705337524414e+00 8.342863917350769043e-01 4.597130298614501953e+00
1.200000000000000000e+04 5.829749107360839844e+00 3.397221326828002930e+00 7.210263013839721680e-01 4.028516769409179688e+00 5.829749107360839844e+00 3.397221326828002930e+00 7.210263013839721680e-01 4.028516769409179688e+00
1.300000000000000000e+04 5.044678688049316406e+00 3.083396434783935547e+00 6.483738422393798828e-01 3.717213630676269531e+00 5.044678688049316406e+00 3.083396434783935547e+00 6.483738422393798828e-01 3.717213630676269531e+00
1.400000000000000000e+04 4.654948234558105469e+00 2.943049192428588867e+00 2.960878610610961914e+00 3.489108085632324219e+00 4.654948234558105469e+00 2.943049192428588867e+00 2.960878610610961914e+00 3.489108085632324219e+00
1.500000000000000000e+04 4.032547473907470703e+00 2.691020011901855469e+00 5.609607100486755371e-01 3.396586656570434570e+00 4.032547473907470703e+00 2.691020011901855469e+00 5.609607100486755371e-01 3.396586656570434570e+00
1.600000000000000000e+04 3.679814815521240234e+00 2.556383371353149414e+00 5.323777198791503906e-01 3.311944723129272461e+00 3.679814815521240234e+00 2.556383371353149414e+00 5.323777198791503906e-01 3.311944723129272461e+00
1.700000000000000000e+04 3.384884834289550781e+00 2.440001726150512695e+00 5.103295445442199707e-01 3.248535394668579102e+00 3.384884834289550781e+00 2.440001726150512695e+00 5.103295445442199707e-01 3.248535394668579102e+00
1.800000000000000000e+04 3.134772062301635742e+00 2.333971023559570312e+00 4.926910102367401123e-01 3.195626020431518555e+00 3.134772062301635742e+00 2.333971023559570312e+00 4.926910102367401123e-01 3.195626020431518555e+00
1.900000000000000000e+04 2.914599418640136719e+00 2.244807243347167969e+00 5.077884793281555176e-01 3.157159805297851562e+00 2.914599418640136719e+00 2.244807243347167969e+00 5.077884793281555176e-01 3.157159805297851562e+00
2.000000000000000000e+04 2.752768278121948242e+00 2.139282226562500000e+00 6.869443655014038086e-01 3.140480518341064453e+00 2.752768278121948242e+00 2.139282226562500000e+00 6.869443655014038086e-01 3.140480518341064453e+00
