# step, loss_train, loss_test, metrics_test
0.000000000000000000e+00 0.000000000000000000e+00 4.737983322143554688e+01 8.407059478759765625e+01 4.400579223632812500e+02 0.000000000000000000e+00 4.737983322143554688e+01 8.407059478759765625e+01 4.400579223632812500e+02
1.000000000000000000e+03 0.000000000000000000e+00 4.245539665222167969e+00 7.523671627044677734e+00 2.634573221206665039e+00 0.000000000000000000e+00 4.245539665222167969e+00 7.523671627044677734e+00 2.634573221206665039e+00
2.000000000000000000e+03 0.000000000000000000e+00 8.731830865144729614e-02 9.688406437635421753e-02 3.466681540012359619e-01 0.000000000000000000e+00 8.731830865144729614e-02 9.688406437635421753e-02 3.466681540012359619e-01
3.000000000000000000e+03 0.000000000000000000e+00 2.464668154716491699e-01 2.309099286794662476e-01 3.938991427421569824e-01 0.000000000000000000e+00 2.464668154716491699e-01 2.309099286794662476e-01 3.938991427421569824e-01
4.000000000000000000e+03 0.000000000000000000e+00 1.797759056091308594e+01 3.279988479614257812e+01 4.179184570312500000e+02 0.000000000000000000e+00 1.797759056091308594e+01 3.279988479614257812e+01 4.179184570312500000e+02
5.000000000000000000e+03 0.000000000000000000e+00 1.797759056091308594e+01 3.279988479614257812e+01 4.179184570312500000e+02 0.000000000000000000e+00 1.797759056091308594e+01 3.279988479614257812e+01 4.179184570312500000e+02
6.000000000000000000e+03 0.000000000000000000e+00 1.797759056091308594e+01 3.279988479614257812e+01 4.179184570312500000e+02 0.000000000000000000e+00 1.797759056091308594e+01 3.279988479614257812e+01 4.179184570312500000e+02
7.000000000000000000e+03 0.000000000000000000e+00 1.797759246826171875e+01 3.279988479614257812e+01 4.179184570312500000e+02 0.000000000000000000e+00 1.797759246826171875e+01 3.279988479614257812e+01 4.179184570312500000e+02
8.000000000000000000e+03 0.000000000000000000e+00 1.797759437561035156e+01 3.279988098144531250e+01 4.179184570312500000e+02 0.000000000000000000e+00 1.797759437561035156e+01 3.279988098144531250e+01 4.179184570312500000e+02
9.000000000000000000e+03 0.000000000000000000e+00 1.797759437561035156e+01 3.279988098144531250e+01 4.179184570312500000e+02 0.000000000000000000e+00 1.797759437561035156e+01 3.279988098144531250e+01 4.179184570312500000e+02
1.000000000000000000e+04 0.000000000000000000e+00 1.797759437561035156e+01 3.279988098144531250e+01 4.179184570312500000e+02 0.000000000000000000e+00 1.797759437561035156e+01 3.279988098144531250e+01 4.179184570312500000e+02
1.100000000000000000e+04 0.000000000000000000e+00 1.797759437561035156e+01 3.279987716674804688e+01 4.179184570312500000e+02 0.000000000000000000e+00 1.797759437561035156e+01 3.279987716674804688e+01 4.179184570312500000e+02
1.200000000000000000e+04 0.000000000000000000e+00 1.797759437561035156e+01 3.279987716674804688e+01 4.179184570312500000e+02 0.000000000000000000e+00 1.797759437561035156e+01 3.279987716674804688e+01 4.179184570312500000e+02
1.300000000000000000e+04 0.000000000000000000e+00 1.797759437561035156e+01 3.279988098144531250e+01 4.179184570312500000e+02 0.000000000000000000e+00 1.797759437561035156e+01 3.279988098144531250e+01 4.179184570312500000e+02
1.400000000000000000e+04 0.000000000000000000e+00 1.797759437561035156e+01 3.279988098144531250e+01 4.179184570312500000e+02 0.000000000000000000e+00 1.797759437561035156e+01 3.279988098144531250e+01 4.179184570312500000e+02
1.500000000000000000e+04 0.000000000000000000e+00 1.797759437561035156e+01 3.279988098144531250e+01 4.179184570312500000e+02 0.000000000000000000e+00 1.797759437561035156e+01 3.279988098144531250e+01 4.179184570312500000e+02
1.600000000000000000e+04 0.000000000000000000e+00 1.797759628295898438e+01 3.279987716674804688e+01 4.179184570312500000e+02 0.000000000000000000e+00 1.797759628295898438e+01 3.279987716674804688e+01 4.179184570312500000e+02
1.700000000000000000e+04 0.000000000000000000e+00 1.797759437561035156e+01 3.279988098144531250e+01 4.179184570312500000e+02 0.000000000000000000e+00 1.797759437561035156e+01 3.279988098144531250e+01 4.179184570312500000e+02
1.800000000000000000e+04 0.000000000000000000e+00 1.797762107849121094e+01 3.279983520507812500e+01 4.179184570312500000e+02 0.000000000000000000e+00 1.797762107849121094e+01 3.279983520507812500e+01 4.179184570312500000e+02
1.900000000000000000e+04 0.000000000000000000e+00 1.797032165527343750e+01 3.281174468994140625e+01 4.179138793945312500e+02 0.000000000000000000e+00 1.797032165527343750e+01 3.281174468994140625e+01 4.179138793945312500e+02
2.000000000000000000e+04 0.000000000000000000e+00 1.771565055847167969e+01 3.327642440795898438e+01 4.177565002441406250e+02 0.000000000000000000e+00 1.771565055847167969e+01 3.327642440795898438e+01 4.177565002441406250e+02
