# step, loss_train, loss_test, metrics_test
0.000000000000000000e+00 2.245396289062500000e+04 1.791740417480468750e+01 8.605082031250000000e+03 2.458155059814453125e+02 2.245396289062500000e+04 1.791740417480468750e+01 8.605082031250000000e+03 2.458155059814453125e+02
1.000000000000000000e+03 4.285371303558349609e+00 3.285543441772460938e+01 2.728451967239379883e+00 2.195721130371093750e+02 4.285371303558349609e+00 3.285543441772460938e+01 2.728451967239379883e+00 2.195721130371093750e+02
2.000000000000000000e+03 3.803450584411621094e+00 1.463545322418212891e+01 1.638295531272888184e+00 2.040673217773437500e+02 3.803450584411621094e+00 1.463545322418212891e+01 1.638295531272888184e+00 2.040673217773437500e+02
3.000000000000000000e+03 2.197199821472167969e+00 6.383551120758056641e+00 5.677278041839599609e-01 1.960693206787109375e+02 2.197199821472167969e+00 6.383551120758056641e+00 5.677278041839599609e-01 1.960693206787109375e+02
4.000000000000000000e+03 1.567337989807128906e+00 6.381089687347412109e+00 7.112336754798889160e-01 1.852473449707031250e+02 1.567337989807128906e+00 6.381089687347412109e+00 7.112336754798889160e-01 1.852473449707031250e+02
5.000000000000000000e+03 2.190104064941406250e+02 2.309070205688476562e+01 3.622798156738281250e+01 2.179673309326171875e+02 2.190104064941406250e+02 2.309070205688476562e+01 3.622798156738281250e+01 2.179673309326171875e+02
6.000000000000000000e+03 3.624868392944335938e+00 5.544612407684326172e+00 9.634907245635986328e-01 1.702409820556640625e+02 3.624868392944335938e+00 5.544612407684326172e+00 9.634907245635986328e-01 1.702409820556640625e+02
7.000000000000000000e+03 5.665827751159667969e+00 6.066398620605468750e+00 3.303651511669158936e-01 1.375853271484375000e+02 5.665827751159667969e+00 6.066398620605468750e+00 3.303651511669158936e-01 1.375853271484375000e+02
8.000000000000000000e+03 2.834508419036865234e+00 7.181489467620849609e+00 4.413506686687469482e-01 1.623591918945312500e+02 2.834508419036865234e+00 7.181489467620849609e+00 4.413506686687469482e-01 1.623591918945312500e+02
9.000000000000000000e+03 3.609942674636840820e+00 6.168399810791015625e+00 4.026900231838226318e-01 1.490909423828125000e+02 3.609942674636840820e+00 6.168399810791015625e+00 4.026900231838226318e-01 1.490909423828125000e+02
1.000000000000000000e+04 3.995331287384033203e+00 5.589723587036132812e+00 2.205284982919692993e-01 1.447524414062500000e+02 3.995331287384033203e+00 5.589723587036132812e+00 2.205284982919692993e-01 1.447524414062500000e+02
1.100000000000000000e+04 2.745182037353515625e+00 6.453705310821533203e+00 2.665966749191284180e-01 1.616580200195312500e+02 2.745182037353515625e+00 6.453705310821533203e+00 2.665966749191284180e-01 1.616580200195312500e+02
1.200000000000000000e+04 7.392724037170410156e+00 3.283266305923461914e+00 3.124927759170532227e+00 1.690585021972656250e+02 7.392724037170410156e+00 3.283266305923461914e+00 3.124927759170532227e+00 1.690585021972656250e+02
1.300000000000000000e+04 6.977759838104248047e+00 6.943607807159423828e+00 8.673223853111267090e-01 1.880939483642578125e+02 6.977759838104248047e+00 6.943607807159423828e+00 8.673223853111267090e-01 1.880939483642578125e+02
1.400000000000000000e+04 3.722105026245117188e+01 8.447892189025878906e+00 4.864891052246093750e+01 1.367462615966796875e+02 3.722105026245117188e+01 8.447892189025878906e+00 4.864891052246093750e+01 1.367462615966796875e+02
1.500000000000000000e+04 1.182610416412353516e+01 7.966253161430358887e-01 6.069002532958984375e+01 5.876025390625000000e+01 1.182610416412353516e+01 7.966253161430358887e-01 6.069002532958984375e+01 5.876025390625000000e+01
1.600000000000000000e+04 8.910126686096191406e+00 3.335557878017425537e-01 1.286877393722534180e+00 1.910681533813476562e+01 8.910126686096191406e+00 3.335557878017425537e-01 1.286877393722534180e+00 1.910681533813476562e+01
1.700000000000000000e+04 1.178981590270996094e+01 1.664111018180847168e+00 1.061773014068603516e+01 8.797699737548828125e+01 1.178981590270996094e+01 1.664111018180847168e+00 1.061773014068603516e+01 8.797699737548828125e+01
1.800000000000000000e+04 3.109571647644042969e+01 4.273831546306610107e-01 3.836375951766967773e+00 1.297593116760253906e+01 3.109571647644042969e+01 4.273831546306610107e-01 3.836375951766967773e+00 1.297593116760253906e+01
1.900000000000000000e+04 4.989142227172851562e+01 3.462482690811157227e+00 4.060669708251953125e+01 8.376329040527343750e+01 4.989142227172851562e+01 3.462482690811157227e+00 4.060669708251953125e+01 8.376329040527343750e+01
2.000000000000000000e+04 6.878193855285644531e+00 5.411553382873535156e-02 6.572412848472595215e-01 1.314022979736328125e+02 6.878193855285644531e+00 5.411553382873535156e-02 6.572412848472595215e-01 1.314022979736328125e+02
