# step, loss_train, loss_test, metrics_test
0.000000000000000000e+00 9.833877929687500000e+03 3.657636260986328125e+01 9.156396484375000000e+03 4.759132766723632812e+01 9.833877929687500000e+03 3.657636260986328125e+01 9.156396484375000000e+03 4.759132766723632812e+01
1.000000000000000000e+03 1.412685546875000000e+03 2.927991104125976562e+01 6.037537597656250000e+03 4.474800109863281250e+01 1.412685546875000000e+03 2.927991104125976562e+01 6.037537597656250000e+03 4.474800109863281250e+01
2.000000000000000000e+03 5.371528320312500000e+02 2.402989959716796875e+01 3.940431396484375000e+03 4.345771789550781250e+01 5.371528320312500000e+02 2.402989959716796875e+01 3.940431396484375000e+03 4.345771789550781250e+01
3.000000000000000000e+03 2.531693572998046875e+02 2.099842262268066406e+01 2.780674072265625000e+03 4.287910079956054688e+01 2.531693572998046875e+02 2.099842262268066406e+01 2.780674072265625000e+03 4.287910079956054688e+01
4.000000000000000000e+03 1.066360168457031250e+02 2.015419006347656250e+01 2.230867431640625000e+03 4.274164962768554688e+01 1.066360168457031250e+02 2.015419006347656250e+01 2.230867431640625000e+03 4.274164962768554688e+01
5.000000000000000000e+03 6.261976623535156250e+01 2.107936477661132812e+01 2.023649414062500000e+03 4.287542724609375000e+01 6.261976623535156250e+01 2.107936477661132812e+01 2.023649414062500000e+03 4.287542724609375000e+01
6.000000000000000000e+03 5.318033218383789062e+01 2.205889320373535156e+01 1.908703613281250000e+03 4.306915664672851562e+01 5.318033218383789062e+01 2.205889320373535156e+01 1.908703613281250000e+03 4.306915664672851562e+01
7.000000000000000000e+03 4.861526489257812500e+01 2.272901344299316406e+01 1.797460205078125000e+03 4.324755477905273438e+01 4.861526489257812500e+01 2.272901344299316406e+01 1.797460205078125000e+03 4.324755477905273438e+01
8.000000000000000000e+03 4.934383773803710938e+01 2.322517585754394531e+01 1.679026123046875000e+03 4.341361999511718750e+01 4.934383773803710938e+01 2.322517585754394531e+01 1.679026123046875000e+03 4.341361999511718750e+01
9.000000000000000000e+03 5.919276428222656250e+01 2.361055946350097656e+01 1.540971069335937500e+03 4.352090454101562500e+01 5.919276428222656250e+01 2.361055946350097656e+01 1.540971069335937500e+03 4.352090454101562500e+01
1.000000000000000000e+04 7.376451110839843750e+01 2.402027320861816406e+01 1.355726562500000000e+03 4.339465713500976562e+01 7.376451110839843750e+01 2.402027320861816406e+01 1.355726562500000000e+03 4.339465713500976562e+01
1.100000000000000000e+04 9.640616607666015625e+01 2.698192787170410156e+01 1.059670776367187500e+03 4.283222198486328125e+01 9.640616607666015625e+01 2.698192787170410156e+01 1.059670776367187500e+03 4.283222198486328125e+01
1.200000000000000000e+04 1.313910217285156250e+02 3.892411041259765625e+01 6.208418579101562500e+02 4.176349639892578125e+01 1.313910217285156250e+02 3.892411041259765625e+01 6.208418579101562500e+02 4.176349639892578125e+01
1.300000000000000000e+04 1.292082824707031250e+02 6.065971374511718750e+01 2.609990539550781250e+02 4.080278778076171875e+01 1.292082824707031250e+02 6.065971374511718750e+01 2.609990539550781250e+02 4.080278778076171875e+01
1.400000000000000000e+04 9.410958862304687500e+01 7.206349182128906250e+01 1.221894912719726562e+02 4.067057418823242188e+01 9.410958862304687500e+01 7.206349182128906250e+01 1.221894912719726562e+02 4.067057418823242188e+01
1.500000000000000000e+04 6.523714447021484375e+01 7.231492614746093750e+01 7.035057830810546875e+01 4.085443115234375000e+01 6.523714447021484375e+01 7.231492614746093750e+01 7.035057830810546875e+01 4.085443115234375000e+01
1.600000000000000000e+04 4.564914321899414062e+01 6.832914733886718750e+01 4.669107055664062500e+01 4.113134765625000000e+01 4.564914321899414062e+01 6.832914733886718750e+01 4.669107055664062500e+01 4.113134765625000000e+01
1.700000000000000000e+04 3.349969100952148438e+01 6.278063201904296875e+01 3.216345596313476562e+01 4.146671676635742188e+01 3.349969100952148438e+01 6.278063201904296875e+01 3.216345596313476562e+01 4.146671676635742188e+01
1.800000000000000000e+04 2.483396339416503906e+01 5.691637420654296875e+01 2.154384803771972656e+01 4.185208129882812500e+01 2.483396339416503906e+01 5.691637420654296875e+01 2.154384803771972656e+01 4.185208129882812500e+01
1.900000000000000000e+04 1.803656768798828125e+01 5.178785324096679688e+01 1.392508220672607422e+01 4.228796768188476562e+01 1.803656768798828125e+01 5.178785324096679688e+01 1.392508220672607422e+01 4.228796768188476562e+01
2.000000000000000000e+04 1.226223278045654297e+01 4.774601364135742188e+01 8.626221656799316406e+00 4.272231674194335938e+01 1.226223278045654297e+01 4.774601364135742188e+01 8.626221656799316406e+00 4.272231674194335938e+01
