# step, loss_train, loss_test, metrics_test
0.000000000000000000e+00 9.457261718750000000e+03 3.412627029418945312e+01 3.699554138183593750e+02 2.829039916992187500e+02 9.457261718750000000e+03 3.412627029418945312e+01 3.699554138183593750e+02 2.829039916992187500e+02
1.000000000000000000e+03 7.935457153320312500e+02 3.099473953247070312e+01 3.198923950195312500e+02 2.710066528320312500e+02 7.935457153320312500e+02 3.099473953247070312e+01 3.198923950195312500e+02 2.710066528320312500e+02
2.000000000000000000e+03 2.426564025878906250e+02 2.304737281799316406e+01 2.408685302734375000e+02 2.623656616210937500e+02 2.426564025878906250e+02 2.304737281799316406e+01 2.408685302734375000e+02 2.623656616210937500e+02
3.000000000000000000e+03 8.781119537353515625e+01 1.760360336303710938e+01 1.827993011474609375e+02 2.567229309082031250e+02 8.781119537353515625e+01 1.760360336303710938e+01 1.827993011474609375e+02 2.567229309082031250e+02
4.000000000000000000e+03 2.782288360595703125e+01 1.460099887847900391e+01 1.431401824951171875e+02 2.533080749511718750e+02 2.782288360595703125e+01 1.460099887847900391e+01 1.431401824951171875e+02 2.533080749511718750e+02
5.000000000000000000e+03 1.275930595397949219e+01 1.348461151123046875e+01 1.178737106323242188e+02 2.516324615478515625e+02 1.275930595397949219e+01 1.348461151123046875e+01 1.178737106323242188e+02 2.516324615478515625e+02
6.000000000000000000e+03 9.923446655273437500e+00 1.369278812408447266e+01 1.030923843383789062e+02 2.512910614013671875e+02 9.923446655273437500e+00 1.369278812408447266e+01 1.030923843383789062e+02 2.512910614013671875e+02
7.000000000000000000e+03 8.034173965454101562e+00 1.466137313842773438e+01 9.537245941162109375e+01 2.517177276611328125e+02 8.034173965454101562e+00 1.466137313842773438e+01 9.537245941162109375e+01 2.517177276611328125e+02
8.000000000000000000e+03 6.464309692382812500e+00 1.556764316558837891e+01 9.142350006103515625e+01 2.522403411865234375e+02 6.464309692382812500e+00 1.556764316558837891e+01 9.142350006103515625e+01 2.522403411865234375e+02
9.000000000000000000e+03 5.124761104583740234e+00 1.614904212951660156e+01 8.871116638183593750e+01 2.526081848144531250e+02 5.124761104583740234e+00 1.614904212951660156e+01 8.871116638183593750e+01 2.526081848144531250e+02
1.000000000000000000e+04 3.967497348785400391e+00 1.659532737731933594e+01 8.622869873046875000e+01 2.529101562500000000e+02 3.967497348785400391e+00 1.659532737731933594e+01 8.622869873046875000e+01 2.529101562500000000e+02
1.100000000000000000e+04 3.136305093765258789e+00 1.698358535766601562e+01 8.376248931884765625e+01 2.531688537597656250e+02 3.136305093765258789e+00 1.698358535766601562e+01 8.376248931884765625e+01 2.531688537597656250e+02
1.200000000000000000e+04 2.594703435897827148e+00 1.729121589660644531e+01 8.147846984863281250e+01 2.533487091064453125e+02 2.594703435897827148e+00 1.729121589660644531e+01 8.147846984863281250e+01 2.533487091064453125e+02
1.300000000000000000e+04 2.256197452545166016e+00 1.756847000122070312e+01 7.919734191894531250e+01 2.535247344970703125e+02 2.256197452545166016e+00 1.756847000122070312e+01 7.919734191894531250e+01 2.535247344970703125e+02
1.400000000000000000e+04 2.085023880004882812e+00 1.791650772094726562e+01 7.649446105957031250e+01 2.538127288818359375e+02 2.085023880004882812e+00 1.791650772094726562e+01 7.649446105957031250e+01 2.538127288818359375e+02
1.500000000000000000e+04 2.170718431472778320e+00 1.839042472839355469e+01 7.278329467773437500e+01 2.542013854980468750e+02 2.170718431472778320e+00 1.839042472839355469e+01 7.278329467773437500e+01 2.542013854980468750e+02
1.600000000000000000e+04 2.606707096099853516e+00 1.889981460571289062e+01 6.755074310302734375e+01 2.541683197021484375e+02 2.606707096099853516e+00 1.889981460571289062e+01 6.755074310302734375e+01 2.541683197021484375e+02
1.700000000000000000e+04 4.111025810241699219e+00 1.945126533508300781e+01 5.949559402465820312e+01 2.522946777343750000e+02 4.111025810241699219e+00 1.945126533508300781e+01 5.949559402465820312e+01 2.522946777343750000e+02
1.800000000000000000e+04 5.584285259246826172e+00 2.150813674926757812e+01 4.827429580688476562e+01 2.477162780761718750e+02 5.584285259246826172e+00 2.150813674926757812e+01 4.827429580688476562e+01 2.477162780761718750e+02
1.900000000000000000e+04 5.806596279144287109e+00 2.459103775024414062e+01 3.703587722778320312e+01 2.434200897216796875e+02 5.806596279144287109e+00 2.459103775024414062e+01 3.703587722778320312e+01 2.434200897216796875e+02
2.000000000000000000e+04 5.577859878540039062e+00 2.726659011840820312e+01 2.697708129882812500e+01 2.405074615478515625e+02 5.577859878540039062e+00 2.726659011840820312e+01 2.697708129882812500e+01 2.405074615478515625e+02
