# step, loss_train, loss_test, metrics_test
0.000000000000000000e+00 1.754560344124911353e-06 1.495385456085205078e+01 2.760034912109375000e+03 1.591201629638671875e+02 1.754560344124911353e-06 1.495385456085205078e+01 2.760034912109375000e+03 1.591201629638671875e+02
1.000000000000000000e+03 4.703044295310974121e-01 5.189476776123046875e+01 8.098191261291503906e+00 1.541833953857421875e+02 4.703044295310974121e-01 5.189476776123046875e+01 8.098191261291503906e+00 1.541833953857421875e+02
2.000000000000000000e+03 3.738331198692321777e-01 5.208440017700195312e+01 5.942806243896484375e+00 1.535864868164062500e+02 3.738331198692321777e-01 5.208440017700195312e+01 5.942806243896484375e+00 1.535864868164062500e+02
3.000000000000000000e+03 3.273925185203552246e-01 5.102647018432617188e+01 4.862976074218750000e+00 1.540738372802734375e+02 3.273925185203552246e-01 5.102647018432617188e+01 4.862976074218750000e+00 1.540738372802734375e+02
4.000000000000000000e+03 3.028677999973297119e-01 4.968941879272460938e+01 4.251167297363281250e+00 1.543155822753906250e+02 3.028677999973297119e-01 4.968941879272460938e+01 4.251167297363281250e+00 1.543155822753906250e+02
5.000000000000000000e+03 2.952458262443542480e-01 4.718547058105468750e+01 5.187915325164794922e+00 1.542222900390625000e+02 2.952458262443542480e-01 4.718547058105468750e+01 5.187915325164794922e+00 1.542222900390625000e+02
6.000000000000000000e+03 2.944280207157135010e-01 4.474286651611328125e+01 3.668852806091308594e+00 1.535296478271484375e+02 2.944280207157135010e-01 4.474286651611328125e+01 3.668852806091308594e+00 1.535296478271484375e+02
7.000000000000000000e+03 3.090749680995941162e-01 4.027908325195312500e+01 3.239567995071411133e+00 1.522023925781250000e+02 3.090749680995941162e-01 4.027908325195312500e+01 3.239567995071411133e+00 1.522023925781250000e+02
8.000000000000000000e+03 3.476943373680114746e-01 3.482873916625976562e+01 5.123630046844482422e+00 1.507100219726562500e+02 3.476943373680114746e-01 3.482873916625976562e+01 5.123630046844482422e+00 1.507100219726562500e+02
9.000000000000000000e+03 3.429827690124511719e-01 3.167840957641601562e+01 2.915385007858276367e+00 1.496068725585937500e+02 3.429827690124511719e-01 3.167840957641601562e+01 2.915385007858276367e+00 1.496068725585937500e+02
1.000000000000000000e+04 3.305541276931762695e-01 2.936314582824707031e+01 2.723983287811279297e+00 1.488185882568359375e+02 3.305541276931762695e-01 2.936314582824707031e+01 2.723983287811279297e+00 1.488185882568359375e+02
1.100000000000000000e+04 3.220159113407135010e-01 2.773691749572753906e+01 2.475290298461914062e+00 1.483770904541015625e+02 3.220159113407135010e-01 2.773691749572753906e+01 2.475290298461914062e+00 1.483770904541015625e+02
1.200000000000000000e+04 3.229192197322845459e-01 2.624514007568359375e+01 2.402468919754028320e+00 1.480257568359375000e+02 3.229192197322845459e-01 2.624514007568359375e+01 2.402468919754028320e+00 1.480257568359375000e+02
1.300000000000000000e+04 3.338556289672851562e-01 2.525669670104980469e+01 1.740535616874694824e+00 1.476146545410156250e+02 3.338556289672851562e-01 2.525669670104980469e+01 1.740535616874694824e+00 1.476146545410156250e+02
1.400000000000000000e+04 3.547850847244262695e-01 2.372294425964355469e+01 1.428082942962646484e+00 1.473337860107421875e+02 3.547850847244262695e-01 2.372294425964355469e+01 1.428082942962646484e+00 1.473337860107421875e+02
1.500000000000000000e+04 3.841632008552551270e-01 2.207289505004882812e+01 1.075589656829833984e+00 1.471212768554687500e+02 3.841632008552551270e-01 2.207289505004882812e+01 1.075589656829833984e+00 1.471212768554687500e+02
1.600000000000000000e+04 4.211284816265106201e-01 2.015143775939941406e+01 8.003269433975219727e-01 1.470166015625000000e+02 4.211284816265106201e-01 2.015143775939941406e+01 8.003269433975219727e-01 1.470166015625000000e+02
1.700000000000000000e+04 4.729132652282714844e-01 1.843396949768066406e+01 6.437534093856811523e-01 1.464884490966796875e+02 4.729132652282714844e-01 1.843396949768066406e+01 6.437534093856811523e-01 1.464884490966796875e+02
1.800000000000000000e+04 5.113015174865722656e-01 1.654524230957031250e+01 5.725823640823364258e-01 1.463184204101562500e+02 5.113015174865722656e-01 1.654524230957031250e+01 5.725823640823364258e-01 1.463184204101562500e+02
1.900000000000000000e+04 5.517813563346862793e-01 1.487520217895507812e+01 6.440291404724121094e-01 1.459778289794921875e+02 5.517813563346862793e-01 1.487520217895507812e+01 6.440291404724121094e-01 1.459778289794921875e+02
2.000000000000000000e+04 5.706495046615600586e-01 1.328554058074951172e+01 7.407534718513488770e-01 1.459923553466796875e+02 5.706495046615600586e-01 1.328554058074951172e+01 7.407534718513488770e-01 1.459923553466796875e+02
