# step, loss_train, loss_test, metrics_test
0.000000000000000000e+00 1.886541601562500000e+04 1.593824100494384766e+01 6.083575195312500000e+03 1.751054687500000000e+02 1.886541601562500000e+04 1.593824100494384766e+01 6.083575195312500000e+03 1.751054687500000000e+02
1.000000000000000000e+03 2.912817001342773438e+00 5.174082946777343750e+01 3.759705305099487305e+00 1.660417938232421875e+02 2.912817001342773438e+00 5.174082946777343750e+01 3.759705305099487305e+00 1.660417938232421875e+02
2.000000000000000000e+03 1.183065652847290039e+00 5.044387817382812500e+01 2.203317642211914062e+00 1.634202728271484375e+02 1.183065652847290039e+00 5.044387817382812500e+01 2.203317642211914062e+00 1.634202728271484375e+02
3.000000000000000000e+03 1.939464807510375977e+00 4.402564239501953125e+01 1.770995020866394043e+00 1.612284545898437500e+02 1.939464807510375977e+00 4.402564239501953125e+01 1.770995020866394043e+00 1.612284545898437500e+02
4.000000000000000000e+03 4.772108554840087891e+00 8.156688690185546875e+00 8.931226134300231934e-01 1.527671356201171875e+02 4.772108554840087891e+00 8.156688690185546875e+00 8.931226134300231934e-01 1.527671356201171875e+02
5.000000000000000000e+03 1.411115288734436035e+00 5.353828907012939453e+00 5.998011827468872070e-01 1.501842498779296875e+02 1.411115288734436035e+00 5.353828907012939453e+00 5.998011827468872070e-01 1.501842498779296875e+02
6.000000000000000000e+03 1.870505332946777344e+00 3.962816715240478516e+00 2.253002882003784180e+00 1.468999023437500000e+02 1.870505332946777344e+00 3.962816715240478516e+00 2.253002882003784180e+00 1.468999023437500000e+02
7.000000000000000000e+03 3.160903215408325195e+00 4.283154964447021484e+00 1.240939259529113770e+00 1.309120178222656250e+02 3.160903215408325195e+00 4.283154964447021484e+00 1.240939259529113770e+00 1.309120178222656250e+02
8.000000000000000000e+03 6.892051219940185547e+00 2.908417701721191406e+00 2.274991273880004883e+00 1.169042053222656250e+02 6.892051219940185547e+00 2.908417701721191406e+00 2.274991273880004883e+00 1.169042053222656250e+02
9.000000000000000000e+03 3.431051731109619141e+00 3.027653932571411133e+00 1.043432116508483887e+00 9.731427001953125000e+01 3.431051731109619141e+00 3.027653932571411133e+00 1.043432116508483887e+00 9.731427001953125000e+01
1.000000000000000000e+04 4.188942432403564453e+00 2.710352659225463867e+00 1.135973215103149414e+00 8.107601165771484375e+01 4.188942432403564453e+00 2.710352659225463867e+00 1.135973215103149414e+00 8.107601165771484375e+01
1.100000000000000000e+04 2.588400363922119141e+00 2.222310781478881836e+00 8.918756842613220215e-01 7.741136169433593750e+01 2.588400363922119141e+00 2.222310781478881836e+00 8.918756842613220215e-01 7.741136169433593750e+01
1.200000000000000000e+04 2.691493511199951172e+00 1.861574530601501465e+00 9.667615890502929688e-01 6.270343780517578125e+01 2.691493511199951172e+00 1.861574530601501465e+00 9.667615890502929688e-01 6.270343780517578125e+01
1.300000000000000000e+04 3.289312362670898438e+00 1.604373574256896973e+00 8.420777320861816406e-01 4.891030120849609375e+01 3.289312362670898438e+00 1.604373574256896973e+00 8.420777320861816406e-01 4.891030120849609375e+01
1.400000000000000000e+04 3.411367177963256836e+00 1.391833186149597168e+00 7.439267039299011230e-01 3.919872665405273438e+01 3.411367177963256836e+00 1.391833186149597168e+00 7.439267039299011230e-01 3.919872665405273438e+01
1.500000000000000000e+04 3.320738554000854492e+00 1.190748929977416992e+00 5.948690176010131836e-01 3.243437576293945312e+01 3.320738554000854492e+00 1.190748929977416992e+00 5.948690176010131836e-01 3.243437576293945312e+01
1.600000000000000000e+04 2.904459381103515625e+01 9.182573556900024414e-01 5.350782871246337891e+00 2.488443374633789062e+01 2.904459381103515625e+01 9.182573556900024414e-01 5.350782871246337891e+00 2.488443374633789062e+01
1.700000000000000000e+04 2.120122671127319336e+00 8.366987109184265137e-01 3.381222188472747803e-01 2.597827339172363281e+01 2.120122671127319336e+00 8.366987109184265137e-01 3.381222188472747803e-01 2.597827339172363281e+01
1.800000000000000000e+04 2.071933507919311523e+00 7.450380921363830566e-01 2.860840857028961182e-01 2.105941772460937500e+01 2.071933507919311523e+00 7.450380921363830566e-01 2.860840857028961182e-01 2.105941772460937500e+01
1.900000000000000000e+04 1.463353872299194336e+00 6.650084257125854492e-01 2.037277221679687500e-01 2.326512908935546875e+01 1.463353872299194336e+00 6.650084257125854492e-01 2.037277221679687500e-01 2.326512908935546875e+01
2.000000000000000000e+04 1.633895397186279297e+00 5.683956742286682129e-01 1.830080896615982056e-01 1.692685699462890625e+01 1.633895397186279297e+00 5.683956742286682129e-01 1.830080896615982056e-01 1.692685699462890625e+01
