# step, loss_train, loss_test, metrics_test
0.000000000000000000e+00 0.000000000000000000e+00 4.757401275634765625e+01 6.725647583007812500e+02 4.474331970214843750e+02 0.000000000000000000e+00 4.757401275634765625e+01 6.725647583007812500e+02 4.474331970214843750e+02
1.000000000000000000e+03 0.000000000000000000e+00 5.368954539299011230e-01 5.945836901664733887e-01 2.849436044692993164e+00 0.000000000000000000e+00 5.368954539299011230e-01 5.945836901664733887e-01 2.849436044692993164e+00
2.000000000000000000e+03 0.000000000000000000e+00 2.383864372968673706e-01 1.455785334110260010e-01 1.845426440238952637e+00 0.000000000000000000e+00 2.383864372968673706e-01 1.455785334110260010e-01 1.845426440238952637e+00
3.000000000000000000e+03 0.000000000000000000e+00 2.253437995910644531e+01 2.398023986816406250e+02 4.279647521972656250e+02 0.000000000000000000e+00 2.253437995910644531e+01 2.398023986816406250e+02 4.279647521972656250e+02
4.000000000000000000e+03 0.000000000000000000e+00 2.253437995910644531e+01 2.398023986816406250e+02 4.279647521972656250e+02 0.000000000000000000e+00 2.253437995910644531e+01 2.398023986816406250e+02 4.279647521972656250e+02
5.000000000000000000e+03 0.000000000000000000e+00 2.253437995910644531e+01 2.398023986816406250e+02 4.279647521972656250e+02 0.000000000000000000e+00 2.253437995910644531e+01 2.398023986816406250e+02 4.279647521972656250e+02
6.000000000000000000e+03 0.000000000000000000e+00 2.253437995910644531e+01 2.398023986816406250e+02 4.279647521972656250e+02 0.000000000000000000e+00 2.253437995910644531e+01 2.398023986816406250e+02 4.279647521972656250e+02
7.000000000000000000e+03 0.000000000000000000e+00 2.253437995910644531e+01 2.398023986816406250e+02 4.279647521972656250e+02 0.000000000000000000e+00 2.253437995910644531e+01 2.398023986816406250e+02 4.279647521972656250e+02
8.000000000000000000e+03 0.000000000000000000e+00 2.253437995910644531e+01 2.398023986816406250e+02 4.279647521972656250e+02 0.000000000000000000e+00 2.253437995910644531e+01 2.398023986816406250e+02 4.279647521972656250e+02
9.000000000000000000e+03 0.000000000000000000e+00 2.253437995910644531e+01 2.398023986816406250e+02 4.279647521972656250e+02 0.000000000000000000e+00 2.253437995910644531e+01 2.398023986816406250e+02 4.279647521972656250e+02
1.000000000000000000e+04 0.000000000000000000e+00 2.253437995910644531e+01 2.398023986816406250e+02 4.279647521972656250e+02 0.000000000000000000e+00 2.253437995910644531e+01 2.398023986816406250e+02 4.279647521972656250e+02
1.100000000000000000e+04 0.000000000000000000e+00 2.253438377380371094e+01 2.398023986816406250e+02 4.279648132324218750e+02 0.000000000000000000e+00 2.253438377380371094e+01 2.398023986816406250e+02 4.279648132324218750e+02
1.200000000000000000e+04 0.000000000000000000e+00 2.253437995910644531e+01 2.398023681640625000e+02 4.279648132324218750e+02 0.000000000000000000e+00 2.253437995910644531e+01 2.398023681640625000e+02 4.279648132324218750e+02
1.300000000000000000e+04 0.000000000000000000e+00 2.253492355346679688e+01 2.398014678955078125e+02 4.279651489257812500e+02 0.000000000000000000e+00 2.253492355346679688e+01 2.398014678955078125e+02 4.279651489257812500e+02
1.400000000000000000e+04 0.000000000000000000e+00 2.253405761718750000e+01 2.398029327392578125e+02 4.279645385742187500e+02 0.000000000000000000e+00 2.253405761718750000e+01 2.398029327392578125e+02 4.279645385742187500e+02
1.500000000000000000e+04 0.000000000000000000e+00 2.251757621765136719e+01 2.398310089111328125e+02 4.279530944824218750e+02 0.000000000000000000e+00 2.251757621765136719e+01 2.398310089111328125e+02 4.279530944824218750e+02
1.600000000000000000e+04 0.000000000000000000e+00 2.253608703613281250e+01 2.397994689941406250e+02 4.279659729003906250e+02 0.000000000000000000e+00 2.253608703613281250e+01 2.397994689941406250e+02 4.279659729003906250e+02
1.700000000000000000e+04 0.000000000000000000e+00 2.253452491760253906e+01 2.398021087646484375e+02 4.279648437500000000e+02 0.000000000000000000e+00 2.253452491760253906e+01 2.398021087646484375e+02 4.279648437500000000e+02
1.800000000000000000e+04 0.000000000000000000e+00 2.253435325622558594e+01 2.398024444580078125e+02 4.279648132324218750e+02 0.000000000000000000e+00 2.253435325622558594e+01 2.398024444580078125e+02 4.279648132324218750e+02
1.900000000000000000e+04 0.000000000000000000e+00 2.253422355651855469e+01 2.398026428222656250e+02 4.279646606445312500e+02 0.000000000000000000e+00 2.253422355651855469e+01 2.398026428222656250e+02 4.279646606445312500e+02
2.000000000000000000e+04 0.000000000000000000e+00 2.236706161499023438e+01 2.400970764160156250e+02 4.278482055664062500e+02 0.000000000000000000e+00 2.236706161499023438e+01 2.400970764160156250e+02 4.278482055664062500e+02
