# step, loss_train, loss_test, metrics_test
0.000000000000000000e+00 4.464041015625000000e+04 5.306546401977539062e+01 1.518330664062500000e+04 4.118125305175781250e+02 4.464041015625000000e+04 5.306546401977539062e+01 1.518330664062500000e+04 4.118125305175781250e+02
1.000000000000000000e+03 5.280234336853027344e+00 3.709612655639648438e+01 2.799159049987792969e+00 3.844526672363281250e+02 5.280234336853027344e+00 3.709612655639648438e+01 2.799159049987792969e+00 3.844526672363281250e+02
2.000000000000000000e+03 4.477955818176269531e+00 2.308619880676269531e+01 1.948122262954711914e+00 3.562327880859375000e+02 4.477955818176269531e+00 2.308619880676269531e+01 1.948122262954711914e+00 3.562327880859375000e+02
3.000000000000000000e+03 3.607717275619506836e+00 1.500249099731445312e+01 1.739935517311096191e+00 3.302636108398437500e+02 3.607717275619506836e+00 1.500249099731445312e+01 1.739935517311096191e+00 3.302636108398437500e+02
4.000000000000000000e+03 5.740554809570312500e+00 1.569871234893798828e+01 1.318815350532531738e+00 2.488507080078125000e+02 5.740554809570312500e+00 1.569871234893798828e+01 1.318815350532531738e+00 2.488507080078125000e+02
5.000000000000000000e+03 4.976573467254638672e+00 1.772929382324218750e+01 1.516940116882324219e+00 2.394536437988281250e+02 4.976573467254638672e+00 1.772929382324218750e+01 1.516940116882324219e+00 2.394536437988281250e+02
6.000000000000000000e+03 6.762536048889160156e+00 1.533388423919677734e+01 2.512422084808349609e+00 2.706889648437500000e+02 6.762536048889160156e+00 1.533388423919677734e+01 2.512422084808349609e+00 2.706889648437500000e+02
7.000000000000000000e+03 7.332775592803955078e+00 1.132643890380859375e+01 1.070841312408447266e+00 1.591921081542968750e+02 7.332775592803955078e+00 1.132643890380859375e+01 1.070841312408447266e+00 1.591921081542968750e+02
8.000000000000000000e+03 4.521621704101562500e+00 1.397759437561035156e+01 1.443567156791687012e+00 2.309561309814453125e+02 4.521621704101562500e+00 1.397759437561035156e+01 1.443567156791687012e+00 2.309561309814453125e+02
9.000000000000000000e+03 3.655117750167846680e+00 1.398674774169921875e+01 1.138083219528198242e+00 2.019542846679687500e+02 3.655117750167846680e+00 1.398674774169921875e+01 1.138083219528198242e+00 2.019542846679687500e+02
1.000000000000000000e+04 5.962675571441650391e+00 9.958061218261718750e+00 6.046321392059326172e-01 1.151850128173828125e+02 5.962675571441650391e+00 9.958061218261718750e+00 6.046321392059326172e-01 1.151850128173828125e+02
1.100000000000000000e+04 2.328986358642578125e+01 4.623805046081542969e+00 1.012224864959716797e+01 1.123577957153320312e+02 2.328986358642578125e+01 4.623805046081542969e+00 1.012224864959716797e+01 1.123577957153320312e+02
1.200000000000000000e+04 5.154440879821777344e+00 3.604252099990844727e+00 5.800296068191528320e-01 9.232852935791015625e+01 5.154440879821777344e+00 3.604252099990844727e+00 5.800296068191528320e-01 9.232852935791015625e+01
1.300000000000000000e+04 4.324932575225830078e+00 3.545365333557128906e+00 2.464118003845214844e-01 7.733753967285156250e+01 4.324932575225830078e+00 3.545365333557128906e+00 2.464118003845214844e-01 7.733753967285156250e+01
1.400000000000000000e+04 4.841536998748779297e+00 2.812528610229492188e+00 4.298260509967803955e-01 4.960913085937500000e+01 4.841536998748779297e+00 2.812528610229492188e+00 4.298260509967803955e-01 4.960913085937500000e+01
1.500000000000000000e+04 3.813172101974487305e+00 2.101873636245727539e+00 3.094922006130218506e-01 4.197219085693359375e+01 3.813172101974487305e+00 2.101873636245727539e+00 3.094922006130218506e-01 4.197219085693359375e+01
1.600000000000000000e+04 9.924338340759277344e+00 4.437283515930175781e+00 1.221192717552185059e+00 9.511231231689453125e+01 9.924338340759277344e+00 4.437283515930175781e+00 1.221192717552185059e+00 9.511231231689453125e+01
1.700000000000000000e+04 3.860002279281616211e+00 1.402907133102416992e+00 8.954990655183792114e-02 2.285251045227050781e+01 3.860002279281616211e+00 1.402907133102416992e+00 8.954990655183792114e-02 2.285251045227050781e+01
1.800000000000000000e+04 1.312633514404296875e+01 3.396082639694213867e+00 8.347009420394897461e-01 6.234048843383789062e+01 1.312633514404296875e+01 3.396082639694213867e+00 8.347009420394897461e-01 6.234048843383789062e+01
1.900000000000000000e+04 2.865904569625854492e+00 9.472254514694213867e-01 7.377085834741592407e-02 2.327456474304199219e+01 2.865904569625854492e+00 9.472254514694213867e-01 7.377085834741592407e-02 2.327456474304199219e+01
2.000000000000000000e+04 8.578437805175781250e+00 1.307259082794189453e+00 7.467392683029174805e-01 3.011987113952636719e+01 8.578437805175781250e+00 1.307259082794189453e+00 7.467392683029174805e-01 3.011987113952636719e+01
