# step, loss_train, loss_test, metrics_test
0.000000000000000000e+00 7.745740966796875000e+02 2.995099449157714844e+01 4.151018066406250000e+03 2.331895599365234375e+02 7.745740966796875000e+02 2.995099449157714844e+01 4.151018066406250000e+03 2.331895599365234375e+02
1.000000000000000000e+03 9.322128295898437500e+00 4.768034362792968750e+01 4.343599319458007812e+00 2.289343872070312500e+02 9.322128295898437500e+00 4.768034362792968750e+01 4.343599319458007812e+00 2.289343872070312500e+02
2.000000000000000000e+03 6.144980907440185547e+00 4.002407836914062500e+01 2.260969638824462891e+00 2.236165771484375000e+02 6.144980907440185547e+00 4.002407836914062500e+01 2.260969638824462891e+00 2.236165771484375000e+02
3.000000000000000000e+03 6.010004997253417969e+00 2.938077735900878906e+01 1.658262372016906738e+00 2.187241973876953125e+02 6.010004997253417969e+00 2.938077735900878906e+01 1.658262372016906738e+00 2.187241973876953125e+02
4.000000000000000000e+03 5.107255935668945312e+00 1.731518554687500000e+01 1.314109444618225098e+00 2.126249237060546875e+02 5.107255935668945312e+00 1.731518554687500000e+01 1.314109444618225098e+00 2.126249237060546875e+02
5.000000000000000000e+03 4.126560688018798828e+00 1.005620384216308594e+01 8.647611737251281738e-01 2.044858398437500000e+02 4.126560688018798828e+00 1.005620384216308594e+01 8.647611737251281738e-01 2.044858398437500000e+02
6.000000000000000000e+03 3.837783575057983398e+00 1.037975978851318359e+01 1.334736347198486328e+00 1.911546325683593750e+02 3.837783575057983398e+00 1.037975978851318359e+01 1.334736347198486328e+00 1.911546325683593750e+02
7.000000000000000000e+03 1.137536048889160156e+01 1.093010330200195312e+01 2.944886922836303711e+00 1.166006011962890625e+02 1.137536048889160156e+01 1.093010330200195312e+01 2.944886922836303711e+00 1.166006011962890625e+02
8.000000000000000000e+03 1.039050388336181641e+01 8.909211158752441406e+00 2.080436468124389648e+00 3.220679092407226562e+01 1.039050388336181641e+01 8.909211158752441406e+00 2.080436468124389648e+00 3.220679092407226562e+01
9.000000000000000000e+03 8.428971290588378906e+00 6.538913726806640625e+00 3.331410884857177734e+00 1.387354946136474609e+01 8.428971290588378906e+00 6.538913726806640625e+00 3.331410884857177734e+00 1.387354946136474609e+01
1.000000000000000000e+04 6.080112934112548828e+00 4.847912788391113281e+00 1.177635073661804199e+00 8.626407623291015625e+00 6.080112934112548828e+00 4.847912788391113281e+00 1.177635073661804199e+00 8.626407623291015625e+00
1.100000000000000000e+04 4.175815582275390625e+00 3.396166324615478516e+00 8.275969028472900391e-01 6.489300727844238281e+00 4.175815582275390625e+00 3.396166324615478516e+00 8.275969028472900391e-01 6.489300727844238281e+00
1.200000000000000000e+04 3.298151016235351562e+00 2.387460231781005859e+00 7.161520719528198242e-01 5.429267883300781250e+00 3.298151016235351562e+00 2.387460231781005859e+00 7.161520719528198242e-01 5.429267883300781250e+00
1.300000000000000000e+04 4.372038364410400391e+00 1.708748340606689453e+00 4.097764015197753906e+00 4.822567462921142578e+00 4.372038364410400391e+00 1.708748340606689453e+00 4.097764015197753906e+00 4.822567462921142578e+00
1.400000000000000000e+04 2.259457349777221680e+00 1.350018262863159180e+00 6.171258687973022461e-01 4.455205917358398438e+00 2.259457349777221680e+00 1.350018262863159180e+00 6.171258687973022461e-01 4.455205917358398438e+00
1.500000000000000000e+04 1.872539281845092773e+00 1.088962554931640625e+00 4.216338992118835449e-01 4.201210975646972656e+00 1.872539281845092773e+00 1.088962554931640625e+00 4.216338992118835449e-01 4.201210975646972656e+00
1.600000000000000000e+04 1.632592797279357910e+00 9.264793992042541504e-01 3.834314048290252686e-01 4.005615711212158203e+00 1.632592797279357910e+00 9.264793992042541504e-01 3.834314048290252686e-01 4.005615711212158203e+00
1.700000000000000000e+04 1.451927304267883301e+00 8.159915804862976074e-01 3.518261313438415527e-01 3.843488454818725586e+00 1.451927304267883301e+00 8.159915804862976074e-01 3.518261313438415527e-01 3.843488454818725586e+00
1.800000000000000000e+04 1.443669438362121582e+00 7.396417856216430664e-01 3.415477871894836426e-01 3.701186418533325195e+00 1.443669438362121582e+00 7.396417856216430664e-01 3.415477871894836426e-01 3.701186418533325195e+00
1.900000000000000000e+04 1.207794427871704102e+00 6.828829646110534668e-01 3.105168044567108154e-01 3.574459791183471680e+00 1.207794427871704102e+00 6.828829646110534668e-01 3.105168044567108154e-01 3.574459791183471680e+00
2.000000000000000000e+04 1.122871875762939453e+00 6.394245624542236328e-01 2.955746054649353027e-01 3.454496860504150391e+00 1.122871875762939453e+00 6.394245624542236328e-01 2.955746054649353027e-01 3.454496860504150391e+00
