# step, loss_train, loss_test, metrics_test
0.000000000000000000e+00 2.155626487731933594e+01 2.794366455078125000e+01 5.843908691406250000e+03 4.039980468750000000e+02 2.155626487731933594e+01 2.794366455078125000e+01 5.843908691406250000e+03 4.039980468750000000e+02
1.000000000000000000e+03 9.572143554687500000e-01 1.462100982666015625e+01 2.264246463775634766e+00 3.263539733886718750e+02 9.572143554687500000e-01 1.462100982666015625e+01 2.264246463775634766e+00 3.263539733886718750e+02
2.000000000000000000e+03 6.806836128234863281e+00 2.010139465332031250e+01 4.980769634246826172e+00 2.193747253417968750e+02 6.806836128234863281e+00 2.010139465332031250e+01 4.980769634246826172e+00 2.193747253417968750e+02
3.000000000000000000e+03 4.081837654113769531e+00 4.202793598175048828e+00 2.318644285202026367e+00 1.964111137390136719e+01 4.081837654113769531e+00 4.202793598175048828e+00 2.318644285202026367e+00 1.964111137390136719e+01
4.000000000000000000e+03 1.946925282478332520e+00 2.283289432525634766e+00 1.904250741004943848e+00 5.261375904083251953e+00 1.946925282478332520e+00 2.283289432525634766e+00 1.904250741004943848e+00 5.261375904083251953e+00
5.000000000000000000e+03 1.240096378326416016e+01 2.790301561355590820e+00 1.085158348083496094e+01 4.135530471801757812e+00 1.240096378326416016e+01 2.790301561355590820e+00 1.085158348083496094e+01 4.135530471801757812e+00
6.000000000000000000e+03 5.448008346557617188e+01 1.634990215301513672e+00 4.967461013793945312e+01 2.477912187576293945e+00 5.448008346557617188e+01 1.634990215301513672e+00 4.967461013793945312e+01 2.477912187576293945e+00
7.000000000000000000e+03 8.691800832748413086e-01 1.518556952476501465e+00 1.742529869079589844e+00 3.640002965927124023e+00 8.691800832748413086e-01 1.518556952476501465e+00 1.742529869079589844e+00 3.640002965927124023e+00
8.000000000000000000e+03 9.374415874481201172e-01 1.157403707504272461e+00 4.205511212348937988e-01 2.171508550643920898e+00 9.374415874481201172e-01 1.157403707504272461e+00 4.205511212348937988e-01 2.171508550643920898e+00
9.000000000000000000e+03 4.565052413940429688e+01 1.071543574333190918e+00 2.372228622436523438e+01 1.995758533477783203e+00 4.565052413940429688e+01 1.071543574333190918e+00 2.372228622436523438e+01 1.995758533477783203e+00
1.000000000000000000e+04 1.640625000000000000e+00 6.760937571525573730e-01 8.428691625595092773e-01 1.622627496719360352e+00 1.640625000000000000e+00 6.760937571525573730e-01 8.428691625595092773e-01 1.622627496719360352e+00
1.100000000000000000e+04 6.442553997039794922e-01 3.560632467269897461e-01 7.595373392105102539e-01 1.368626952171325684e+00 6.442553997039794922e-01 3.560632467269897461e-01 7.595373392105102539e-01 1.368626952171325684e+00
1.200000000000000000e+04 8.623792648315429688e+00 5.339930057525634766e-01 4.025281667709350586e-01 3.589065074920654297e+00 8.623792648315429688e+00 5.339930057525634766e-01 4.025281667709350586e-01 3.589065074920654297e+00
1.300000000000000000e+04 2.770172119140625000e+00 9.651048481464385986e-02 2.771565504372119904e-02 1.167385220527648926e+00 2.770172119140625000e+00 9.651048481464385986e-02 2.771565504372119904e-02 1.167385220527648926e+00
1.400000000000000000e+04 1.752002143859863281e+01 3.118648007512092590e-02 6.854609012603759766e+00 1.075483918190002441e+00 1.752002143859863281e+01 3.118648007512092590e-02 6.854609012603759766e+00 1.075483918190002441e+00
1.500000000000000000e+04 1.320055484771728516e+00 6.662146747112274170e-02 3.316074907779693604e-01 1.170737862586975098e+00 1.320055484771728516e+00 6.662146747112274170e-02 3.316074907779693604e-01 1.170737862586975098e+00
1.600000000000000000e+04 3.116526412963867188e+01 1.431595385074615479e-01 9.595007896423339844e+00 9.579217433929443359e-01 3.116526412963867188e+01 1.431595385074615479e-01 9.595007896423339844e+00 9.579217433929443359e-01
1.700000000000000000e+04 2.582759261131286621e-01 1.771353371441364288e-02 2.570716850459575653e-02 8.542252779006958008e-01 2.582759261131286621e-01 1.771353371441364288e-02 2.570716850459575653e-02 8.542252779006958008e-01
1.800000000000000000e+04 3.890690505504608154e-01 3.696396574378013611e-02 1.798308610916137695e+00 9.048669934272766113e-01 3.890690505504608154e-01 3.696396574378013611e-02 1.798308610916137695e+00 9.048669934272766113e-01
1.900000000000000000e+04 4.481427669525146484e+00 1.941715739667415619e-02 2.722980260848999023e+00 1.216629981994628906e+00 4.481427669525146484e+00 1.941715739667415619e-02 2.722980260848999023e+00 1.216629981994628906e+00
2.000000000000000000e+04 9.630470275878906250e-01 1.098648272454738617e-02 3.561377525329589844e-01 6.836526393890380859e-01 9.630470275878906250e-01 1.098648272454738617e-02 3.561377525329589844e-01 6.836526393890380859e-01
