# step, loss_train, loss_test, metrics_test
0.000000000000000000e+00 0.000000000000000000e+00 2.269531059265136719e+01 7.850649902343750000e+03 3.066340942382812500e+02 0.000000000000000000e+00 2.269531059265136719e+01 7.850649902343750000e+03 3.066340942382812500e+02
1.000000000000000000e+03 0.000000000000000000e+00 3.618173980712890625e+01 7.548731231689453125e+01 6.353739166259765625e+01 0.000000000000000000e+00 3.618173980712890625e+01 7.548731231689453125e+01 6.353739166259765625e+01
2.000000000000000000e+03 0.000000000000000000e+00 3.528332901000976562e+01 2.535257577896118164e+00 5.668000793457031250e+01 0.000000000000000000e+00 3.528332901000976562e+01 2.535257577896118164e+00 5.668000793457031250e+01
3.000000000000000000e+03 0.000000000000000000e+00 3.411842727661132812e+01 1.379467844963073730e+00 5.107613372802734375e+01 0.000000000000000000e+00 3.411842727661132812e+01 1.379467844963073730e+00 5.107613372802734375e+01
4.000000000000000000e+03 0.000000000000000000e+00 2.191609191894531250e+01 1.153151154518127441e+00 4.347720336914062500e+01 0.000000000000000000e+00 2.191609191894531250e+01 1.153151154518127441e+00 4.347720336914062500e+01
5.000000000000000000e+03 0.000000000000000000e+00 2.244455337524414062e+01 3.956804573535919189e-01 3.592681503295898438e+01 0.000000000000000000e+00 2.244455337524414062e+01 3.956804573535919189e-01 3.592681503295898438e+01
6.000000000000000000e+03 0.000000000000000000e+00 2.198557662963867188e+01 4.530908465385437012e-01 3.276897048950195312e+01 0.000000000000000000e+00 2.198557662963867188e+01 4.530908465385437012e-01 3.276897048950195312e+01
7.000000000000000000e+03 0.000000000000000000e+00 2.107824516296386719e+01 1.258769780397415161e-01 3.263667678833007812e+01 0.000000000000000000e+00 2.107824516296386719e+01 1.258769780397415161e-01 3.263667678833007812e+01
8.000000000000000000e+03 0.000000000000000000e+00 2.154416656494140625e+01 4.557717964053153992e-02 3.150724792480468750e+01 0.000000000000000000e+00 2.154416656494140625e+01 4.557717964053153992e-02 3.150724792480468750e+01
9.000000000000000000e+03 0.000000000000000000e+00 2.172325134277343750e+01 2.551740594208240509e-02 3.097793579101562500e+01 0.000000000000000000e+00 2.172325134277343750e+01 2.551740594208240509e-02 3.097793579101562500e+01
1.000000000000000000e+04 0.000000000000000000e+00 2.170919036865234375e+01 1.682430878281593323e-02 3.075189971923828125e+01 0.000000000000000000e+00 2.170919036865234375e+01 1.682430878281593323e-02 3.075189971923828125e+01
1.100000000000000000e+04 0.000000000000000000e+00 2.044917869567871094e+01 7.769178152084350586e-01 3.195157241821289062e+01 0.000000000000000000e+00 2.044917869567871094e+01 7.769178152084350586e-01 3.195157241821289062e+01
1.200000000000000000e+04 0.000000000000000000e+00 2.163381385803222656e+01 7.712011225521564484e-03 3.050039482116699219e+01 0.000000000000000000e+00 2.163381385803222656e+01 7.712011225521564484e-03 3.050039482116699219e+01
1.300000000000000000e+04 0.000000000000000000e+00 2.161008644104003906e+01 7.371090352535247803e-03 3.045522880554199219e+01 0.000000000000000000e+00 2.161008644104003906e+01 7.371090352535247803e-03 3.045522880554199219e+01
1.400000000000000000e+04 0.000000000000000000e+00 2.159159278869628906e+01 3.958928864449262619e-03 3.041308975219726562e+01 0.000000000000000000e+00 2.159159278869628906e+01 3.958928864449262619e-03 3.041308975219726562e+01
1.500000000000000000e+04 0.000000000000000000e+00 2.155907249450683594e+01 1.580221951007843018e-02 3.041628074645996094e+01 0.000000000000000000e+00 2.155907249450683594e+01 1.580221951007843018e-02 3.041628074645996094e+01
1.600000000000000000e+04 0.000000000000000000e+00 2.150598144531250000e+01 6.011351346969604492e-01 3.043306159973144531e+01 0.000000000000000000e+00 2.150598144531250000e+01 6.011351346969604492e-01 3.043306159973144531e+01
1.700000000000000000e+04 0.000000000000000000e+00 2.159690666198730469e+01 3.431894117966294289e-03 3.029755401611328125e+01 0.000000000000000000e+00 2.159690666198730469e+01 3.431894117966294289e-03 3.029755401611328125e+01
1.800000000000000000e+04 0.000000000000000000e+00 2.064428520202636719e+01 2.391253858804702759e-01 3.130604553222656250e+01 0.000000000000000000e+00 2.064428520202636719e+01 2.391253858804702759e-01 3.130604553222656250e+01
1.900000000000000000e+04 0.000000000000000000e+00 2.160334014892578125e+01 2.602240536361932755e-03 3.021401023864746094e+01 0.000000000000000000e+00 2.160334014892578125e+01 2.602240536361932755e-03 3.021401023864746094e+01
2.000000000000000000e+04 0.000000000000000000e+00 2.159817314147949219e+01 1.505654887296259403e-03 3.017604446411132812e+01 0.000000000000000000e+00 2.159817314147949219e+01 1.505654887296259403e-03 3.017604446411132812e+01
