# step, loss_train, loss_test, metrics_test
0.000000000000000000e+00 1.138873535156250000e+03 3.638899230957031250e+01 9.237596679687500000e+03 1.121612777709960938e+02 1.138873535156250000e+03 3.638899230957031250e+01 9.237596679687500000e+03 1.121612777709960938e+02
1.000000000000000000e+03 2.145477294921875000e+02 2.601377868652343750e+01 9.547106170654296875e+01 1.095172805786132812e+02 2.145477294921875000e+02 2.601377868652343750e+01 9.547106170654296875e+01 1.095172805786132812e+02
2.000000000000000000e+03 7.851323699951171875e+01 2.316360855102539062e+01 2.930409669876098633e+00 1.094159469604492188e+02 7.851323699951171875e+01 2.316360855102539062e+01 2.930409669876098633e+00 1.094159469604492188e+02
3.000000000000000000e+03 3.624832534790039062e+01 1.779048347473144531e+01 8.481929898262023926e-01 1.072702560424804688e+02 3.624832534790039062e+01 1.779048347473144531e+01 8.481929898262023926e-01 1.072702560424804688e+02
4.000000000000000000e+03 2.378760147094726562e+01 1.173295974731445312e+01 3.010381162166595459e-01 1.042528686523437500e+02 2.378760147094726562e+01 1.173295974731445312e+01 3.010381162166595459e-01 1.042528686523437500e+02
5.000000000000000000e+03 1.670960426330566406e+01 7.779470920562744141e+00 1.164751350879669189e-01 1.004710540771484375e+02 1.670960426330566406e+01 7.779470920562744141e+00 1.164751350879669189e-01 1.004710540771484375e+02
6.000000000000000000e+03 1.134275245666503906e+01 5.181719779968261719e+00 5.818657577037811279e-02 9.769156646728515625e+01 1.134275245666503906e+01 5.181719779968261719e+00 5.818657577037811279e-02 9.769156646728515625e+01
7.000000000000000000e+03 8.845870971679687500e+00 3.555398941040039062e+00 1.267312318086624146e-01 9.588729095458984375e+01 8.845870971679687500e+00 3.555398941040039062e+00 1.267312318086624146e-01 9.588729095458984375e+01
8.000000000000000000e+03 6.659145355224609375e+00 2.752144575119018555e+00 6.739131361246109009e-02 9.397299957275390625e+01 6.659145355224609375e+00 2.752144575119018555e+00 6.739131361246109009e-02 9.397299957275390625e+01
9.000000000000000000e+03 5.203597068786621094e+00 2.565005779266357422e+00 3.174550458788871765e-02 9.157727813720703125e+01 5.203597068786621094e+00 2.565005779266357422e+00 3.174550458788871765e-02 9.157727813720703125e+01
1.000000000000000000e+04 4.957259178161621094e+00 2.349380731582641602e+00 3.642439097166061401e-02 8.854347229003906250e+01 4.957259178161621094e+00 2.349380731582641602e+00 3.642439097166061401e-02 8.854347229003906250e+01
1.100000000000000000e+04 4.963367938995361328e+00 2.065361499786376953e+00 3.406376019120216370e-02 8.428189849853515625e+01 4.963367938995361328e+00 2.065361499786376953e+00 3.406376019120216370e-02 8.428189849853515625e+01
1.200000000000000000e+04 5.555629730224609375e+00 1.471437096595764160e+00 8.312338590621948242e-02 7.612578582763671875e+01 5.555629730224609375e+00 1.471437096595764160e+00 8.312338590621948242e-02 7.612578582763671875e+01
1.300000000000000000e+04 7.680206775665283203e+00 8.840035200119018555e-01 2.081050723791122437e-01 6.561261749267578125e+01 7.680206775665283203e+00 8.840035200119018555e-01 2.081050723791122437e-01 6.561261749267578125e+01
1.400000000000000000e+04 9.592728614807128906e+00 5.832177400588989258e-01 5.217382907867431641e-01 5.474282836914062500e+01 9.592728614807128906e+00 5.832177400588989258e-01 5.217382907867431641e-01 5.474282836914062500e+01
1.500000000000000000e+04 1.071631717681884766e+01 3.342826962471008301e-01 1.735881119966506958e-01 4.503090286254882812e+01 1.071631717681884766e+01 3.342826962471008301e-01 1.735881119966506958e-01 4.503090286254882812e+01
1.600000000000000000e+04 1.091086006164550781e+01 2.634236812591552734e-01 1.645057350397109985e-01 3.605193710327148438e+01 1.091086006164550781e+01 2.634236812591552734e-01 1.645057350397109985e-01 3.605193710327148438e+01
1.700000000000000000e+04 1.206347370147705078e+01 2.071216553449630737e-01 4.458259046077728271e-01 2.735259437561035156e+01 1.206347370147705078e+01 2.071216553449630737e-01 4.458259046077728271e-01 2.735259437561035156e+01
1.800000000000000000e+04 1.082023048400878906e+01 1.159688979387283325e-01 6.157106757164001465e-01 2.014079093933105469e+01 1.082023048400878906e+01 1.159688979387283325e-01 6.157106757164001465e-01 2.014079093933105469e+01
1.900000000000000000e+04 1.054251194000244141e+01 8.381730318069458008e-02 9.002335369586944580e-02 1.557291984558105469e+01 1.054251194000244141e+01 8.381730318069458008e-02 9.002335369586944580e-02 1.557291984558105469e+01
2.000000000000000000e+04 9.671606063842773438e+00 4.692447185516357422e-02 5.774936079978942871e-01 1.235361480712890625e+01 9.671606063842773438e+00 4.692447185516357422e-02 5.774936079978942871e-01 1.235361480712890625e+01
