# step, loss_train, loss_test, metrics_test
0.000000000000000000e+00 1.673851623535156250e+02 3.902645492553710938e+01 5.826797851562500000e+03 5.816717910766601562e+01 1.673851623535156250e+02 3.902645492553710938e+01 5.826797851562500000e+03 5.816717910766601562e+01
1.000000000000000000e+03 2.134136505126953125e+02 2.719525337219238281e+01 2.325554199218750000e+03 5.421225357055664062e+01 2.134136505126953125e+02 2.719525337219238281e+01 2.325554199218750000e+03 5.421225357055664062e+01
2.000000000000000000e+03 1.493737030029296875e+02 2.618605041503906250e+01 1.518129516601562500e+03 5.300897598266601562e+01 1.493737030029296875e+02 2.618605041503906250e+01 1.518129516601562500e+03 5.300897598266601562e+01
3.000000000000000000e+03 8.117416381835937500e+01 2.533933258056640625e+01 1.229605346679687500e+03 5.250665283203125000e+01 8.117416381835937500e+01 2.533933258056640625e+01 1.229605346679687500e+03 5.250665283203125000e+01
4.000000000000000000e+03 5.547954559326171875e+01 2.630354881286621094e+01 1.093622924804687500e+03 5.238181686401367188e+01 5.547954559326171875e+01 2.630354881286621094e+01 1.093622924804687500e+03 5.238181686401367188e+01
5.000000000000000000e+03 4.991281890869140625e+01 2.719825363159179688e+01 1.022428100585937500e+03 5.234438323974609375e+01 4.991281890869140625e+01 2.719825363159179688e+01 1.022428100585937500e+03 5.234438323974609375e+01
6.000000000000000000e+03 4.948851394653320312e+01 2.698665237426757812e+01 9.481704101562500000e+02 5.210048675537109375e+01 4.948851394653320312e+01 2.698665237426757812e+01 9.481704101562500000e+02 5.210048675537109375e+01
7.000000000000000000e+03 6.144287109375000000e+01 2.561583518981933594e+01 7.993297729492187500e+02 5.124002456665039062e+01 6.144287109375000000e+01 2.561583518981933594e+01 7.993297729492187500e+02 5.124002456665039062e+01
8.000000000000000000e+03 8.607914733886718750e+01 2.740671348571777344e+01 5.486613769531250000e+02 4.982640457153320312e+01 8.607914733886718750e+01 2.740671348571777344e+01 5.486613769531250000e+02 4.982640457153320312e+01
9.000000000000000000e+03 1.045618972778320312e+02 4.070302581787109375e+01 2.737878417968750000e+02 4.857998657226562500e+01 1.045618972778320312e+02 4.070302581787109375e+01 2.737878417968750000e+02 4.857998657226562500e+01
1.000000000000000000e+04 8.194512939453125000e+01 5.653461837768554688e+01 1.109853744506835938e+02 4.844758987426757812e+01 8.194512939453125000e+01 5.653461837768554688e+01 1.109853744506835938e+02 4.844758987426757812e+01
1.100000000000000000e+04 4.701859283447265625e+01 5.820452880859375000e+01 5.709074401855468750e+01 4.914717102050781250e+01 4.701859283447265625e+01 5.820452880859375000e+01 5.709074401855468750e+01 4.914717102050781250e+01
1.200000000000000000e+04 2.585015487670898438e+01 5.248252105712890625e+01 3.775541305541992188e+01 5.004288482666015625e+01 2.585015487670898438e+01 5.248252105712890625e+01 3.775541305541992188e+01 5.004288482666015625e+01
1.300000000000000000e+04 1.491990184783935547e+01 4.630572509765625000e+01 2.531375503540039062e+01 5.087212371826171875e+01 1.491990184783935547e+01 4.630572509765625000e+01 2.531375503540039062e+01 5.087212371826171875e+01
1.400000000000000000e+04 9.570257186889648438e+00 4.017207336425781250e+01 1.685154724121093750e+01 5.160080718994140625e+01 9.570257186889648438e+00 4.017207336425781250e+01 1.685154724121093750e+01 5.160080718994140625e+01
1.500000000000000000e+04 6.880277156829833984e+00 3.411756515502929688e+01 1.142816352844238281e+01 5.222515869140625000e+01 6.880277156829833984e+00 3.411756515502929688e+01 1.142816352844238281e+01 5.222515869140625000e+01
1.600000000000000000e+04 5.464671611785888672e+00 2.826602554321289062e+01 8.076187133789062500e+00 5.256914520263671875e+01 5.464671611785888672e+00 2.826602554321289062e+01 8.076187133789062500e+00 5.256914520263671875e+01
1.700000000000000000e+04 4.679292678833007812e+00 2.269903755187988281e+01 5.697672843933105469e+00 5.248639678955078125e+01 4.679292678833007812e+00 2.269903755187988281e+01 5.697672843933105469e+00 5.248639678955078125e+01
1.800000000000000000e+04 4.292663097381591797e+00 1.728376770019531250e+01 3.785270452499389648e+00 5.215078735351562500e+01 4.292663097381591797e+00 1.728376770019531250e+01 3.785270452499389648e+00 5.215078735351562500e+01
1.900000000000000000e+04 3.806154012680053711e+00 1.222983741760253906e+01 2.314303636550903320e+00 5.166613388061523438e+01 3.806154012680053711e+00 1.222983741760253906e+01 2.314303636550903320e+00 5.166613388061523438e+01
2.000000000000000000e+04 3.016594648361206055e+00 8.359656333923339844e+00 1.075536608695983887e+00 5.115748596191406250e+01 3.016594648361206055e+00 8.359656333923339844e+00 1.075536608695983887e+00 5.115748596191406250e+01
