# step, loss_train, loss_test, metrics_test
0.000000000000000000e+00 1.794005664062500000e+04 9.187687683105468750e+01 1.988706250000000000e+04 2.919988098144531250e+02 1.794005664062500000e+04 9.187687683105468750e+01 1.988706250000000000e+04 2.919988098144531250e+02
1.000000000000000000e+03 1.715894140625000000e+04 3.863545227050781250e+01 5.950229980468750000e+03 2.948903808593750000e+02 1.715894140625000000e+04 3.863545227050781250e+01 5.950229980468750000e+03 2.948903808593750000e+02
2.000000000000000000e+03 4.720460449218750000e+03 3.893354415893554688e+01 4.234503906250000000e+03 2.942878112792968750e+02 4.720460449218750000e+03 3.893354415893554688e+01 4.234503906250000000e+03 2.942878112792968750e+02
3.000000000000000000e+03 1.672012573242187500e+03 3.912929916381835938e+01 3.282161376953125000e+03 2.920892028808593750e+02 1.672012573242187500e+03 3.912929916381835938e+01 3.282161376953125000e+03 2.920892028808593750e+02
4.000000000000000000e+03 1.061303100585937500e+03 4.046931076049804688e+01 2.722409667968750000e+03 2.911656188964843750e+02 1.061303100585937500e+03 4.046931076049804688e+01 2.722409667968750000e+03 2.911656188964843750e+02
5.000000000000000000e+03 2.049917449951171875e+02 1.435899639129638672e+01 2.733922607421875000e+03 2.716939086914062500e+02 2.049917449951171875e+02 1.435899639129638672e+01 2.733922607421875000e+03 2.716939086914062500e+02
6.000000000000000000e+03 1.082813549041748047e+01 2.293846130371093750e+01 1.560606323242187500e+03 2.771885681152343750e+02 1.082813549041748047e+01 2.293846130371093750e+01 1.560606323242187500e+03 2.771885681152343750e+02
7.000000000000000000e+03 2.768650054931640625e+00 2.309671401977539062e+01 1.557787719726562500e+03 2.773706665039062500e+02 2.768650054931640625e+00 2.309671401977539062e+01 1.557787719726562500e+03 2.773706665039062500e+02
8.000000000000000000e+03 1.829650163650512695e+00 2.311308288574218750e+01 1.556874023437500000e+03 2.774016723632812500e+02 1.829650163650512695e+00 2.311308288574218750e+01 1.556874023437500000e+03 2.774016723632812500e+02
9.000000000000000000e+03 1.720555424690246582e+00 2.309618759155273438e+01 1.555820312500000000e+03 2.773980712890625000e+02 1.720555424690246582e+00 2.309618759155273438e+01 1.555820312500000000e+03 2.773980712890625000e+02
1.000000000000000000e+04 1.821300506591796875e+00 2.306843566894531250e+01 1.555149780273437500e+03 2.773817749023437500e+02 1.821300506591796875e+00 2.306843566894531250e+01 1.555149780273437500e+03 2.773817749023437500e+02
1.100000000000000000e+04 1.754305481910705566e+00 2.296441078186035156e+01 1.555289794921875000e+03 2.772674560546875000e+02 1.754305481910705566e+00 2.296441078186035156e+01 1.555289794921875000e+03 2.772674560546875000e+02
1.200000000000000000e+04 1.782830595970153809e+00 2.293414878845214844e+01 1.554740600585937500e+03 2.773462829589843750e+02 1.782830595970153809e+00 2.293414878845214844e+01 1.554740600585937500e+03 2.773462829589843750e+02
1.300000000000000000e+04 1.949320673942565918e+00 2.281159591674804688e+01 1.554298461914062500e+03 2.773435363769531250e+02 1.949320673942565918e+00 2.281159591674804688e+01 1.554298461914062500e+03 2.773435363769531250e+02
1.400000000000000000e+04 2.098875999450683594e+00 2.260560226440429688e+01 1.554035400390625000e+03 2.773025207519531250e+02 2.098875999450683594e+00 2.260560226440429688e+01 1.554035400390625000e+03 2.773025207519531250e+02
1.500000000000000000e+04 6.206918358802795410e-01 2.237145233154296875e+01 1.556919311523437500e+03 2.772879333496093750e+02 6.206918358802795410e-01 2.237145233154296875e+01 1.556919311523437500e+03 2.772879333496093750e+02
1.600000000000000000e+04 2.885777711868286133e+00 2.286003662109375000e+03 3.379801875000000000e+05 2.135973632812500000e+03 2.885777711868286133e+00 2.286003662109375000e+03 3.379801875000000000e+05 2.135973632812500000e+03
1.700000000000000000e+04 1.653522014617919922e+00 2.690384292602539062e+01 1.860291625976562500e+03 2.834954223632812500e+02 1.653522014617919922e+00 2.690384292602539062e+01 1.860291625976562500e+03 2.834954223632812500e+02
1.800000000000000000e+04 5.247055412382906070e-08 1.443571853637695312e+01 2.863751708984375000e+03 2.719586486816406250e+02 5.247055412382906070e-08 1.443571853637695312e+01 2.863751708984375000e+03 2.719586486816406250e+02
1.900000000000000000e+04 7.450327643709897529e-07 1.400962734222412109e+01 2.864169433593750000e+03 2.716160888671875000e+02 7.450327643709897529e-07 1.400962734222412109e+01 2.864169433593750000e+03 2.716160888671875000e+02
2.000000000000000000e+04 7.413690217283885886e-10 1.354132556915283203e+01 2.868054199218750000e+03 2.712405090332031250e+02 7.413690217283885886e-10 1.354132556915283203e+01 2.868054199218750000e+03 2.712405090332031250e+02
