# step, loss_train, loss_test, metrics_test
0.000000000000000000e+00 1.130042382812500000e+04 6.595610046386718750e+01 0.000000000000000000e+00 6.173402023315429688e+01 1.130042382812500000e+04 6.595610046386718750e+01 0.000000000000000000e+00 6.173402023315429688e+01
1.000000000000000000e+03 2.682118225097656250e+01 1.109299087524414062e+01 0.000000000000000000e+00 4.295561981201171875e+01 2.682118225097656250e+01 1.109299087524414062e+01 0.000000000000000000e+00 4.295561981201171875e+01
2.000000000000000000e+03 9.376637458801269531e+00 1.027093696594238281e+01 0.000000000000000000e+00 4.242237854003906250e+01 9.376637458801269531e+00 1.027093696594238281e+01 0.000000000000000000e+00 4.242237854003906250e+01
3.000000000000000000e+03 4.813714504241943359e+00 1.011516284942626953e+01 0.000000000000000000e+00 4.223196792602539062e+01 4.813714504241943359e+00 1.011516284942626953e+01 0.000000000000000000e+00 4.223196792602539062e+01
4.000000000000000000e+03 2.582198381423950195e+00 9.322299003601074219e+00 0.000000000000000000e+00 4.209254455566406250e+01 2.582198381423950195e+00 9.322299003601074219e+00 0.000000000000000000e+00 4.209254455566406250e+01
5.000000000000000000e+03 1.724272251129150391e+00 8.643083572387695312e+00 0.000000000000000000e+00 4.208786773681640625e+01 1.724272251129150391e+00 8.643083572387695312e+00 0.000000000000000000e+00 4.208786773681640625e+01
6.000000000000000000e+03 1.954072237014770508e+00 7.590113639831542969e+00 0.000000000000000000e+00 4.203629684448242188e+01 1.954072237014770508e+00 7.590113639831542969e+00 0.000000000000000000e+00 4.203629684448242188e+01
7.000000000000000000e+03 1.497943401336669922e+00 6.236075401306152344e+00 0.000000000000000000e+00 4.204114913940429688e+01 1.497943401336669922e+00 6.236075401306152344e+00 0.000000000000000000e+00 4.204114913940429688e+01
8.000000000000000000e+03 1.179592251777648926e+00 4.017230510711669922e+00 0.000000000000000000e+00 4.227338790893554688e+01 1.179592251777648926e+00 4.017230510711669922e+00 0.000000000000000000e+00 4.227338790893554688e+01
9.000000000000000000e+03 6.599488258361816406e-01 2.833352327346801758e+00 0.000000000000000000e+00 4.179334259033203125e+01 6.599488258361816406e-01 2.833352327346801758e+00 0.000000000000000000e+00 4.179334259033203125e+01
1.000000000000000000e+04 7.894944548606872559e-01 2.053414583206176758e+00 0.000000000000000000e+00 3.893668746948242188e+01 7.894944548606872559e-01 2.053414583206176758e+00 0.000000000000000000e+00 3.893668746948242188e+01
1.100000000000000000e+04 1.255573630332946777e+00 1.168976902961730957e+00 0.000000000000000000e+00 3.425456237792968750e+01 1.255573630332946777e+00 1.168976902961730957e+00 0.000000000000000000e+00 3.425456237792968750e+01
1.200000000000000000e+04 1.850658893585205078e+00 9.529981613159179688e-01 0.000000000000000000e+00 2.821283721923828125e+01 1.850658893585205078e+00 9.529981613159179688e-01 0.000000000000000000e+00 2.821283721923828125e+01
1.300000000000000000e+04 1.887654423713684082e+00 3.439907729625701904e-01 0.000000000000000000e+00 2.266676330566406250e+01 1.887654423713684082e+00 3.439907729625701904e-01 0.000000000000000000e+00 2.266676330566406250e+01
1.400000000000000000e+04 1.744910478591918945e+00 1.890962570905685425e-01 0.000000000000000000e+00 1.981240463256835938e+01 1.744910478591918945e+00 1.890962570905685425e-01 0.000000000000000000e+00 1.981240463256835938e+01
1.500000000000000000e+04 1.648860931396484375e+00 7.239894568920135498e-02 0.000000000000000000e+00 1.837686729431152344e+01 1.648860931396484375e+00 7.239894568920135498e-02 0.000000000000000000e+00 1.837686729431152344e+01
1.600000000000000000e+04 1.608206152915954590e+00 8.598291128873825073e-02 0.000000000000000000e+00 1.704075431823730469e+01 1.608206152915954590e+00 8.598291128873825073e-02 0.000000000000000000e+00 1.704075431823730469e+01
1.700000000000000000e+04 1.604284048080444336e+00 3.993671536445617676e-01 0.000000000000000000e+00 1.616929626464843750e+01 1.604284048080444336e+00 3.993671536445617676e-01 0.000000000000000000e+00 1.616929626464843750e+01
1.800000000000000000e+04 1.572678208351135254e+00 4.704352095723152161e-02 0.000000000000000000e+00 1.541709423065185547e+01 1.572678208351135254e+00 4.704352095723152161e-02 0.000000000000000000e+00 1.541709423065185547e+01
1.900000000000000000e+04 1.520835638046264648e+00 1.342359781265258789e-01 0.000000000000000000e+00 1.493058490753173828e+01 1.520835638046264648e+00 1.342359781265258789e-01 0.000000000000000000e+00 1.493058490753173828e+01
2.000000000000000000e+04 1.582923769950866699e+00 1.972252130508422852e-01 0.000000000000000000e+00 1.450240993499755859e+01 1.582923769950866699e+00 1.972252130508422852e-01 0.000000000000000000e+00 1.450240993499755859e+01
