# step, loss_train, loss_test, metrics_test
0.000000000000000000e+00 2.096808398437500000e+04 6.461666107177734375e+01 1.665907031250000000e+04 3.231033020019531250e+02 2.096808398437500000e+04 6.461666107177734375e+01 1.665907031250000000e+04 3.231033020019531250e+02
1.000000000000000000e+03 3.523426818847656250e+01 1.996584320068359375e+01 4.336504459381103516e+00 2.759883728027343750e+02 3.523426818847656250e+01 1.996584320068359375e+01 4.336504459381103516e+00 2.759883728027343750e+02
2.000000000000000000e+03 1.079990100860595703e+01 1.472236824035644531e+01 7.224540710449218750e-01 2.702056579589843750e+02 1.079990100860595703e+01 1.472236824035644531e+01 7.224540710449218750e-01 2.702056579589843750e+02
3.000000000000000000e+03 1.579718685150146484e+01 9.591556549072265625e+00 3.681734800338745117e+00 2.623988342285156250e+02 1.579718685150146484e+01 9.591556549072265625e+00 3.681734800338745117e+00 2.623988342285156250e+02
4.000000000000000000e+03 1.675972747802734375e+01 5.909303665161132812e+00 3.151372671127319336e+00 2.512931213378906250e+02 1.675972747802734375e+01 5.909303665161132812e+00 3.151372671127319336e+00 2.512931213378906250e+02
5.000000000000000000e+03 6.319865703582763672e+00 3.769507169723510742e+00 2.247178405523300171e-01 2.277156982421875000e+02 6.319865703582763672e+00 3.769507169723510742e+00 2.247178405523300171e-01 2.277156982421875000e+02
6.000000000000000000e+03 1.768193817138671875e+01 2.793552398681640625e+00 3.365432500839233398e+00 2.048358459472656250e+02 1.768193817138671875e+01 2.793552398681640625e+00 3.365432500839233398e+00 2.048358459472656250e+02
7.000000000000000000e+03 9.190982942720000000e+11 3.521647216796875000e+03 2.251772108800000000e+10 3.861098632812500000e+03 9.190982942720000000e+11 3.521647216796875000e+03 2.251772108800000000e+10 3.861098632812500000e+03
8.000000000000000000e+03 3.992640605388800000e+13 5.710906250000000000e+04 2.243644620800000000e+10 5.834298046875000000e+04 3.992640605388800000e+13 5.710906250000000000e+04 2.243644620800000000e+10 5.834298046875000000e+04
9.000000000000000000e+03 1.739689086156800000e+14 7.144440625000000000e+04 2.156178432000000000e+10 7.286687500000000000e+04 1.739689086156800000e+14 7.144440625000000000e+04 2.156178432000000000e+10 7.286687500000000000e+04
1.000000000000000000e+04 9.263196217016320000e+14 2.154040039062500000e+03 1.787446681600000000e+10 2.464646728515625000e+03 9.263196217016320000e+14 2.154040039062500000e+03 1.787446681600000000e+10 2.464646728515625000e+03
1.100000000000000000e+04 9.469540538777600000e+13 1.308713437500000000e+05 1.677510963200000000e+10 1.330896250000000000e+05 9.469540538777600000e+13 1.308713437500000000e+05 1.677510963200000000e+10 1.330896250000000000e+05
1.200000000000000000e+04 7.185722522363494400e+16 3.966624375000000000e+05 1.547385856000000000e+10 4.031922812500000000e+05 7.185722522363494400e+16 3.966624375000000000e+05 1.547385856000000000e+10 4.031922812500000000e+05
1.300000000000000000e+04 2.073665155891200000e+13 4.142774375000000000e+05 1.008488960000000000e+10 4.209798437500000000e+05 2.073665155891200000e+13 4.142774375000000000e+05 1.008488960000000000e+10 4.209798437500000000e+05
1.400000000000000000e+04 3.796118588620800000e+14 3.582690312500000000e+05 9.128940544000000000e+09 3.641832187500000000e+05 3.796118588620800000e+14 3.582690312500000000e+05 9.128940544000000000e+09 3.641832187500000000e+05
1.500000000000000000e+04 6.133021618995200000e+13 3.014655312500000000e+05 9.143004160000000000e+09 3.065966562500000000e+05 6.133021618995200000e+13 3.014655312500000000e+05 9.143004160000000000e+09 3.065966562500000000e+05
1.600000000000000000e+04 6.264245452800000000e+12 1.467871875000000000e+05 1.495390924800000000e+10 1.499591875000000000e+05 6.264245452800000000e+12 1.467871875000000000e+05 1.495390924800000000e+10 1.499591875000000000e+05
1.700000000000000000e+04 4.650991093809152000e+15 1.658203125000000000e+04 1.454797414400000000e+10 1.732435351562500000e+04 4.650991093809152000e+15 1.658203125000000000e+04 1.454797414400000000e+10 1.732435351562500000e+04
1.800000000000000000e+04 2.703878206259200000e+14 5.710016601562500000e+03 1.204294656000000000e+10 5.913923828125000000e+03 2.703878206259200000e+14 5.710016601562500000e+03 1.204294656000000000e+10 5.913923828125000000e+03
1.900000000000000000e+04 8.946426183680000000e+11 2.328259124755859375e+02 1.137919590400000000e+10 5.600892944335937500e+02 8.946426183680000000e+11 2.328259124755859375e+02 1.137919590400000000e+10 5.600892944335937500e+02
2.000000000000000000e+04 5.271712115458048000e+15 1.509934082031250000e+04 1.125962547200000000e+10 1.542948828125000000e+04 5.271712115458048000e+15 1.509934082031250000e+04 1.125962547200000000e+10 1.542948828125000000e+04
