# step, loss_train, loss_test, metrics_test
0.000000000000000000e+00 3.029771240234375000e+03 2.933128356933593750e+01 8.168927246093750000e+03 3.128813171386718750e+02 3.029771240234375000e+03 2.933128356933593750e+01 8.168927246093750000e+03 3.128813171386718750e+02
1.000000000000000000e+03 1.269484062500000000e+05 2.734196472167968750e+02 2.791797851562500000e+04 4.300652770996093750e+02 1.269484062500000000e+05 2.734196472167968750e+02 2.791797851562500000e+04 4.300652770996093750e+02
2.000000000000000000e+03 6.937704687500000000e+04 2.735534362792968750e+02 2.792427148437500000e+04 4.309605407714843750e+02 6.937704687500000000e+04 2.735534362792968750e+02 2.792427148437500000e+04 4.309605407714843750e+02
3.000000000000000000e+03 3.215927929687500000e+04 2.736679382324218750e+02 2.793191992187500000e+04 4.314974060058593750e+02 3.215927929687500000e+04 2.736679382324218750e+02 2.793191992187500000e+04 4.314974060058593750e+02
4.000000000000000000e+03 1.201227148437500000e+04 2.736917724609375000e+02 2.793259179687500000e+04 4.318562927246093750e+02 1.201227148437500000e+04 2.736917724609375000e+02 2.793259179687500000e+04 4.318562927246093750e+02
5.000000000000000000e+03 4.342977539062500000e+03 2.734357910156250000e+02 2.791000976562500000e+04 4.319826354980468750e+02 4.342977539062500000e+03 2.734357910156250000e+02 2.791000976562500000e+04 4.319826354980468750e+02
6.000000000000000000e+03 1.678650878906250000e+03 2.718290100097656250e+02 2.777129492187500000e+04 4.313010253906250000e+02 1.678650878906250000e+03 2.718290100097656250e+02 2.777129492187500000e+04 4.313010253906250000e+02
7.000000000000000000e+03 8.688711547851562500e+02 2.675139465332031250e+02 2.739980468750000000e+04 4.290557250976562500e+02 8.688711547851562500e+02 2.675139465332031250e+02 2.739980468750000000e+04 4.290557250976562500e+02
8.000000000000000000e+03 5.407624511718750000e+02 2.590335693359375000e+02 2.666860351562500000e+04 4.244252624511718750e+02 5.407624511718750000e+02 2.590335693359375000e+02 2.666860351562500000e+04 4.244252624511718750e+02
9.000000000000000000e+03 4.071430664062500000e+02 2.416958007812500000e+02 2.516694335937500000e+04 4.147418823242187500e+02 4.071430664062500000e+02 2.416958007812500000e+02 2.516694335937500000e+04 4.147418823242187500e+02
1.000000000000000000e+04 3.464910583496093750e+02 2.022162475585937500e+02 2.170578906250000000e+04 3.924110412597656250e+02 3.464910583496093750e+02 2.022162475585937500e+02 2.170578906250000000e+04 3.924110412597656250e+02
1.100000000000000000e+04 2.189314727783203125e+02 1.171628112792968750e+02 1.394691796875000000e+04 3.435994567871093750e+02 2.189314727783203125e+02 1.171628112792968750e+02 1.394691796875000000e+04 3.435994567871093750e+02
1.200000000000000000e+04 6.935097503662109375e+01 4.653993988037109375e+01 6.713964843750000000e+03 3.016374816894531250e+02 6.935097503662109375e+01 4.653993988037109375e+01 6.713964843750000000e+03 3.016374816894531250e+02
1.300000000000000000e+04 2.432386016845703125e+01 2.784185600280761719e+01 4.270668457031250000e+03 2.895885925292968750e+02 2.432386016845703125e+01 2.784185600280761719e+01 4.270668457031250000e+03 2.895885925292968750e+02
1.400000000000000000e+04 1.234213542938232422e+01 2.310038757324218750e+01 3.427732177734375000e+03 2.861364135742187500e+02 1.234213542938232422e+01 2.310038757324218750e+01 3.427732177734375000e+03 2.861364135742187500e+02
1.500000000000000000e+04 6.676651000976562500e+00 2.155991935729980469e+01 3.054181152343750000e+03 2.848347167968750000e+02 6.676651000976562500e+00 2.155991935729980469e+01 3.054181152343750000e+03 2.848347167968750000e+02
1.600000000000000000e+04 4.785381317138671875e+00 2.100347709655761719e+01 2.861170654296875000e+03 2.842648010253906250e+02 4.785381317138671875e+00 2.100347709655761719e+01 2.861170654296875000e+03 2.842648010253906250e+02
1.700000000000000000e+04 1.949011564254760742e+00 2.073647689819335938e+01 2.749948974609375000e+03 2.839446716308593750e+02 1.949011564254760742e+00 2.073647689819335938e+01 2.749948974609375000e+03 2.839446716308593750e+02
1.800000000000000000e+04 1.015391111373901367e+00 2.045010185241699219e+01 2.684007080078125000e+03 2.836765747070312500e+02 1.015391111373901367e+00 2.045010185241699219e+01 2.684007080078125000e+03 2.836765747070312500e+02
1.900000000000000000e+04 5.687894821166992188e-01 2.052577209472656250e+01 2.643919433593750000e+03 2.836523132324218750e+02 5.687894821166992188e-01 2.052577209472656250e+01 2.643919433593750000e+03 2.836523132324218750e+02
2.000000000000000000e+04 3.294008374214172363e-01 2.049430274963378906e+01 2.619749755859375000e+03 2.835917663574218750e+02 3.294008374214172363e-01 2.049430274963378906e+01 2.619749755859375000e+03 2.835917663574218750e+02
