# step, loss_train, loss_test, metrics_test
0.000000000000000000e+00 1.041972656250000000e+04 3.430127716064453125e+01 1.942265869140625000e+03 0.000000000000000000e+00 1.041972656250000000e+04 3.430127716064453125e+01 1.942265869140625000e+03 0.000000000000000000e+00
1.000000000000000000e+03 1.128459106445312500e+03 2.901437568664550781e+01 1.558913574218750000e+03 0.000000000000000000e+00 1.128459106445312500e+03 2.901437568664550781e+01 1.558913574218750000e+03 0.000000000000000000e+00
2.000000000000000000e+03 3.339741516113281250e+02 2.227348136901855469e+01 1.120450073242187500e+03 0.000000000000000000e+00 3.339741516113281250e+02 2.227348136901855469e+01 1.120450073242187500e+03 0.000000000000000000e+00
3.000000000000000000e+03 1.310039215087890625e+02 1.804022598266601562e+01 8.135839843750000000e+02 0.000000000000000000e+00 1.310039215087890625e+02 1.804022598266601562e+01 8.135839843750000000e+02 0.000000000000000000e+00
4.000000000000000000e+03 5.260080337524414062e+01 1.622880554199218750e+01 6.209390869140625000e+02 0.000000000000000000e+00 5.260080337524414062e+01 1.622880554199218750e+01 6.209390869140625000e+02 0.000000000000000000e+00
5.000000000000000000e+03 2.810673904418945312e+01 1.622552680969238281e+01 5.115380554199218750e+02 0.000000000000000000e+00 2.810673904418945312e+01 1.622552680969238281e+01 5.115380554199218750e+02 0.000000000000000000e+00
6.000000000000000000e+03 2.061730194091796875e+01 1.732421684265136719e+01 4.625329589843750000e+02 0.000000000000000000e+00 2.061730194091796875e+01 1.732421684265136719e+01 4.625329589843750000e+02 0.000000000000000000e+00
7.000000000000000000e+03 1.593903732299804688e+01 1.867574119567871094e+01 4.408183898925781250e+02 0.000000000000000000e+00 1.593903732299804688e+01 1.867574119567871094e+01 4.408183898925781250e+02 0.000000000000000000e+00
8.000000000000000000e+03 1.306261634826660156e+01 1.964978027343750000e+01 4.238581542968750000e+02 0.000000000000000000e+00 1.306261634826660156e+01 1.964978027343750000e+01 4.238581542968750000e+02 0.000000000000000000e+00
9.000000000000000000e+03 1.141280555725097656e+01 2.036820983886718750e+01 4.071377258300781250e+02 0.000000000000000000e+00 1.141280555725097656e+01 2.036820983886718750e+01 4.071377258300781250e+02 0.000000000000000000e+00
1.000000000000000000e+04 1.042710590362548828e+01 2.100733757019042969e+01 3.898765869140625000e+02 0.000000000000000000e+00 1.042710590362548828e+01 2.100733757019042969e+01 3.898765869140625000e+02 0.000000000000000000e+00
1.100000000000000000e+04 1.012349796295166016e+01 2.168755340576171875e+01 3.705853576660156250e+02 0.000000000000000000e+00 1.012349796295166016e+01 2.168755340576171875e+01 3.705853576660156250e+02 0.000000000000000000e+00
1.200000000000000000e+04 1.049393653869628906e+01 2.225293731689453125e+01 3.498878479003906250e+02 0.000000000000000000e+00 1.049393653869628906e+01 2.225293731689453125e+01 3.498878479003906250e+02 0.000000000000000000e+00
1.300000000000000000e+04 1.165252971649169922e+01 2.242801666259765625e+01 3.296289672851562500e+02 0.000000000000000000e+00 1.165252971649169922e+01 2.242801666259765625e+01 3.296289672851562500e+02 0.000000000000000000e+00
1.400000000000000000e+04 1.485143089294433594e+01 2.239429855346679688e+01 3.014303894042968750e+02 0.000000000000000000e+00 1.485143089294433594e+01 2.239429855346679688e+01 3.014303894042968750e+02 0.000000000000000000e+00
1.500000000000000000e+04 2.144860458374023438e+01 2.272076988220214844e+01 2.516556701660156250e+02 0.000000000000000000e+00 2.144860458374023438e+01 2.272076988220214844e+01 2.516556701660156250e+02 0.000000000000000000e+00
1.600000000000000000e+04 2.779993438720703125e+01 2.591940116882324219e+01 1.789803771972656250e+02 0.000000000000000000e+00 2.779993438720703125e+01 2.591940116882324219e+01 1.789803771972656250e+02 0.000000000000000000e+00
1.700000000000000000e+04 2.986529159545898438e+01 3.330971145629882812e+01 1.009744110107421875e+02 0.000000000000000000e+00 2.986529159545898438e+01 3.330971145629882812e+01 1.009744110107421875e+02 0.000000000000000000e+00
1.800000000000000000e+04 2.523343467712402344e+01 4.048245239257812500e+01 5.152635955810546875e+01 0.000000000000000000e+00 2.523343467712402344e+01 4.048245239257812500e+01 5.152635955810546875e+01 0.000000000000000000e+00
1.900000000000000000e+04 1.830655097961425781e+01 4.272520828247070312e+01 2.764227294921875000e+01 0.000000000000000000e+00 1.830655097961425781e+01 4.272520828247070312e+01 2.764227294921875000e+01 0.000000000000000000e+00
2.000000000000000000e+04 1.319708538055419922e+01 4.071532058715820312e+01 1.735330772399902344e+01 0.000000000000000000e+00 1.319708538055419922e+01 4.071532058715820312e+01 1.735330772399902344e+01 0.000000000000000000e+00
