# step, loss_train, loss_test, metrics_test
0.000000000000000000e+00 1.335977656250000000e+05 2.771633911132812500e+02 3.680338867187500000e+03 1.766520080566406250e+02 1.335977656250000000e+05 2.771633911132812500e+02 3.680338867187500000e+03 1.766520080566406250e+02
1.000000000000000000e+03 3.869868774414062500e+02 2.385372352600097656e+01 2.427052917480468750e+02 1.424237365722656250e+02 3.869868774414062500e+02 2.385372352600097656e+01 2.427052917480468750e+02 1.424237365722656250e+02
2.000000000000000000e+03 1.478473663330078125e+02 2.815148162841796875e+01 7.512222290039062500e+01 1.447726745605468750e+02 1.478473663330078125e+02 2.815148162841796875e+01 7.512222290039062500e+01 1.447726745605468750e+02
3.000000000000000000e+03 1.092586288452148438e+02 2.088981056213378906e+01 2.479655265808105469e+01 1.403026123046875000e+02 1.092586288452148438e+02 2.088981056213378906e+01 2.479655265808105469e+01 1.403026123046875000e+02
4.000000000000000000e+03 7.499143981933593750e+01 1.559414386749267578e+01 1.151033210754394531e+01 1.361120605468750000e+02 7.499143981933593750e+01 1.559414386749267578e+01 1.151033210754394531e+01 1.361120605468750000e+02
5.000000000000000000e+03 5.123920059204101562e+01 1.210148525238037109e+01 5.353962421417236328e+00 1.323495178222656250e+02 5.123920059204101562e+01 1.210148525238037109e+01 5.353962421417236328e+00 1.323495178222656250e+02
6.000000000000000000e+03 3.604410171508789062e+01 8.435317993164062500e+00 1.525725483894348145e+00 1.282257843017578125e+02 3.604410171508789062e+01 8.435317993164062500e+00 1.525725483894348145e+00 1.282257843017578125e+02
7.000000000000000000e+03 2.561601448059082031e+01 6.542911052703857422e+00 7.872344255447387695e-01 1.235713577270507812e+02 2.561601448059082031e+01 6.542911052703857422e+00 7.872344255447387695e-01 1.235713577270507812e+02
8.000000000000000000e+03 1.819000053405761719e+01 5.186495304107666016e+00 4.288522899150848389e-01 1.188973541259765625e+02 1.819000053405761719e+01 5.186495304107666016e+00 4.288522899150848389e-01 1.188973541259765625e+02
9.000000000000000000e+03 1.413623619079589844e+01 4.377761363983154297e+00 2.316387891769409180e-01 1.129384689331054688e+02 1.413623619079589844e+01 4.377761363983154297e+00 2.316387891769409180e-01 1.129384689331054688e+02
1.000000000000000000e+04 1.303388309478759766e+01 4.121027946472167969e+00 1.066598296165466309e+00 1.069922180175781250e+02 1.303388309478759766e+01 4.121027946472167969e+00 1.066598296165466309e+00 1.069922180175781250e+02
1.100000000000000000e+04 1.330555820465087891e+01 3.723471164703369141e+00 2.471349239349365234e+00 1.014075317382812500e+02 1.330555820465087891e+01 3.723471164703369141e+00 2.471349239349365234e+00 1.014075317382812500e+02
1.200000000000000000e+04 1.336376285552978516e+01 4.106946945190429688e+00 1.419211387634277344e+00 9.282628631591796875e+01 1.336376285552978516e+01 4.106946945190429688e+00 1.419211387634277344e+00 9.282628631591796875e+01
1.300000000000000000e+04 1.421568298339843750e+01 3.504638910293579102e+00 1.696028709411621094e+00 8.408200836181640625e+01 1.421568298339843750e+01 3.504638910293579102e+00 1.696028709411621094e+00 8.408200836181640625e+01
1.400000000000000000e+04 1.601095962524414062e+01 2.624282121658325195e+00 1.237128973007202148e+00 7.470497894287109375e+01 1.601095962524414062e+01 2.624282121658325195e+00 1.237128973007202148e+00 7.470497894287109375e+01
1.500000000000000000e+04 1.867048072814941406e+01 2.528453826904296875e+00 2.168046951293945312e+00 6.630061340332031250e+01 1.867048072814941406e+01 2.528453826904296875e+00 2.168046951293945312e+00 6.630061340332031250e+01
1.600000000000000000e+04 2.015677452087402344e+01 1.674037337303161621e+00 4.639917373657226562e+00 5.669720077514648438e+01 2.015677452087402344e+01 1.674037337303161621e+00 4.639917373657226562e+00 5.669720077514648438e+01
1.700000000000000000e+04 2.112768363952636719e+01 1.488827347755432129e+00 2.035321235656738281e+00 5.195498657226562500e+01 2.112768363952636719e+01 1.488827347755432129e+00 2.035321235656738281e+00 5.195498657226562500e+01
1.800000000000000000e+04 2.147599411010742188e+01 1.281023979187011719e+00 4.030644595623016357e-01 4.554742050170898438e+01 2.147599411010742188e+01 1.281023979187011719e+00 4.030644595623016357e-01 4.554742050170898438e+01
1.900000000000000000e+04 2.074980354309082031e+01 1.221210837364196777e+00 4.915797710418701172e+00 4.245852279663085938e+01 2.074980354309082031e+01 1.221210837364196777e+00 4.915797710418701172e+00 4.245852279663085938e+01
2.000000000000000000e+04 2.243350982666015625e+01 1.122847199440002441e+00 8.799623250961303711e-01 3.589957427978515625e+01 2.243350982666015625e+01 1.122847199440002441e+00 8.799623250961303711e-01 3.589957427978515625e+01
