# step, loss_train, loss_test, metrics_test
0.000000000000000000e+00 1.616604101562500000e+04 1.126242828369140625e+01 3.415490722656250000e+03 2.809167480468750000e+02 1.616604101562500000e+04 1.126242828369140625e+01 3.415490722656250000e+03 2.809167480468750000e+02
1.000000000000000000e+03 1.422486877441406250e+01 5.219841766357421875e+01 1.701826171875000000e+02 2.641094360351562500e+02 1.422486877441406250e+01 5.219841766357421875e+01 1.701826171875000000e+02 2.641094360351562500e+02
2.000000000000000000e+03 5.846918582916259766e+00 3.474868392944335938e+01 9.847372055053710938e+00 2.690880432128906250e+02 5.846918582916259766e+00 3.474868392944335938e+01 9.847372055053710938e+00 2.690880432128906250e+02
3.000000000000000000e+03 4.903182506561279297e+00 2.993338394165039062e+01 3.128233909606933594e+00 2.665087890625000000e+02 4.903182506561279297e+00 2.993338394165039062e+01 3.128233909606933594e+00 2.665087890625000000e+02
4.000000000000000000e+03 4.446742057800292969e+00 2.609557533264160156e+01 7.095122337341308594e+00 2.639808044433593750e+02 4.446742057800292969e+00 2.609557533264160156e+01 7.095122337341308594e+00 2.639808044433593750e+02
5.000000000000000000e+03 5.132101535797119141e+00 2.211139869689941406e+01 2.236772298812866211e+00 2.622491455078125000e+02 5.132101535797119141e+00 2.211139869689941406e+01 2.236772298812866211e+00 2.622491455078125000e+02
6.000000000000000000e+03 8.214240074157714844e+00 1.571225643157958984e+01 9.868520355224609375e+01 2.564182434082031250e+02 8.214240074157714844e+00 1.571225643157958984e+01 9.868520355224609375e+01 2.564182434082031250e+02
7.000000000000000000e+03 4.244615554809570312e+00 1.243264865875244141e+01 2.911236524581909180e+00 2.554779510498046875e+02 4.244615554809570312e+00 1.243264865875244141e+01 2.911236524581909180e+00 2.554779510498046875e+02
8.000000000000000000e+03 3.933784961700439453e+00 8.901777267456054688e+00 2.262101411819458008e+00 2.569415893554687500e+02 3.933784961700439453e+00 8.901777267456054688e+00 2.262101411819458008e+00 2.569415893554687500e+02
9.000000000000000000e+03 1.116679200000000000e+07 1.984814218750000000e+05 2.555423500000000000e+06 5.876074218750000000e+04 1.116679200000000000e+07 1.984814218750000000e+05 2.555423500000000000e+06 5.876074218750000000e+04
1.000000000000000000e+04 6.889106000000000000e+06 1.700526875000000000e+05 2.364460250000000000e+06 5.211021484375000000e+04 6.889106000000000000e+06 1.700526875000000000e+05 2.364460250000000000e+06 5.211021484375000000e+04
1.100000000000000000e+04 3.986212250000000000e+06 1.976910625000000000e+05 4.055732250000000000e+06 6.819693750000000000e+04 3.986212250000000000e+06 1.976910625000000000e+05 4.055732250000000000e+06 6.819693750000000000e+04
1.200000000000000000e+04 2.111177500000000000e+06 7.150778906250000000e+04 1.109719375000000000e+06 2.406885351562500000e+04 2.111177500000000000e+06 7.150778906250000000e+04 1.109719375000000000e+06 2.406885351562500000e+04
1.300000000000000000e+04 1.687826000000000000e+06 2.489476562500000000e+04 2.565982343750000000e+05 8.578784179687500000e+03 1.687826000000000000e+06 2.489476562500000000e+04 2.565982343750000000e+05 8.578784179687500000e+03
1.400000000000000000e+04 9.159745000000000000e+05 8.174520019531250000e+03 7.928244531250000000e+04 3.271968261718750000e+03 9.159745000000000000e+05 8.174520019531250000e+03 7.928244531250000000e+04 3.271968261718750000e+03
1.500000000000000000e+04 4.880722500000000000e+05 2.797426757812500000e+03 3.390809765625000000e+04 1.506839599609375000e+03 4.880722500000000000e+05 2.797426757812500000e+03 3.390809765625000000e+04 1.506839599609375000e+03
1.600000000000000000e+04 1.012302500000000000e+06 1.521455444335937500e+03 2.181133398437500000e+04 1.129854125976562500e+03 1.012302500000000000e+06 1.521455444335937500e+03 2.181133398437500000e+04 1.129854125976562500e+03
1.700000000000000000e+04 5.714258125000000000e+05 9.143021484375000000e+03 2.082764218750000000e+05 5.008184082031250000e+03 5.714258125000000000e+05 9.143021484375000000e+03 2.082764218750000000e+05 5.008184082031250000e+03
1.800000000000000000e+04 2.038916718750000000e+05 8.219553833007812500e+02 2.171935546875000000e+04 7.962759399414062500e+02 2.038916718750000000e+05 8.219553833007812500e+02 2.171935546875000000e+04 7.962759399414062500e+02
1.900000000000000000e+04 2.099149218750000000e+04 8.167747497558593750e+01 2.313240234375000000e+03 3.830044860839843750e+02 2.099149218750000000e+04 8.167747497558593750e+01 2.313240234375000000e+03 3.830044860839843750e+02
2.000000000000000000e+04 9.925983398437500000e+03 3.732119750976562500e+01 1.595330078125000000e+03 3.490710754394531250e+02 9.925983398437500000e+03 3.732119750976562500e+01 1.595330078125000000e+03 3.490710754394531250e+02
