# step, loss_train, loss_test, metrics_test
0.000000000000000000e+00 7.985940917968750000e+03 1.779503631591796875e+02 1.314219238281250000e+04 6.687409667968750000e+02 7.985940917968750000e+03 1.779503631591796875e+02 1.314219238281250000e+04 6.687409667968750000e+02
1.000000000000000000e+03 2.185391807556152344e+01 2.363124275207519531e+01 2.779157104492187500e+02 4.240266113281250000e+02 2.185391807556152344e+01 2.363124275207519531e+01 2.779157104492187500e+02 4.240266113281250000e+02
2.000000000000000000e+03 1.300158882141113281e+01 1.881456375122070312e+01 2.669694824218750000e+02 4.031459655761718750e+02 1.300158882141113281e+01 1.881456375122070312e+01 2.669694824218750000e+02 4.031459655761718750e+02
3.000000000000000000e+03 1.923892402648925781e+01 2.469165420532226562e+01 8.876534423828125000e+02 3.961506042480468750e+02 1.923892402648925781e+01 2.469165420532226562e+01 8.876534423828125000e+02 3.961506042480468750e+02
4.000000000000000000e+03 1.422488882241168540e-08 1.814970016479492188e+01 1.113325195312500000e+03 4.296809692382812500e+02 1.422488882241168540e-08 1.814970016479492188e+01 1.113325195312500000e+03 4.296809692382812500e+02
5.000000000000000000e+03 1.422499451564362971e-08 1.814287948608398438e+01 1.113338745117187500e+03 4.296743774414062500e+02 1.422499451564362971e-08 1.814287948608398438e+01 1.113338745117187500e+03 4.296743774414062500e+02
6.000000000000000000e+03 1.422488882241168540e-08 1.815083503723144531e+01 1.113322998046875000e+03 4.296820983886718750e+02 1.422488882241168540e-08 1.815083503723144531e+01 1.113322998046875000e+03 4.296820983886718750e+02
7.000000000000000000e+03 1.484576372945412004e-08 5.723599624633789062e+01 4.681817871093750000e+03 4.719229431152343750e+02 1.484576372945412004e-08 5.723599624633789062e+01 4.681817871093750000e+03 4.719229431152343750e+02
8.000000000000000000e+03 1.422352280400218660e-08 1.824835586547851562e+01 1.113149169921875000e+03 4.297767333984375000e+02 1.422352280400218660e-08 1.824835586547851562e+01 1.113149169921875000e+03 4.297767333984375000e+02
9.000000000000000000e+03 1.422335227374560418e-08 1.814940261840820312e+01 1.113325805664062500e+03 4.296806945800781250e+02 1.422335227374560418e-08 1.814940261840820312e+01 1.113325805664062500e+03 4.296806945800781250e+02
1.000000000000000000e+04 1.421953577107615274e-08 1.817519950866699219e+01 1.113276123046875000e+03 4.297057800292968750e+02 1.421953577107615274e-08 1.817519950866699219e+01 1.113276123046875000e+03 4.297057800292968750e+02
1.100000000000000000e+04 1.421459838724103975e-08 1.821921157836914062e+01 1.113197265625000000e+03 4.297484436035156250e+02 1.421459838724103975e-08 1.821921157836914062e+01 1.113197265625000000e+03 4.297484436035156250e+02
1.200000000000000000e+04 1.420828343867697185e-08 1.811176109313964844e+01 1.113402587890625000e+03 4.296441650390625000e+02 1.420828343867697185e-08 1.811176109313964844e+01 1.113402587890625000e+03 4.296441650390625000e+02
1.300000000000000000e+04 1.419821860082493004e-08 1.792950439453125000e+01 1.113854248046875000e+03 4.294674682617187500e+02 1.419821860082493004e-08 1.792950439453125000e+01 1.113854248046875000e+03 4.294674682617187500e+02
1.400000000000000000e+04 1.235897428841781220e-08 1.799390983581542969e+01 1.113679443359375000e+03 4.295299072265625000e+02 1.235897428841781220e-08 1.799390983581542969e+01 1.113679443359375000e+03 4.295299072265625000e+02
1.500000000000000000e+04 1.233550239732039699e-08 1.817557334899902344e+01 1.113275512695312500e+03 4.297061462402343750e+02 1.233550239732039699e-08 1.817557334899902344e+01 1.113275512695312500e+03 4.297061462402343750e+02
1.600000000000000000e+04 1.061759391518535267e-08 1.756465339660644531e+01 1.115171875000000000e+03 4.291142272949218750e+02 1.061759391518535267e-08 1.756465339660644531e+01 1.115171875000000000e+03 4.291142272949218750e+02
1.700000000000000000e+04 9.002912193523116002e-09 1.845007324218750000e+01 1.112901855468750000e+03 4.299725952148437500e+02 9.002912193523116002e-09 1.845007324218750000e+01 1.112901855468750000e+03 4.299725952148437500e+02
1.800000000000000000e+04 6.216604120368174335e-09 1.815078926086425781e+01 1.113322998046875000e+03 4.296820068359375000e+02 6.216604120368174335e-09 1.815078926086425781e+01 1.113322998046875000e+03 4.296820068359375000e+02
1.900000000000000000e+04 3.019034799933706381e-09 1.748666191101074219e+01 1.115529418945312500e+03 4.290387573242187500e+02 3.019034799933706381e-09 1.748666191101074219e+01 1.115529418945312500e+03 4.290387573242187500e+02
2.000000000000000000e+04 2.211629546167159788e-09 1.824778747558593750e+01 1.113150146484375000e+03 4.297761535644531250e+02 2.211629546167159788e-09 1.824778747558593750e+01 1.113150146484375000e+03 4.297761535644531250e+02
