# step, loss_train, loss_test, metrics_test
0.000000000000000000e+00 0.000000000000000000e+00 1.016423892974853516e+01 3.815195556640625000e+03 1.073087158203125000e+02 0.000000000000000000e+00 1.016423892974853516e+01 3.815195556640625000e+03 1.073087158203125000e+02
1.000000000000000000e+03 0.000000000000000000e+00 1.430294704437255859e+01 2.863653076171875000e+03 1.087073822021484375e+02 0.000000000000000000e+00 1.430294704437255859e+01 2.863653076171875000e+03 1.087073822021484375e+02
2.000000000000000000e+03 0.000000000000000000e+00 1.432230758666992188e+01 2.863629394531250000e+03 1.087134857177734375e+02 0.000000000000000000e+00 1.432230758666992188e+01 2.863629394531250000e+03 1.087134857177734375e+02
3.000000000000000000e+03 0.000000000000000000e+00 1.430554008483886719e+01 2.863648681640625000e+03 1.087081375122070312e+02 0.000000000000000000e+00 1.430554008483886719e+01 2.863648681640625000e+03 1.087081375122070312e+02
4.000000000000000000e+03 0.000000000000000000e+00 1.451872825622558594e+01 2.863708740234375000e+03 1.087762069702148438e+02 0.000000000000000000e+00 1.451872825622558594e+01 2.863708740234375000e+03 1.087762069702148438e+02
5.000000000000000000e+03 0.000000000000000000e+00 1.276558971405029297e+01 2.886970458984375000e+03 1.082189331054687500e+02 0.000000000000000000e+00 1.276558971405029297e+01 2.886970458984375000e+03 1.082189331054687500e+02
6.000000000000000000e+03 0.000000000000000000e+00 1.394584655761718750e+01 2.865115234375000000e+03 1.085932998657226562e+02 0.000000000000000000e+00 1.394584655761718750e+01 2.865115234375000000e+03 1.085932998657226562e+02
7.000000000000000000e+03 0.000000000000000000e+00 1.436312484741210938e+01 2.863599853515625000e+03 1.087263717651367188e+02 0.000000000000000000e+00 1.436312484741210938e+01 2.863599853515625000e+03 1.087263717651367188e+02
8.000000000000000000e+03 0.000000000000000000e+00 1.431794166564941406e+01 2.863634277343750000e+03 1.087119216918945312e+02 0.000000000000000000e+00 1.431794166564941406e+01 2.863634277343750000e+03 1.087119216918945312e+02
9.000000000000000000e+03 0.000000000000000000e+00 1.430838489532470703e+01 2.863645507812500000e+03 1.087088623046875000e+02 0.000000000000000000e+00 1.430838489532470703e+01 2.863645507812500000e+03 1.087088623046875000e+02
1.000000000000000000e+04 0.000000000000000000e+00 1.431225585937500000e+01 2.863640625000000000e+03 1.087101058959960938e+02 0.000000000000000000e+00 1.431225585937500000e+01 2.863640625000000000e+03 1.087101058959960938e+02
1.100000000000000000e+04 0.000000000000000000e+00 1.437307739257812500e+01 2.863596435546875000e+03 1.087295303344726562e+02 0.000000000000000000e+00 1.437307739257812500e+01 2.863596435546875000e+03 1.087295303344726562e+02
1.200000000000000000e+04 0.000000000000000000e+00 1.170649909973144531e+01 2.939094482421875000e+03 1.078866958618164062e+02 0.000000000000000000e+00 1.170649909973144531e+01 2.939094482421875000e+03 1.078866958618164062e+02
1.300000000000000000e+04 0.000000000000000000e+00 1.588369464874267578e+01 2.877674804687500000e+03 1.092136230468750000e+02 0.000000000000000000e+00 1.588369464874267578e+01 2.877674804687500000e+03 1.092136230468750000e+02
1.400000000000000000e+04 0.000000000000000000e+00 1.438401699066162109e+01 2.863594238281250000e+03 1.087330245971679688e+02 0.000000000000000000e+00 1.438401699066162109e+01 2.863594238281250000e+03 1.087330245971679688e+02
1.500000000000000000e+04 0.000000000000000000e+00 1.431402206420898438e+01 2.863638671875000000e+03 1.087106781005859375e+02 0.000000000000000000e+00 1.431402206420898438e+01 2.863638671875000000e+03 1.087106781005859375e+02
1.600000000000000000e+04 0.000000000000000000e+00 1.430546665191650391e+01 2.863649414062500000e+03 1.087079544067382812e+02 0.000000000000000000e+00 1.430546665191650391e+01 2.863649414062500000e+03 1.087079544067382812e+02
1.700000000000000000e+04 0.000000000000000000e+00 2.293705368041992188e+01 3.163199218750000000e+03 1.114994583129882812e+02 0.000000000000000000e+00 2.293705368041992188e+01 3.163199218750000000e+03 1.114994583129882812e+02
1.800000000000000000e+04 0.000000000000000000e+00 1.448240947723388672e+01 2.863652343750000000e+03 1.087644577026367188e+02 0.000000000000000000e+00 1.448240947723388672e+01 2.863652343750000000e+03 1.087644577026367188e+02
1.900000000000000000e+04 0.000000000000000000e+00 1.430545806884765625e+01 2.863648925781250000e+03 1.087079467773437500e+02 0.000000000000000000e+00 1.430545806884765625e+01 2.863648925781250000e+03 1.087079467773437500e+02
2.000000000000000000e+04 0.000000000000000000e+00 1.430509853363037109e+01 2.863649658203125000e+03 1.087078247070312500e+02 0.000000000000000000e+00 1.430509853363037109e+01 2.863649658203125000e+03 1.087078247070312500e+02
