# step, loss_train, loss_test, metrics_test
0.000000000000000000e+00 0.000000000000000000e+00 1.297792510986328125e+02 2.162497070312500000e+04 2.306806182861328125e+02 0.000000000000000000e+00 1.297792510986328125e+02 2.162497070312500000e+04 2.306806182861328125e+02
1.000000000000000000e+03 0.000000000000000000e+00 1.467363262176513672e+01 1.231671386718750000e+03 1.677152252197265625e+02 0.000000000000000000e+00 1.467363262176513672e+01 1.231671386718750000e+03 1.677152252197265625e+02
2.000000000000000000e+03 0.000000000000000000e+00 1.467365646362304688e+01 1.231671142578125000e+03 1.677152404785156250e+02 0.000000000000000000e+00 1.467365646362304688e+01 1.231671142578125000e+03 1.677152404785156250e+02
3.000000000000000000e+03 0.000000000000000000e+00 1.467720985412597656e+01 1.231666015625000000e+03 1.677169189453125000e+02 0.000000000000000000e+00 1.467720985412597656e+01 1.231666015625000000e+03 1.677169189453125000e+02
4.000000000000000000e+03 0.000000000000000000e+00 1.466898918151855469e+01 1.231678100585937500e+03 1.677129974365234375e+02 0.000000000000000000e+00 1.466898918151855469e+01 1.231678100585937500e+03 1.677129974365234375e+02
5.000000000000000000e+03 0.000000000000000000e+00 1.467348289489746094e+01 1.231671630859375000e+03 1.677151489257812500e+02 0.000000000000000000e+00 1.467348289489746094e+01 1.231671630859375000e+03 1.677151489257812500e+02
6.000000000000000000e+03 0.000000000000000000e+00 1.467430305480957031e+01 1.231670288085937500e+03 1.677155303955078125e+02 0.000000000000000000e+00 1.467430305480957031e+01 1.231670288085937500e+03 1.677155303955078125e+02
7.000000000000000000e+03 0.000000000000000000e+00 1.030850410461425781e+01 1.381179321289062500e+03 1.657017059326171875e+02 0.000000000000000000e+00 1.030850410461425781e+01 1.381179321289062500e+03 1.657017059326171875e+02
8.000000000000000000e+03 0.000000000000000000e+00 1.520902156829833984e+01 1.231734008789062500e+03 1.679698638916015625e+02 0.000000000000000000e+00 1.520902156829833984e+01 1.231734008789062500e+03 1.679698638916015625e+02
9.000000000000000000e+03 0.000000000000000000e+00 1.460701656341552734e+01 1.231783569335937500e+03 1.676835784912109375e+02 0.000000000000000000e+00 1.460701656341552734e+01 1.231783569335937500e+03 1.676835784912109375e+02
1.000000000000000000e+04 0.000000000000000000e+00 1.467343425750732422e+01 1.231671630859375000e+03 1.677151184082031250e+02 0.000000000000000000e+00 1.467343425750732422e+01 1.231671630859375000e+03 1.677151184082031250e+02
1.100000000000000000e+04 0.000000000000000000e+00 1.467408084869384766e+01 1.231670654296875000e+03 1.677154235839843750e+02 0.000000000000000000e+00 1.467408084869384766e+01 1.231670654296875000e+03 1.677154235839843750e+02
1.200000000000000000e+04 0.000000000000000000e+00 1.466372966766357422e+01 1.231686279296875000e+03 1.677104949951171875e+02 0.000000000000000000e+00 1.466372966766357422e+01 1.231686279296875000e+03 1.677104949951171875e+02
1.300000000000000000e+04 0.000000000000000000e+00 1.788941383361816406e+01 1.251599609375000000e+03 1.692528991699218750e+02 0.000000000000000000e+00 1.788941383361816406e+01 1.251599609375000000e+03 1.692528991699218750e+02
1.400000000000000000e+04 0.000000000000000000e+00 1.476886272430419922e+01 1.231558959960937500e+03 1.677604522705078125e+02 0.000000000000000000e+00 1.476886272430419922e+01 1.231558959960937500e+03 1.677604522705078125e+02
1.500000000000000000e+04 0.000000000000000000e+00 1.467081451416015625e+01 1.231675537109375000e+03 1.677138824462890625e+02 0.000000000000000000e+00 1.467081451416015625e+01 1.231675537109375000e+03 1.677138824462890625e+02
1.600000000000000000e+04 0.000000000000000000e+00 1.467371940612792969e+01 1.231671142578125000e+03 1.677152557373046875e+02 0.000000000000000000e+00 1.467371940612792969e+01 1.231671142578125000e+03 1.677152557373046875e+02
1.700000000000000000e+04 0.000000000000000000e+00 1.467266464233398438e+01 1.231672729492187500e+03 1.677147521972656250e+02 0.000000000000000000e+00 1.467266464233398438e+01 1.231672729492187500e+03 1.677147521972656250e+02
1.800000000000000000e+04 0.000000000000000000e+00 1.467338371276855469e+01 1.231671630859375000e+03 1.677150878906250000e+02 0.000000000000000000e+00 1.467338371276855469e+01 1.231671630859375000e+03 1.677150878906250000e+02
1.900000000000000000e+04 0.000000000000000000e+00 1.467326259613037109e+01 1.231671752929687500e+03 1.677150268554687500e+02 0.000000000000000000e+00 1.467326259613037109e+01 1.231671752929687500e+03 1.677150268554687500e+02
2.000000000000000000e+04 0.000000000000000000e+00 5.360248565673828125e+01 2.348040283203125000e+03 1.866954193115234375e+02 0.000000000000000000e+00 5.360248565673828125e+01 2.348040283203125000e+03 1.866954193115234375e+02
