# step, loss_train, loss_test, metrics_test
0.000000000000000000e+00 1.515875911712646484e+01 3.264570236206054688e+01 3.898640823364257812e+01 1.700559425354003906e+01 1.515875911712646484e+01 3.264570236206054688e+01 3.898640823364257812e+01 1.700559425354003906e+01
1.000000000000000000e+03 8.564012050628662109e-01 1.384673595428466797e+01 1.792240142822265625e+01 1.631075096130371094e+01 8.564012050628662109e-01 1.384673595428466797e+01 1.792240142822265625e+01 1.631075096130371094e+01
2.000000000000000000e+03 5.901286602020263672e-01 1.354709720611572266e+01 1.509921550750732422e+01 1.631365585327148438e+01 5.901286602020263672e-01 1.354709720611572266e+01 1.509921550750732422e+01 1.631365585327148438e+01
3.000000000000000000e+03 2.216145396232604980e-01 1.238130950927734375e+01 1.162972068786621094e+01 1.629114532470703125e+01 2.216145396232604980e-01 1.238130950927734375e+01 1.162972068786621094e+01 1.629114532470703125e+01
4.000000000000000000e+03 1.049318686127662659e-01 4.869768917560577393e-01 3.431800603866577148e+00 1.548047256469726562e+01 1.049318686127662659e-01 4.869768917560577393e-01 3.431800603866577148e+00 1.548047256469726562e+01
5.000000000000000000e+03 4.687666594982147217e-01 9.760480374097824097e-02 7.657987475395202637e-01 1.474600219726562500e+01 4.687666594982147217e-01 9.760480374097824097e-02 7.657987475395202637e-01 1.474600219726562500e+01
6.000000000000000000e+03 1.975432503968477249e-03 1.175645366311073303e-01 3.971278369426727295e-01 1.390750980377197266e+01 1.975432503968477249e-03 1.175645366311073303e-01 3.971278369426727295e-01 1.390750980377197266e+01
7.000000000000000000e+03 3.051984458579681814e-05 2.559917867183685303e-01 2.122749537229537964e-01 1.290763568878173828e+01 3.051984458579681814e-05 2.559917867183685303e-01 2.122749537229537964e-01 1.290763568878173828e+01
8.000000000000000000e+03 6.741687189787626266e-03 3.158019781112670898e-01 1.468389928340911865e-01 1.196704292297363281e+01 6.741687189787626266e-03 3.158019781112670898e-01 1.468389928340911865e-01 1.196704292297363281e+01
9.000000000000000000e+03 3.643121744971722364e-04 2.412152290344238281e-01 1.439100205898284912e-01 1.118133640289306641e+01 3.643121744971722364e-04 2.412152290344238281e-01 1.439100205898284912e-01 1.118133640289306641e+01
1.000000000000000000e+04 1.653961408010218292e-05 1.072809472680091858e-01 1.813146919012069702e-01 1.051919651031494141e+01 1.653961408010218292e-05 1.072809472680091858e-01 1.813146919012069702e-01 1.051919651031494141e+01
1.100000000000000000e+04 1.842931844294071198e-02 5.461649224162101746e-02 2.292682677507400513e-01 9.891993522644042969e+00 1.842931844294071198e-02 5.461649224162101746e-02 2.292682677507400513e-01 9.891993522644042969e+00
1.200000000000000000e+04 6.408404442481696606e-04 9.885936975479125977e-03 1.779707223176956177e-01 8.943668365478515625e+00 6.408404442481696606e-04 9.885936975479125977e-03 1.779707223176956177e-01 8.943668365478515625e+00
1.300000000000000000e+04 4.133374895900487900e-03 8.857078850269317627e-03 2.546729445457458496e-01 8.276604652404785156e+00 4.133374895900487900e-03 8.857078850269317627e-03 2.546729445457458496e-01 8.276604652404785156e+00
1.400000000000000000e+04 1.320333685725927353e-03 1.361544430255889893e-02 1.808878183364868164e-01 7.928544998168945312e+00 1.320333685725927353e-03 1.361544430255889893e-02 1.808878183364868164e-01 7.928544998168945312e+00
1.500000000000000000e+04 5.202845204621553421e-05 1.340942643582820892e-02 2.247968018054962158e-01 7.778340339660644531e+00 5.202845204621553421e-05 1.340942643582820892e-02 2.247968018054962158e-01 7.778340339660644531e+00
1.600000000000000000e+04 8.770054206252098083e-03 2.875219797715544701e-03 2.222204953432083130e-01 7.675709724426269531e+00 8.770054206252098083e-03 2.875219797715544701e-03 2.222204953432083130e-01 7.675709724426269531e+00
1.700000000000000000e+04 1.724596717394888401e-03 1.082194503396749496e-02 2.449938058853149414e-01 7.569130897521972656e+00 1.724596717394888401e-03 1.082194503396749496e-02 2.449938058853149414e-01 7.569130897521972656e+00
1.800000000000000000e+04 9.222741937264800072e-04 1.679779589176177979e-02 2.332094907760620117e-01 7.484588623046875000e+00 9.222741937264800072e-04 1.679779589176177979e-02 2.332094907760620117e-01 7.484588623046875000e+00
1.900000000000000000e+04 2.910578250885009766e-02 5.503430496901273727e-03 1.962925493717193604e-01 7.379693984985351562e+00 2.910578250885009766e-02 5.503430496901273727e-03 1.962925493717193604e-01 7.379693984985351562e+00
2.000000000000000000e+04 6.690571084618568420e-03 5.142999812960624695e-03 3.321745991706848145e-01 7.236456394195556641e+00 6.690571084618568420e-03 5.142999812960624695e-03 3.321745991706848145e-01 7.236456394195556641e+00
