# step, loss_train, loss_test, metrics_test
0.000000000000000000e+00 1.293957424163818359e+01 3.270701980590820312e+01 7.463287109375000000e+03 2.431639251708984375e+02 1.293957424163818359e+01 3.270701980590820312e+01 7.463287109375000000e+03 2.431639251708984375e+02
1.000000000000000000e+03 4.665449905395507812e+01 2.439366149902343750e+01 1.262604858398437500e+03 2.335167236328125000e+02 4.665449905395507812e+01 2.439366149902343750e+01 1.262604858398437500e+03 2.335167236328125000e+02
2.000000000000000000e+03 2.402587318420410156e+01 4.332756423950195312e+01 5.412452316284179688e+01 2.252443542480468750e+02 2.402587318420410156e+01 4.332756423950195312e+01 5.412452316284179688e+01 2.252443542480468750e+02
3.000000000000000000e+03 5.632475376129150391e+00 3.958967208862304688e+01 9.175754547119140625e+00 2.244731140136718750e+02 5.632475376129150391e+00 3.958967208862304688e+01 9.175754547119140625e+00 2.244731140136718750e+02
4.000000000000000000e+03 3.150491476058959961e+00 3.567763900756835938e+01 5.378637790679931641e+00 2.229609222412109375e+02 3.150491476058959961e+00 3.567763900756835938e+01 5.378637790679931641e+00 2.229609222412109375e+02
5.000000000000000000e+03 2.318476676940917969e+00 3.249419784545898438e+01 3.798466444015502930e+00 2.212903747558593750e+02 2.318476676940917969e+00 3.249419784545898438e+01 3.798466444015502930e+00 2.212903747558593750e+02
6.000000000000000000e+03 1.743023753166198730e+00 3.005117607116699219e+01 2.579122304916381836e+00 2.194368133544921875e+02 1.743023753166198730e+00 3.005117607116699219e+01 2.579122304916381836e+00 2.194368133544921875e+02
7.000000000000000000e+03 1.390232801437377930e+00 2.693156242370605469e+01 1.421908020973205566e+00 2.179260253906250000e+02 1.390232801437377930e+00 2.693156242370605469e+01 1.421908020973205566e+00 2.179260253906250000e+02
8.000000000000000000e+03 1.192964434623718262e+00 2.231901359558105469e+01 6.137683391571044922e-01 2.167014770507812500e+02 1.192964434623718262e+00 2.231901359558105469e+01 6.137683391571044922e-01 2.167014770507812500e+02
9.000000000000000000e+03 1.173873901367187500e+00 1.730777740478515625e+01 3.960725069046020508e-01 2.151556091308593750e+02 1.173873901367187500e+00 1.730777740478515625e+01 3.960725069046020508e-01 2.151556091308593750e+02
1.000000000000000000e+04 1.242071390151977539e+00 1.367295742034912109e+01 3.376058340072631836e-01 2.129683074951171875e+02 1.242071390151977539e+00 1.367295742034912109e+01 3.376058340072631836e-01 2.129683074951171875e+02
1.100000000000000000e+04 1.781432390213012695e+00 1.214609241485595703e+01 5.039676427841186523e-01 2.071524200439453125e+02 1.781432390213012695e+00 1.214609241485595703e+01 5.039676427841186523e-01 2.071524200439453125e+02
1.200000000000000000e+04 2.632458686828613281e+00 1.260252380371093750e+01 2.042120695114135742e+00 1.941196746826171875e+02 2.632458686828613281e+00 1.260252380371093750e+01 2.042120695114135742e+00 1.941196746826171875e+02
1.300000000000000000e+04 3.147509813308715820e+00 1.317397975921630859e+01 3.480867385864257812e+00 1.845936126708984375e+02 3.147509813308715820e+00 1.317397975921630859e+01 3.480867385864257812e+00 1.845936126708984375e+02
1.400000000000000000e+04 3.621189355850219727e+00 1.363448143005371094e+01 4.401918411254882812e+00 1.744603118896484375e+02 3.621189355850219727e+00 1.363448143005371094e+01 4.401918411254882812e+00 1.744603118896484375e+02
1.500000000000000000e+04 4.982691287994384766e+00 1.402630519866943359e+01 4.936128139495849609e+00 1.601158905029296875e+02 4.982691287994384766e+00 1.402630519866943359e+01 4.936128139495849609e+00 1.601158905029296875e+02
1.600000000000000000e+04 8.354762077331542969e+00 1.365366840362548828e+01 4.887756824493408203e+00 1.387360992431640625e+02 8.354762077331542969e+00 1.365366840362548828e+01 4.887756824493408203e+00 1.387360992431640625e+02
1.700000000000000000e+04 1.213667011260986328e+01 1.165186691284179688e+01 4.410779476165771484e+00 1.111283874511718750e+02 1.213667011260986328e+01 1.165186691284179688e+01 4.410779476165771484e+00 1.111283874511718750e+02
1.800000000000000000e+04 1.371911239624023438e+01 9.992714881896972656e+00 3.611462116241455078e+00 8.877523803710937500e+01 1.371911239624023438e+01 9.992714881896972656e+00 3.611462116241455078e+00 8.877523803710937500e+01
1.900000000000000000e+04 1.289800834655761719e+01 8.929146766662597656e+00 3.472237110137939453e+00 7.702673339843750000e+01 1.289800834655761719e+01 8.929146766662597656e+00 3.472237110137939453e+00 7.702673339843750000e+01
2.000000000000000000e+04 1.177065372467041016e+01 8.048646926879882812e+00 3.499674797058105469e+00 6.995235443115234375e+01 1.177065372467041016e+01 8.048646926879882812e+00 3.499674797058105469e+00 6.995235443115234375e+01
