# step, loss_train, loss_test, metrics_test
0.000000000000000000e+00 2.582069091796875000e+02 3.427342987060546875e+01 3.076844482421875000e+03 2.976017150878906250e+02 2.582069091796875000e+02 3.427342987060546875e+01 3.076844482421875000e+03 2.976017150878906250e+02
1.000000000000000000e+03 1.427847290039062500e+02 2.341030311584472656e+01 4.649665527343750000e+02 2.817989501953125000e+02 1.427847290039062500e+02 2.341030311584472656e+01 4.649665527343750000e+02 2.817989501953125000e+02
2.000000000000000000e+03 1.199577102661132812e+02 2.364594650268554688e+01 2.771169433593750000e+02 2.804892272949218750e+02 1.199577102661132812e+02 2.364594650268554688e+01 2.771169433593750000e+02 2.804892272949218750e+02
3.000000000000000000e+03 1.155005187988281250e+02 2.694067001342773438e+01 6.042407226562500000e+01 2.756658935546875000e+02 1.155005187988281250e+02 2.694067001342773438e+01 6.042407226562500000e+01 2.756658935546875000e+02
4.000000000000000000e+03 5.331752395629882812e+01 2.667625999450683594e+01 9.945040702819824219e+00 2.685405883789062500e+02 5.331752395629882812e+01 2.667625999450683594e+01 9.945040702819824219e+00 2.685405883789062500e+02
5.000000000000000000e+03 3.230352020263671875e+01 2.417377471923828125e+01 2.987650394439697266e+00 2.630317077636718750e+02 3.230352020263671875e+01 2.417377471923828125e+01 2.987650394439697266e+00 2.630317077636718750e+02
6.000000000000000000e+03 1.949488067626953125e+01 2.117419624328613281e+01 1.412249922752380371e+00 2.579026184082031250e+02 1.949488067626953125e+01 2.117419624328613281e+01 1.412249922752380371e+00 2.579026184082031250e+02
7.000000000000000000e+03 1.512895488739013672e+01 1.713561439514160156e+01 8.724946975708007812e-01 2.523300933837890625e+02 1.512895488739013672e+01 1.713561439514160156e+01 8.724946975708007812e-01 2.523300933837890625e+02
8.000000000000000000e+03 1.399195289611816406e+01 1.232672977447509766e+01 5.601587891578674316e-01 2.470365142822265625e+02 1.399195289611816406e+01 1.232672977447509766e+01 5.601587891578674316e-01 2.470365142822265625e+02
9.000000000000000000e+03 1.232406139373779297e+01 8.554123878479003906e+00 5.745481252670288086e-01 2.401854553222656250e+02 1.232406139373779297e+01 8.554123878479003906e+00 5.745481252670288086e-01 2.401854553222656250e+02
1.000000000000000000e+04 1.206794071197509766e+01 7.450652122497558594e+00 3.067749738693237305e-01 2.298282928466796875e+02 1.206794071197509766e+01 7.450652122497558594e+00 3.067749738693237305e-01 2.298282928466796875e+02
1.100000000000000000e+04 1.400098133087158203e+01 7.333751201629638672e+00 3.755429089069366455e-01 2.128478698730468750e+02 1.400098133087158203e+01 7.333751201629638672e+00 3.755429089069366455e-01 2.128478698730468750e+02
1.200000000000000000e+04 2.709540939331054688e+01 6.182554244995117188e+00 3.197969794273376465e-01 1.571758728027343750e+02 2.709540939331054688e+01 6.182554244995117188e+00 3.197969794273376465e-01 1.571758728027343750e+02
1.300000000000000000e+04 3.763768768310546875e+01 4.105788707733154297e+00 3.995636403560638428e-01 8.727537536621093750e+01 3.763768768310546875e+01 4.105788707733154297e+00 3.995636403560638428e-01 8.727537536621093750e+01
1.400000000000000000e+04 4.127178573608398438e+01 2.849351644515991211e+00 1.240461587905883789e+00 4.454279708862304688e+01 4.127178573608398438e+01 2.849351644515991211e+00 1.240461587905883789e+00 4.454279708862304688e+01
1.500000000000000000e+04 3.686439132690429688e+01 1.764806389808654785e+00 1.096914172172546387e+00 2.615033149719238281e+01 3.686439132690429688e+01 1.764806389808654785e+00 1.096914172172546387e+00 2.615033149719238281e+01
1.600000000000000000e+04 3.139360046386718750e+01 1.124068140983581543e+00 3.645136356353759766e-01 1.721083259582519531e+01 3.139360046386718750e+01 1.124068140983581543e+00 3.645136356353759766e-01 1.721083259582519531e+01
1.700000000000000000e+04 2.507220268249511719e+01 7.261478900909423828e-01 8.013469576835632324e-01 1.323023700714111328e+01 2.507220268249511719e+01 7.261478900909423828e-01 8.013469576835632324e-01 1.323023700714111328e+01
1.800000000000000000e+04 2.067636108398437500e+01 4.770333468914031982e-01 1.812737882137298584e-01 9.999378204345703125e+00 2.067636108398437500e+01 4.770333468914031982e-01 1.812737882137298584e-01 9.999378204345703125e+00
1.900000000000000000e+04 1.690500068664550781e+01 3.502764105796813965e-01 6.584475636482238770e-01 8.013808250427246094e+00 1.690500068664550781e+01 3.502764105796813965e-01 6.584475636482238770e-01 8.013808250427246094e+00
2.000000000000000000e+04 1.565880870819091797e+01 2.819933295249938965e-01 6.863249093294143677e-02 6.856686115264892578e+00 1.565880870819091797e+01 2.819933295249938965e-01 6.863249093294143677e-02 6.856686115264892578e+00
