# step, loss_train, loss_test, metrics_test
0.000000000000000000e+00 2.484859464857436251e-07 2.841897201538085938e+01 6.299578613281250000e+03 4.342971496582031250e+02 2.484859464857436251e-07 2.841897201538085938e+01 6.299578613281250000e+03 4.342971496582031250e+02
1.000000000000000000e+03 6.318700229712703731e-07 2.085205650329589844e+01 5.005740234375000000e+03 4.281893310546875000e+02 6.318700229712703731e-07 2.085205650329589844e+01 5.005740234375000000e+03 4.281893310546875000e+02
2.000000000000000000e+03 1.130048531194915995e-06 1.724695396423339844e+01 4.110144531250000000e+03 4.251540832519531250e+02 1.130048531194915995e-06 1.724695396423339844e+01 4.110144531250000000e+03 4.251540832519531250e+02
3.000000000000000000e+03 1.705084969216841273e-06 1.658208274841308594e+01 3.523317138671875000e+03 4.244049987792968750e+02 1.705084969216841273e-06 1.658208274841308594e+01 3.523317138671875000e+03 4.244049987792968750e+02
4.000000000000000000e+03 2.379155603193794377e-06 1.796388053894042969e+01 3.177187988281250000e+03 4.252588806152343750e+02 2.379155603193794377e-06 1.796388053894042969e+01 3.177187988281250000e+03 4.252588806152343750e+02
5.000000000000000000e+03 2.843506990757305175e-06 2.041347122192382812e+01 3.008583007812500000e+03 4.269723815917968750e+02 2.843506990757305175e-06 2.041347122192382812e+01 3.008583007812500000e+03 4.269723815917968750e+02
6.000000000000000000e+03 2.848684516720823012e-06 2.279161262512207031e+01 2.950346191406250000e+03 4.286832885742187500e+02 2.848684516720823012e-06 2.279161262512207031e+01 2.950346191406250000e+03 4.286832885742187500e+02
7.000000000000000000e+03 2.299257403137744404e-06 2.415871429443359375e+01 2.939006103515625000e+03 4.296769714355468750e+02 2.299257403137744404e-06 2.415871429443359375e+01 2.939006103515625000e+03 4.296769714355468750e+02
8.000000000000000000e+03 1.476930378885299433e-06 2.452790451049804688e+01 2.937864501953125000e+03 4.299463195800781250e+02 1.476930378885299433e-06 2.452790451049804688e+01 2.937864501953125000e+03 4.299463195800781250e+02
9.000000000000000000e+03 7.420424594783980865e-07 2.455942153930664062e+01 2.937725097656250000e+03 4.299695129394531250e+02 7.420424594783980865e-07 2.455942153930664062e+01 2.937725097656250000e+03 4.299695129394531250e+02
1.000000000000000000e+04 2.659012068306765286e-07 2.455981636047363281e+01 2.937614257812500000e+03 4.299701232910156250e+02 2.659012068306765286e-07 2.455981636047363281e+01 2.937614257812500000e+03 4.299701232910156250e+02
1.100000000000000000e+04 3.286772880528587848e-07 2.455942153930664062e+01 2.937458496093750000e+03 4.299703063964843750e+02 3.286772880528587848e-07 2.455942153930664062e+01 2.937458496093750000e+03 4.299703063964843750e+02
1.200000000000000000e+04 1.623263983674405608e-06 2.455882835388183594e+01 2.937223144531250000e+03 4.299705505371093750e+02 1.623263983674405608e-06 2.455882835388183594e+01 2.937223144531250000e+03 4.299705505371093750e+02
1.300000000000000000e+04 6.368546110024908558e-06 2.455780029296875000e+01 2.936849853515625000e+03 4.299708251953125000e+02 6.368546110024908558e-06 2.455780029296875000e+01 2.936849853515625000e+03 4.299708251953125000e+02
1.400000000000000000e+04 2.137050068995449692e-05 2.455591201782226562e+01 2.936242187500000000e+03 4.299711303710937500e+02 2.137050068995449692e-05 2.455591201782226562e+01 2.936242187500000000e+03 4.299711303710937500e+02
1.500000000000000000e+04 6.777153612347319722e-05 2.455240440368652344e+01 2.935233398437500000e+03 4.299711608886718750e+02 6.777153612347319722e-05 2.455240440368652344e+01 2.935233398437500000e+03 4.299711608886718750e+02
1.600000000000000000e+04 2.104989544022828341e-04 2.454613304138183594e+01 2.933531250000000000e+03 4.299710388183593750e+02 2.104989544022828341e-04 2.454613304138183594e+01 2.933531250000000000e+03 4.299710388183593750e+02
1.700000000000000000e+04 6.495855632238090038e-04 2.453567886352539062e+01 2.930633544921875000e+03 4.299708251953125000e+02 6.495855632238090038e-04 2.453567886352539062e+01 2.930633544921875000e+03 4.299708251953125000e+02
1.800000000000000000e+04 2.003896282985806465e-03 2.451950454711914062e+01 2.925754394531250000e+03 4.299713439941406250e+02 2.003896282985806465e-03 2.451950454711914062e+01 2.925754394531250000e+03 4.299713439941406250e+02
1.900000000000000000e+04 6.015280261635780334e-03 2.449404335021972656e+01 2.917855957031250000e+03 4.299720764160156250e+02 6.015280261635780334e-03 2.449404335021972656e+01 2.917855957031250000e+03 4.299720764160156250e+02
2.000000000000000000e+04 1.678815297782421112e-02 2.445592117309570312e+01 2.905775146484375000e+03 4.299733276367187500e+02 1.678815297782421112e-02 2.445592117309570312e+01 2.905775146484375000e+03 4.299733276367187500e+02
