# step, loss_train, loss_test, metrics_test
0.000000000000000000e+00 4.260691894531250000e+03 4.011080551147460938e+01 9.327091796875000000e+03 1.351473541259765625e+02 4.260691894531250000e+03 4.011080551147460938e+01 9.327091796875000000e+03 1.351473541259765625e+02
1.000000000000000000e+03 4.656473159790039062e+00 1.826899766921997070e+00 1.247610822319984436e-01 1.177083892822265625e+02 4.656473159790039062e+00 1.826899766921997070e+00 1.247610822319984436e-01 1.177083892822265625e+02
2.000000000000000000e+03 1.050285148620605469e+01 8.503878712654113770e-01 3.870992183685302734e+00 1.141504669189453125e+02 1.050285148620605469e+01 8.503878712654113770e-01 3.870992183685302734e+00 1.141504669189453125e+02
3.000000000000000000e+03 8.038355827331542969e+00 1.505448460578918457e+00 4.574058353900909424e-01 1.152920074462890625e+02 8.038355827331542969e+00 1.505448460578918457e+00 4.574058353900909424e-01 1.152920074462890625e+02
4.000000000000000000e+03 1.412741184234619141e+00 1.104517459869384766e+00 2.617252059280872345e-02 1.173147201538085938e+02 1.412741184234619141e+00 1.104517459869384766e+00 2.617252059280872345e-02 1.173147201538085938e+02
5.000000000000000000e+03 1.481324434280395508e+00 4.740540027618408203e+00 1.585215330123901367e-01 1.227750549316406250e+02 1.481324434280395508e+00 4.740540027618408203e+00 1.585215330123901367e-01 1.227750549316406250e+02
6.000000000000000000e+03 4.632938020864000000e+12 1.015266609191894531e+01 8.253385742187500000e+03 1.236411514282226562e+02 4.632938020864000000e+12 1.015266609191894531e+01 8.253385742187500000e+03 1.236411514282226562e+02
7.000000000000000000e+03 6.568693596160000000e+11 1.140428352355957031e+01 3.172711425781250000e+03 1.239977035522460938e+02 6.568693596160000000e+11 1.140428352355957031e+01 3.172711425781250000e+03 1.239977035522460938e+02
8.000000000000000000e+03 1.494836674560000000e+11 1.357676601409912109e+01 2.141326416015625000e+03 1.247403564453125000e+02 1.494836674560000000e+11 1.357676601409912109e+01 2.141326416015625000e+03 1.247403564453125000e+02
9.000000000000000000e+03 4.677158092800000000e+10 1.453082847595214844e+01 2.015384399414062500e+03 1.250717773437500000e+02 4.677158092800000000e+10 1.453082847595214844e+01 2.015384399414062500e+03 1.250717773437500000e+02
1.000000000000000000e+04 3.034800742400000000e+10 1.468308734893798828e+01 1.960650512695312500e+03 1.251258239746093750e+02 3.034800742400000000e+10 1.468308734893798828e+01 1.960650512695312500e+03 1.251258239746093750e+02
1.100000000000000000e+04 8.205179392000000000e+09 1.451082706451416016e+01 2.004495361328125000e+03 1.250667266845703125e+02 8.205179392000000000e+09 1.451082706451416016e+01 2.004495361328125000e+03 1.250667266845703125e+02
1.200000000000000000e+04 4.728045568000000000e+09 1.509687423706054688e+01 2.147868164062500000e+03 1.252714233398437500e+02 4.728045568000000000e+09 1.509687423706054688e+01 2.147868164062500000e+03 1.252714233398437500e+02
1.300000000000000000e+04 6.192431104000000000e+09 1.474937438964843750e+01 2.116140380859375000e+03 1.251502151489257812e+02 6.192431104000000000e+09 1.474937438964843750e+01 2.116140380859375000e+03 1.251502151489257812e+02
1.400000000000000000e+04 1.683629772800000000e+10 1.466597270965576172e+01 2.143957519531250000e+03 1.251208190917968750e+02 1.683629772800000000e+10 1.466597270965576172e+01 2.143957519531250000e+03 1.251208190917968750e+02
1.500000000000000000e+04 2.117427855360000000e+11 1.449648857116699219e+01 2.929615478515625000e+03 1.250610275268554688e+02 2.117427855360000000e+11 1.449648857116699219e+01 2.929615478515625000e+03 1.250610275268554688e+02
1.600000000000000000e+04 3.193410816000000000e+09 1.489851093292236328e+01 2.176579345703125000e+03 1.252020111083984375e+02 3.193410816000000000e+09 1.489851093292236328e+01 2.176579345703125000e+03 1.252020111083984375e+02
1.700000000000000000e+04 1.642604960000000000e+08 1.496263122558593750e+01 2.151217529296875000e+03 1.252245941162109375e+02 1.642604960000000000e+08 1.496263122558593750e+01 2.151217529296875000e+03 1.252245941162109375e+02
1.800000000000000000e+04 2.027985400000000000e+07 1.499983692169189453e+01 2.154762939453125000e+03 1.252376708984375000e+02 2.027985400000000000e+07 1.499983692169189453e+01 2.154762939453125000e+03 1.252376708984375000e+02
1.900000000000000000e+04 2.320275079168000000e+12 1.392196655273437500e+01 4.326266601562500000e+03 1.248674774169921875e+02 2.320275079168000000e+12 1.392196655273437500e+01 4.326266601562500000e+03 1.248674774169921875e+02
2.000000000000000000e+04 3.305529671680000000e+11 1.335083389282226562e+01 3.110716064453125000e+03 1.246653976440429688e+02 3.305529671680000000e+11 1.335083389282226562e+01 3.110716064453125000e+03 1.246653976440429688e+02
