# step, loss_train, loss_test, metrics_test
0.000000000000000000e+00 5.707872070312500000e+03 2.969491386413574219e+01 7.796431152343750000e+03 4.159600830078125000e+02 5.707872070312500000e+03 2.969491386413574219e+01 7.796431152343750000e+03 4.159600830078125000e+02
1.000000000000000000e+03 1.370654201662668800e+16 4.235982000000000000e+06 1.701841469440000000e+11 4.607372500000000000e+06 1.370654201662668800e+16 4.235982000000000000e+06 1.701841469440000000e+11 4.607372500000000000e+06
2.000000000000000000e+03 3.768806737761282294e+20 4.363074500000000000e+06 1.089483964416000000e+12 4.739169500000000000e+06 3.768806737761282294e+20 4.363074500000000000e+06 1.089483964416000000e+12 4.739169500000000000e+06
3.000000000000000000e+03 3.560619400736779796e+20 1.495460468750000000e+05 9.351675248640000000e+11 1.648263906250000000e+05 3.560619400736779796e+20 1.495460468750000000e+05 9.351675248640000000e+11 1.648263906250000000e+05
4.000000000000000000e+03 3.558490394381684572e+20 6.333415000000000000e+06 9.747081461760000000e+11 6.905796000000000000e+06 3.558490394381684572e+20 6.333415000000000000e+06 9.747081461760000000e+11 6.905796000000000000e+06
5.000000000000000000e+03 3.560909671806512660e+20 2.044724800000000000e+07 9.644670320640000000e+11 2.227901000000000000e+07 3.560909671806512660e+20 2.044724800000000000e+07 9.644670320640000000e+11 2.227901000000000000e+07
6.000000000000000000e+03 3.572371684701891461e+20 4.173418400000000000e+07 9.599750635520000000e+11 4.546066000000000000e+07 3.572371684701891461e+20 4.173418400000000000e+07 9.599750635520000000e+11 4.546066000000000000e+07
7.000000000000000000e+03 3.555803715728981361e+20 6.994966400000000000e+07 9.403659714560000000e+11 7.618448800000000000e+07 3.555803715728981361e+20 6.994966400000000000e+07 9.403659714560000000e+11 7.618448800000000000e+07
8.000000000000000000e+03 3.550463079889617551e+20 1.049159760000000000e+08 9.383656161280000000e+11 1.142565280000000000e+08 3.550463079889617551e+20 1.049159760000000000e+08 9.383656161280000000e+11 1.142565280000000000e+08
9.000000000000000000e+03 3.557357457600424182e+20 1.463580320000000000e+08 9.275882209280000000e+11 1.593790880000000000e+08 3.557357457600424182e+20 1.463580320000000000e+08 9.275882209280000000e+11 1.593790880000000000e+08
1.000000000000000000e+04 3.556807525864675738e+20 1.939655200000000000e+08 9.204844462080000000e+11 2.112131040000000000e+08 3.556807525864675738e+20 1.939655200000000000e+08 9.204844462080000000e+11 2.112131040000000000e+08
1.100000000000000000e+04 3.557531972085984788e+20 2.472771680000000000e+08 9.121862123520000000e+11 2.692553280000000000e+08 3.557531972085984788e+20 2.472771680000000000e+08 9.121862123520000000e+11 2.692553280000000000e+08
1.200000000000000000e+04 3.557949962426400113e+20 3.056936320000000000e+08 9.151050547200000000e+11 3.328556800000000000e+08 3.557949962426400113e+20 3.056936320000000000e+08 9.151050547200000000e+11 3.328556800000000000e+08
1.300000000000000000e+04 3.561782947921757471e+20 3.684846720000000000e+08 9.061797068800000000e+11 4.012184640000000000e+08 3.561782947921757471e+20 3.684846720000000000e+08 9.061797068800000000e+11 4.012184640000000000e+08
1.400000000000000000e+04 3.560248909298684396e+20 4.344330560000000000e+08 9.120069713920000000e+11 4.730198720000000000e+08 3.560248909298684396e+20 4.344330560000000000e+08 9.120069713920000000e+11 4.730198720000000000e+08
1.500000000000000000e+04 3.551662163290404946e+20 5.019188800000000000e+08 9.019537489920000000e+11 5.464893440000000000e+08 3.551662163290404946e+20 5.019188800000000000e+08 9.019537489920000000e+11 5.464893440000000000e+08
1.600000000000000000e+04 3.549555674933446574e+20 5.684893440000000000e+08 8.970456924160000000e+11 6.189644800000000000e+08 3.549555674933446574e+20 5.684893440000000000e+08 8.970456924160000000e+11 6.189644800000000000e+08
1.700000000000000000e+04 3.555170748875103273e+20 6.303882240000000000e+08 8.959437045760000000e+11 6.863555200000000000e+08 3.555170748875103273e+20 6.303882240000000000e+08 8.959437045760000000e+11 6.863555200000000000e+08
1.800000000000000000e+04 3.569098482566467420e+20 6.819370880000000000e+08 9.097360179200000000e+11 7.424768000000000000e+08 3.569098482566467420e+20 6.819370880000000000e+08 9.097360179200000000e+11 7.424768000000000000e+08
1.900000000000000000e+04 3.552100208722910904e+20 7.169353600000000000e+08 8.994855976960000000e+11 7.805754880000000000e+08 3.552100208722910904e+20 7.169353600000000000e+08 8.994855976960000000e+11 7.805754880000000000e+08
2.000000000000000000e+04 3.554441376841701786e+20 7.321201280000000000e+08 9.020202024960000000e+11 7.971096320000000000e+08 3.554441376841701786e+20 7.321201280000000000e+08 9.020202024960000000e+11 7.971096320000000000e+08
