# step, loss_train, loss_test, metrics_test
0.000000000000000000e+00 0.000000000000000000e+00 5.548981094360351562e+01 2.184759375000000000e+04 4.113005065917968750e+02 0.000000000000000000e+00 5.548981094360351562e+01 2.184759375000000000e+04 4.113005065917968750e+02
1.000000000000000000e+03 0.000000000000000000e+00 3.942547225952148438e+01 3.821337509155273438e+01 2.859245300292968750e+02 0.000000000000000000e+00 3.942547225952148438e+01 3.821337509155273438e+01 2.859245300292968750e+02
2.000000000000000000e+03 0.000000000000000000e+00 2.307776069641113281e+01 6.695613384246826172e+00 4.654821395874023438e+01 0.000000000000000000e+00 2.307776069641113281e+01 6.695613384246826172e+00 4.654821395874023438e+01
3.000000000000000000e+03 0.000000000000000000e+00 1.446343803405761719e+01 2.937922363281250000e+03 3.662446289062500000e+02 0.000000000000000000e+00 1.446343803405761719e+01 2.937922363281250000e+03 3.662446289062500000e+02
4.000000000000000000e+03 0.000000000000000000e+00 1.446343803405761719e+01 2.937922363281250000e+03 3.662446289062500000e+02 0.000000000000000000e+00 1.446343803405761719e+01 2.937922363281250000e+03 3.662446289062500000e+02
5.000000000000000000e+03 0.000000000000000000e+00 1.446338939666748047e+01 2.937922363281250000e+03 3.662445373535156250e+02 0.000000000000000000e+00 1.446338939666748047e+01 2.937922363281250000e+03 3.662445373535156250e+02
6.000000000000000000e+03 0.000000000000000000e+00 1.446338939666748047e+01 2.937922363281250000e+03 3.662445373535156250e+02 0.000000000000000000e+00 1.446338939666748047e+01 2.937922363281250000e+03 3.662445373535156250e+02
7.000000000000000000e+03 0.000000000000000000e+00 1.446343803405761719e+01 2.937922363281250000e+03 3.662446289062500000e+02 0.000000000000000000e+00 1.446343803405761719e+01 2.937922363281250000e+03 3.662446289062500000e+02
8.000000000000000000e+03 0.000000000000000000e+00 1.446343803405761719e+01 2.937922363281250000e+03 3.662446289062500000e+02 0.000000000000000000e+00 1.446343803405761719e+01 2.937922363281250000e+03 3.662446289062500000e+02
9.000000000000000000e+03 0.000000000000000000e+00 1.446343803405761719e+01 2.937922363281250000e+03 3.662446289062500000e+02 0.000000000000000000e+00 1.446343803405761719e+01 2.937922363281250000e+03 3.662446289062500000e+02
1.000000000000000000e+04 0.000000000000000000e+00 1.446343803405761719e+01 2.937922363281250000e+03 3.662446289062500000e+02 0.000000000000000000e+00 1.446343803405761719e+01 2.937922363281250000e+03 3.662446289062500000e+02
1.100000000000000000e+04 0.000000000000000000e+00 1.446333980560302734e+01 2.937922363281250000e+03 3.662444763183593750e+02 0.000000000000000000e+00 1.446333980560302734e+01 2.937922363281250000e+03 3.662444763183593750e+02
1.200000000000000000e+04 0.000000000000000000e+00 1.446338939666748047e+01 2.937922363281250000e+03 3.662445373535156250e+02 0.000000000000000000e+00 1.446338939666748047e+01 2.937922363281250000e+03 3.662445373535156250e+02
1.300000000000000000e+04 0.000000000000000000e+00 1.446343803405761719e+01 2.937922363281250000e+03 3.662446289062500000e+02 0.000000000000000000e+00 1.446343803405761719e+01 2.937922363281250000e+03 3.662446289062500000e+02
1.400000000000000000e+04 0.000000000000000000e+00 1.446338939666748047e+01 2.937922363281250000e+03 3.662445373535156250e+02 0.000000000000000000e+00 1.446338939666748047e+01 2.937922363281250000e+03 3.662445373535156250e+02
1.500000000000000000e+04 0.000000000000000000e+00 1.446333980560302734e+01 2.937922363281250000e+03 3.662444763183593750e+02 0.000000000000000000e+00 1.446333980560302734e+01 2.937922363281250000e+03 3.662444763183593750e+02
1.600000000000000000e+04 0.000000000000000000e+00 1.419221687316894531e+01 2.939053955078125000e+03 3.659573364257812500e+02 0.000000000000000000e+00 1.419221687316894531e+01 2.939053955078125000e+03 3.659573364257812500e+02
1.700000000000000000e+04 0.000000000000000000e+00 1.433611488342285156e+01 2.938309082031250000e+03 3.661097106933593750e+02 0.000000000000000000e+00 1.433611488342285156e+01 2.938309082031250000e+03 3.661097106933593750e+02
1.800000000000000000e+04 0.000000000000000000e+00 1.444189357757568359e+01 2.937970214843750000e+03 3.662218017578125000e+02 0.000000000000000000e+00 1.444189357757568359e+01 2.937970214843750000e+03 3.662218017578125000e+02
1.900000000000000000e+04 0.000000000000000000e+00 1.446294689178466797e+01 2.937923339843750000e+03 3.662441101074218750e+02 0.000000000000000000e+00 1.446294689178466797e+01 2.937923339843750000e+03 3.662441101074218750e+02
2.000000000000000000e+04 0.000000000000000000e+00 1.446363449096679688e+01 2.937921875000000000e+03 3.662448120117187500e+02 0.000000000000000000e+00 1.446363449096679688e+01 2.937921875000000000e+03 3.662448120117187500e+02
