# step, loss_train, loss_test, metrics_test
0.000000000000000000e+00 3.157362304687500000e+04 5.748033905029296875e+01 2.783802001953125000e+03 3.055008239746093750e+02 3.157362304687500000e+04 5.748033905029296875e+01 2.783802001953125000e+03 3.055008239746093750e+02
1.000000000000000000e+03 1.040682601928710938e+02 3.073666191101074219e+01 2.466467590332031250e+02 2.879019165039062500e+02 1.040682601928710938e+02 3.073666191101074219e+01 2.466467590332031250e+02 2.879019165039062500e+02
2.000000000000000000e+03 6.332801437377929688e+01 2.705373573303222656e+01 3.569682693481445312e+01 2.882648010253906250e+02 6.332801437377929688e+01 2.705373573303222656e+01 3.569682693481445312e+01 2.882648010253906250e+02
3.000000000000000000e+03 3.212263870239257812e+01 2.248531150817871094e+01 7.541800498962402344e+00 2.868224487304687500e+02 3.212263870239257812e+01 2.248531150817871094e+01 7.541800498962402344e+00 2.868224487304687500e+02
4.000000000000000000e+03 2.426081466674804688e+01 2.251335525512695312e+01 6.272790431976318359e+00 2.838285217285156250e+02 2.426081466674804688e+01 2.251335525512695312e+01 6.272790431976318359e+00 2.838285217285156250e+02
5.000000000000000000e+03 3.314659881591796875e+01 1.085945987701416016e+01 3.166739654541015625e+01 2.851687927246093750e+02 3.314659881591796875e+01 1.085945987701416016e+01 3.166739654541015625e+01 2.851687927246093750e+02
6.000000000000000000e+03 4.034890174865722656e+00 1.887668800354003906e+01 5.529693603515625000e+02 2.981594238281250000e+02 4.034890174865722656e+00 1.887668800354003906e+01 5.529693603515625000e+02 2.981594238281250000e+02
7.000000000000000000e+03 3.373617410659790039e+00 1.798382949829101562e+01 5.529133911132812500e+02 2.954760437011718750e+02 3.373617410659790039e+00 1.798382949829101562e+01 5.529133911132812500e+02 2.954760437011718750e+02
8.000000000000000000e+03 3.611501455307006836e+00 1.631949806213378906e+01 5.673739013671875000e+02 2.915568847656250000e+02 3.611501455307006836e+00 1.631949806213378906e+01 5.673739013671875000e+02 2.915568847656250000e+02
9.000000000000000000e+03 0.000000000000000000e+00 1.111796777343750000e+04 8.749844375000000000e+05 9.821605468750000000e+03 0.000000000000000000e+00 1.111796777343750000e+04 8.749844375000000000e+05 9.821605468750000000e+03
1.000000000000000000e+04 0.000000000000000000e+00 1.482931613922119141e+01 1.633093505859375000e+03 2.950638427734375000e+02 0.000000000000000000e+00 1.482931613922119141e+01 1.633093505859375000e+03 2.950638427734375000e+02
1.100000000000000000e+04 0.000000000000000000e+00 1.509701061248779297e+01 1.632316772460937500e+03 2.952814331054687500e+02 0.000000000000000000e+00 1.509701061248779297e+01 1.632316772460937500e+03 2.952814331054687500e+02
1.200000000000000000e+04 0.000000000000000000e+00 1.509779453277587891e+01 1.632315307617187500e+03 2.952820739746093750e+02 0.000000000000000000e+00 1.509779453277587891e+01 1.632315307617187500e+03 2.952820739746093750e+02
1.300000000000000000e+04 0.000000000000000000e+00 1.509803771972656250e+01 1.632315063476562500e+03 2.952822875976562500e+02 0.000000000000000000e+00 1.509803771972656250e+01 1.632315063476562500e+03 2.952822875976562500e+02
1.400000000000000000e+04 0.000000000000000000e+00 1.509812927246093750e+01 1.632314819335937500e+03 2.952823486328125000e+02 0.000000000000000000e+00 1.509812927246093750e+01 1.632314819335937500e+03 2.952823486328125000e+02
1.500000000000000000e+04 0.000000000000000000e+00 1.509813880920410156e+01 1.632314697265625000e+03 2.952823486328125000e+02 0.000000000000000000e+00 1.509813880920410156e+01 1.632314697265625000e+03 2.952823486328125000e+02
1.600000000000000000e+04 0.000000000000000000e+00 1.509815311431884766e+01 1.632314697265625000e+03 2.952823486328125000e+02 0.000000000000000000e+00 1.509815311431884766e+01 1.632314697265625000e+03 2.952823486328125000e+02
1.700000000000000000e+04 0.000000000000000000e+00 1.509815311431884766e+01 1.632314697265625000e+03 2.952823486328125000e+02 0.000000000000000000e+00 1.509815311431884766e+01 1.632314697265625000e+03 2.952823486328125000e+02
1.800000000000000000e+04 0.000000000000000000e+00 1.509815311431884766e+01 1.632314697265625000e+03 2.952823486328125000e+02 0.000000000000000000e+00 1.509815311431884766e+01 1.632314697265625000e+03 2.952823486328125000e+02
1.900000000000000000e+04 0.000000000000000000e+00 1.509813880920410156e+01 1.632314697265625000e+03 2.952823486328125000e+02 0.000000000000000000e+00 1.509813880920410156e+01 1.632314697265625000e+03 2.952823486328125000e+02
2.000000000000000000e+04 0.000000000000000000e+00 1.509815311431884766e+01 1.632314697265625000e+03 2.952823486328125000e+02 0.000000000000000000e+00 1.509815311431884766e+01 1.632314697265625000e+03 2.952823486328125000e+02
