# step, loss_train, loss_test, metrics_test
0.000000000000000000e+00 2.192200099671026692e-06 1.218689575195312500e+02 1.425777929687500000e+04 5.788899230957031250e+01 2.192200099671026692e-06 1.218689575195312500e+02 1.425777929687500000e+04 5.788899230957031250e+01
1.000000000000000000e+03 1.590780973434448242e+00 4.005556869506835938e+01 2.862852287292480469e+01 4.967408752441406250e+01 1.590780973434448242e+00 4.005556869506835938e+01 2.862852287292480469e+01 4.967408752441406250e+01
2.000000000000000000e+03 7.495015859603881836e-01 3.810993432998657227e+00 1.645644903182983398e-01 4.456418609619140625e+01 7.495015859603881836e-01 3.810993432998657227e+00 1.645644903182983398e-01 4.456418609619140625e+01
3.000000000000000000e+03 2.443379759788513184e-01 2.605206251144409180e+00 2.707916870713233948e-02 4.306785583496093750e+01 2.443379759788513184e-01 2.605206251144409180e+00 2.707916870713233948e-02 4.306785583496093750e+01
4.000000000000000000e+03 3.980474472045898438e-01 2.403478384017944336e+00 3.449297845363616943e-01 4.257540893554687500e+01 3.980474472045898438e-01 2.403478384017944336e+00 3.449297845363616943e-01 4.257540893554687500e+01
5.000000000000000000e+03 3.184258043766021729e-01 2.177503347396850586e+00 3.167438983917236328e+00 4.147554779052734375e+01 3.184258043766021729e-01 2.177503347396850586e+00 3.167438983917236328e+00 4.147554779052734375e+01
6.000000000000000000e+03 4.564056694507598877e-01 6.103982329368591309e-01 1.298434257507324219e+00 4.046398925781250000e+01 4.564056694507598877e-01 6.103982329368591309e-01 1.298434257507324219e+00 4.046398925781250000e+01
7.000000000000000000e+03 4.489760994911193848e-01 1.811585277318954468e-01 3.462735116481781006e-01 3.860697937011718750e+01 4.489760994911193848e-01 1.811585277318954468e-01 3.462735116481781006e-01 3.860697937011718750e+01
8.000000000000000000e+03 6.015802621841430664e-01 2.272519171237945557e-01 1.328300088644027710e-01 4.057168960571289062e+01 6.015802621841430664e-01 2.272519171237945557e-01 1.328300088644027710e-01 4.057168960571289062e+01
9.000000000000000000e+03 6.462451219558715820e-01 6.081631407141685486e-02 7.460283041000366211e-01 3.660290527343750000e+01 6.462451219558715820e-01 6.081631407141685486e-02 7.460283041000366211e-01 3.660290527343750000e+01
1.000000000000000000e+04 2.336095333099365234e+00 2.786912769079208374e-02 1.289952158927917480e+00 3.440087127685546875e+01 2.336095333099365234e+00 2.786912769079208374e-02 1.289952158927917480e+00 3.440087127685546875e+01
1.100000000000000000e+04 8.547825813293457031e-01 2.746813774108886719e+00 5.745912075042724609e+00 4.226411437988281250e+01 8.547825813293457031e-01 2.746813774108886719e+00 5.745912075042724609e+00 4.226411437988281250e+01
1.200000000000000000e+04 6.730909943580627441e-01 6.834174692630767822e-02 1.800754517316818237e-01 3.657435226440429688e+01 6.730909943580627441e-01 6.834174692630767822e-02 1.800754517316818237e-01 3.657435226440429688e+01
1.300000000000000000e+04 1.704184770584106445e+00 1.927375793457031250e-01 5.732094287872314453e+00 3.025990676879882812e+01 1.704184770584106445e+00 1.927375793457031250e-01 5.732094287872314453e+00 3.025990676879882812e+01
1.400000000000000000e+04 2.028106212615966797e+00 2.961051836609840393e-02 1.905795931816101074e-01 2.180528450012207031e+01 2.028106212615966797e+00 2.961051836609840393e-02 1.905795931816101074e-01 2.180528450012207031e+01
1.500000000000000000e+04 2.837554931640625000e+00 1.064145207405090332e+00 1.207875347137451172e+01 1.687277984619140625e+01 2.837554931640625000e+00 1.064145207405090332e+00 1.207875347137451172e+01 1.687277984619140625e+01
1.600000000000000000e+04 1.190140604972839355e+00 1.038368418812751770e-01 1.262758612632751465e+00 1.474474334716796875e+01 1.190140604972839355e+00 1.038368418812751770e-01 1.262758612632751465e+00 1.474474334716796875e+01
1.700000000000000000e+04 3.585847854614257812e+00 1.569090783596038818e-01 3.165702104568481445e+00 1.161703968048095703e+01 3.585847854614257812e+00 1.569090783596038818e-01 3.165702104568481445e+00 1.161703968048095703e+01
1.800000000000000000e+04 2.476281642913818359e+00 3.225634694099426270e-01 4.312751770019531250e+00 1.051149368286132812e+01 2.476281642913818359e+00 3.225634694099426270e-01 4.312751770019531250e+00 1.051149368286132812e+01
1.900000000000000000e+04 4.296820163726806641e+00 1.626813113689422607e-01 1.907685279846191406e+00 9.618162155151367188e+00 4.296820163726806641e+00 1.626813113689422607e-01 1.907685279846191406e+00 9.618162155151367188e+00
2.000000000000000000e+04 9.741481542587280273e-01 3.723176002502441406e+00 7.260686397552490234e+00 4.260612487792968750e+01 9.741481542587280273e-01 3.723176002502441406e+00 7.260686397552490234e+00 4.260612487792968750e+01
