# step, loss_train, loss_test, metrics_test
0.000000000000000000e+00 3.325910156250000000e+04 1.575994262695312500e+02 3.663910156250000000e+03 4.629898986816406250e+02 3.325910156250000000e+04 1.575994262695312500e+02 3.663910156250000000e+03 4.629898986816406250e+02
1.000000000000000000e+03 1.798091125488281250e+02 2.105933189392089844e+01 1.828123664855957031e+01 3.843276672363281250e+02 1.798091125488281250e+02 2.105933189392089844e+01 1.828123664855957031e+01 3.843276672363281250e+02
2.000000000000000000e+03 8.521108627319335938e+00 1.862595748901367188e+01 2.403536081314086914e+00 3.147380065917968750e+02 8.521108627319335938e+00 1.862595748901367188e+01 2.403536081314086914e+00 3.147380065917968750e+02
3.000000000000000000e+03 1.512856388092041016e+01 1.623863792419433594e+01 1.873379588127136230e+00 2.067516021728515625e+02 1.512856388092041016e+01 1.623863792419433594e+01 1.873379588127136230e+00 2.067516021728515625e+02
4.000000000000000000e+03 1.224650287628173828e+01 1.377895736694335938e+01 1.611388087272644043e+00 2.182789611816406250e+02 1.224650287628173828e+01 1.377895736694335938e+01 1.611388087272644043e+00 2.182789611816406250e+02
5.000000000000000000e+03 1.380066394805908203e+01 7.510186195373535156e+00 1.457372546195983887e+00 1.443304595947265625e+02 1.380066394805908203e+01 7.510186195373535156e+00 1.457372546195983887e+00 1.443304595947265625e+02
6.000000000000000000e+03 1.325756549835205078e+01 8.139010429382324219e+00 1.404867172241210938e+00 1.464885864257812500e+02 1.325756549835205078e+01 8.139010429382324219e+00 1.404867172241210938e+00 1.464885864257812500e+02
7.000000000000000000e+03 4.336639022827148438e+01 1.927689361572265625e+01 1.536949157714843750e+02 2.228854522705078125e+02 4.336639022827148438e+01 1.927689361572265625e+01 1.536949157714843750e+02 2.228854522705078125e+02
8.000000000000000000e+03 2.353408432006835938e+01 8.808856964111328125e+00 8.543914794921875000e+01 3.387082519531250000e+02 2.353408432006835938e+01 8.808856964111328125e+00 8.543914794921875000e+01 3.387082519531250000e+02
9.000000000000000000e+03 3.462273406982421875e+01 2.012427091598510742e+00 1.024269485473632812e+01 9.859231567382812500e+01 3.462273406982421875e+01 2.012427091598510742e+00 1.024269485473632812e+01 9.859231567382812500e+01
1.000000000000000000e+04 2.817548751831054688e+01 7.797934412956237793e-01 7.942137241363525391e+00 8.102940368652343750e+01 2.817548751831054688e+01 7.797934412956237793e-01 7.942137241363525391e+00 8.102940368652343750e+01
1.100000000000000000e+04 3.583379364013671875e+01 2.361472129821777344e+00 1.377815914154052734e+01 3.990424728393554688e+01 3.583379364013671875e+01 2.361472129821777344e+00 1.377815914154052734e+01 3.990424728393554688e+01
1.200000000000000000e+04 1.919800758361816406e+01 1.305637955665588379e+00 7.005860328674316406e+00 3.662091445922851562e+01 1.919800758361816406e+01 1.305637955665588379e+00 7.005860328674316406e+00 3.662091445922851562e+01
1.300000000000000000e+04 2.776714706420898438e+01 1.431274056434631348e+00 1.506994628906250000e+01 4.386838531494140625e+01 2.776714706420898438e+01 1.431274056434631348e+00 1.506994628906250000e+01 4.386838531494140625e+01
1.400000000000000000e+04 1.912899398803710938e+01 3.772917985916137695e+00 2.105171775817871094e+01 1.921415519714355469e+01 1.912899398803710938e+01 3.772917985916137695e+00 2.105171775817871094e+01 1.921415519714355469e+01
1.500000000000000000e+04 2.965129852294921875e+01 3.084884166717529297e+00 2.058255195617675781e+01 7.439944458007812500e+01 2.965129852294921875e+01 3.084884166717529297e+00 2.058255195617675781e+01 7.439944458007812500e+01
1.600000000000000000e+04 2.396495056152343750e+01 1.982509732246398926e+00 1.091317462921142578e+01 3.483462524414062500e+01 2.396495056152343750e+01 1.982509732246398926e+00 1.091317462921142578e+01 3.483462524414062500e+01
1.700000000000000000e+04 5.024435806274414062e+01 8.936459422111511230e-01 4.555288314819335938e+00 1.853451538085937500e+01 5.024435806274414062e+01 8.936459422111511230e-01 4.555288314819335938e+00 1.853451538085937500e+01
1.800000000000000000e+04 1.240741920471191406e+01 3.709693145751953125e+01 9.732070159912109375e+01 4.441303405761718750e+02 1.240741920471191406e+01 3.709693145751953125e+01 9.732070159912109375e+01 4.441303405761718750e+02
1.900000000000000000e+04 7.650124073028564453e+00 4.263919830322265625e+01 3.223886489868164062e+01 3.875044250488281250e+02 7.650124073028564453e+00 4.263919830322265625e+01 3.223886489868164062e+01 3.875044250488281250e+02
2.000000000000000000e+04 8.579551696777343750e+00 3.715329360961914062e+01 1.614173316955566406e+01 3.580551147460937500e+02 8.579551696777343750e+00 3.715329360961914062e+01 1.614173316955566406e+01 3.580551147460937500e+02
