# step, loss_train, loss_test, metrics_test
0.000000000000000000e+00 0.000000000000000000e+00 1.111356430053710938e+02 0.000000000000000000e+00 4.674176635742187500e+02 0.000000000000000000e+00 1.111356430053710938e+02 0.000000000000000000e+00 4.674176635742187500e+02
1.000000000000000000e+03 0.000000000000000000e+00 2.401797175407409668e-01 0.000000000000000000e+00 2.558194398880004883e-01 0.000000000000000000e+00 2.401797175407409668e-01 0.000000000000000000e+00 2.558194398880004883e-01
2.000000000000000000e+03 0.000000000000000000e+00 3.429488465189933777e-02 0.000000000000000000e+00 1.177225112915039062e-01 0.000000000000000000e+00 3.429488465189933777e-02 0.000000000000000000e+00 1.177225112915039062e-01
3.000000000000000000e+03 0.000000000000000000e+00 3.403590247035026550e-02 0.000000000000000000e+00 8.713604509830474854e-02 0.000000000000000000e+00 3.403590247035026550e-02 0.000000000000000000e+00 8.713604509830474854e-02
4.000000000000000000e+03 0.000000000000000000e+00 1.649962272495031357e-03 0.000000000000000000e+00 1.070827916264533997e-01 0.000000000000000000e+00 1.649962272495031357e-03 0.000000000000000000e+00 1.070827916264533997e-01
5.000000000000000000e+03 0.000000000000000000e+00 3.575052618980407715e-01 0.000000000000000000e+00 7.397217750549316406e-01 0.000000000000000000e+00 3.575052618980407715e-01 0.000000000000000000e+00 7.397217750549316406e-01
6.000000000000000000e+03 0.000000000000000000e+00 1.351511944085359573e-02 0.000000000000000000e+00 4.225010275840759277e-01 0.000000000000000000e+00 1.351511944085359573e-02 0.000000000000000000e+00 4.225010275840759277e-01
7.000000000000000000e+03 0.000000000000000000e+00 3.191149607300758362e-02 0.000000000000000000e+00 2.781313657760620117e-01 0.000000000000000000e+00 3.191149607300758362e-02 0.000000000000000000e+00 2.781313657760620117e-01
8.000000000000000000e+03 0.000000000000000000e+00 2.776741422712802887e-02 0.000000000000000000e+00 1.430381983518600464e-01 0.000000000000000000e+00 2.776741422712802887e-02 0.000000000000000000e+00 1.430381983518600464e-01
9.000000000000000000e+03 0.000000000000000000e+00 2.277406118810176849e-02 0.000000000000000000e+00 6.264333724975585938e-01 0.000000000000000000e+00 2.277406118810176849e-02 0.000000000000000000e+00 6.264333724975585938e-01
1.000000000000000000e+04 0.000000000000000000e+00 1.556307125091552734e+01 0.000000000000000000e+00 1.545742601156234741e-01 0.000000000000000000e+00 1.556307125091552734e+01 0.000000000000000000e+00 1.545742601156234741e-01
1.100000000000000000e+04 0.000000000000000000e+00 1.555734634399414062e+01 0.000000000000000000e+00 1.075529381632804871e-01 0.000000000000000000e+00 1.555734634399414062e+01 0.000000000000000000e+00 1.075529381632804871e-01
1.200000000000000000e+04 0.000000000000000000e+00 1.149508666992187500e+01 0.000000000000000000e+00 5.453156307339668274e-02 0.000000000000000000e+00 1.149508666992187500e+01 0.000000000000000000e+00 5.453156307339668274e-02
1.300000000000000000e+04 0.000000000000000000e+00 1.147656345367431641e+01 0.000000000000000000e+00 3.125612437725067139e-02 0.000000000000000000e+00 1.147656345367431641e+01 0.000000000000000000e+00 3.125612437725067139e-02
1.400000000000000000e+04 0.000000000000000000e+00 1.702232170104980469e+01 0.000000000000000000e+00 5.989246368408203125e-01 0.000000000000000000e+00 1.702232170104980469e+01 0.000000000000000000e+00 5.989246368408203125e-01
1.500000000000000000e+04 0.000000000000000000e+00 8.604904413223266602e-01 0.000000000000000000e+00 1.329082846641540527e-01 0.000000000000000000e+00 8.604904413223266602e-01 0.000000000000000000e+00 1.329082846641540527e-01
1.600000000000000000e+04 0.000000000000000000e+00 8.587812781333923340e-01 0.000000000000000000e+00 1.374066770076751709e-01 0.000000000000000000e+00 8.587812781333923340e-01 0.000000000000000000e+00 1.374066770076751709e-01
1.700000000000000000e+04 0.000000000000000000e+00 8.529971241950988770e-01 0.000000000000000000e+00 3.778485581278800964e-02 0.000000000000000000e+00 8.529971241950988770e-01 0.000000000000000000e+00 3.778485581278800964e-02
1.800000000000000000e+04 0.000000000000000000e+00 5.521956086158752441e-01 0.000000000000000000e+00 2.367242425680160522e-01 0.000000000000000000e+00 5.521956086158752441e-01 0.000000000000000000e+00 2.367242425680160522e-01
1.900000000000000000e+04 0.000000000000000000e+00 5.375044345855712891e-01 0.000000000000000000e+00 1.485464572906494141e-01 0.000000000000000000e+00 5.375044345855712891e-01 0.000000000000000000e+00 1.485464572906494141e-01
2.000000000000000000e+04 0.000000000000000000e+00 5.253626704216003418e-01 0.000000000000000000e+00 9.388832747936248779e-02 0.000000000000000000e+00 5.253626704216003418e-01 0.000000000000000000e+00 9.388832747936248779e-02
