# step, loss_train, loss_test, metrics_test
0.000000000000000000e+00 3.019955444335937500e+01 2.541419792175292969e+01 4.767050781250000000e+03 4.085471191406250000e+02 3.019955444335937500e+01 2.541419792175292969e+01 4.767050781250000000e+03 4.085471191406250000e+02
1.000000000000000000e+03 1.027938365936279297e+00 2.213903427124023438e+01 8.931334018707275391e-01 3.514792480468750000e+02 1.027938365936279297e+00 2.213903427124023438e+01 8.931334018707275391e-01 3.514792480468750000e+02
2.000000000000000000e+03 2.562376022338867188e+00 2.471555709838867188e+01 4.097095966339111328e+00 2.918366394042968750e+02 2.562376022338867188e+00 2.471555709838867188e+01 4.097095966339111328e+00 2.918366394042968750e+02
3.000000000000000000e+03 1.732853889465332031e+01 5.225469589233398438e+00 1.198593997955322266e+01 2.251403999328613281e+01 1.732853889465332031e+01 5.225469589233398438e+00 1.198593997955322266e+01 2.251403999328613281e+01
4.000000000000000000e+03 3.631493091583251953e+00 2.063413381576538086e+00 7.159582376480102539e-01 6.984834671020507812e+00 3.631493091583251953e+00 2.063413381576538086e+00 7.159582376480102539e-01 6.984834671020507812e+00
5.000000000000000000e+03 1.986594676971435547e+00 1.481299281120300293e+00 5.434783697128295898e-01 5.319924354553222656e+00 1.986594676971435547e+00 1.481299281120300293e+00 5.434783697128295898e-01 5.319924354553222656e+00
6.000000000000000000e+03 1.426060914993286133e+00 1.268843889236450195e+00 3.986614942550659180e-01 4.256928443908691406e+00 1.426060914993286133e+00 1.268843889236450195e+00 3.986614942550659180e-01 4.256928443908691406e+00
7.000000000000000000e+03 1.106018662452697754e+00 1.096682906150817871e+00 2.759962081909179688e-01 3.509177923202514648e+00 1.106018662452697754e+00 1.096682906150817871e+00 2.759962081909179688e-01 3.509177923202514648e+00
8.000000000000000000e+03 1.543836593627929688e+00 9.875900149345397949e-01 4.960382580757141113e-01 3.121523618698120117e+00 1.543836593627929688e+00 9.875900149345397949e-01 4.960382580757141113e-01 3.121523618698120117e+00
9.000000000000000000e+03 8.466007113456726074e-01 8.395066261291503906e-01 4.693944752216339111e-01 2.662437438964843750e+00 8.466007113456726074e-01 8.395066261291503906e-01 4.693944752216339111e-01 2.662437438964843750e+00
1.000000000000000000e+04 6.689586639404296875e-01 6.998568177223205566e-01 9.539853781461715698e-02 2.395879745483398438e+00 6.689586639404296875e-01 6.998568177223205566e-01 9.539853781461715698e-02 2.395879745483398438e+00
1.100000000000000000e+04 2.285272359848022461e+00 6.178789734840393066e-01 5.604770183563232422e+00 2.135916233062744141e+00 2.285272359848022461e+00 6.178789734840393066e-01 5.604770183563232422e+00 2.135916233062744141e+00
1.200000000000000000e+04 1.615612387657165527e+00 4.854286909103393555e-01 3.741755008697509766e+00 2.050929307937622070e+00 1.615612387657165527e+00 4.854286909103393555e-01 3.741755008697509766e+00 2.050929307937622070e+00
1.300000000000000000e+04 5.233391523361206055e-01 3.873339295387268066e-01 1.670111119747161865e-01 1.834040164947509766e+00 5.233391523361206055e-01 3.873339295387268066e-01 1.670111119747161865e-01 1.834040164947509766e+00
1.400000000000000000e+04 4.705767631530761719e-01 3.054241538047790527e-01 9.293867647647857666e-02 1.710970401763916016e+00 4.705767631530761719e-01 3.054241538047790527e-01 9.293867647647857666e-02 1.710970401763916016e+00
1.500000000000000000e+04 7.339865565299987793e-01 2.592964172363281250e-01 7.980098724365234375e-01 1.781630158424377441e+00 7.339865565299987793e-01 2.592964172363281250e-01 7.980098724365234375e-01 1.781630158424377441e+00
1.600000000000000000e+04 5.356202125549316406e-01 2.034013867378234863e-01 3.768652379512786865e-01 1.517019391059875488e+00 5.356202125549316406e-01 2.034013867378234863e-01 3.768652379512786865e-01 1.517019391059875488e+00
1.700000000000000000e+04 5.898832678794860840e-01 1.641075164079666138e-01 5.169417262077331543e-01 1.416238546371459961e+00 5.898832678794860840e-01 1.641075164079666138e-01 5.169417262077331543e-01 1.416238546371459961e+00
1.800000000000000000e+04 9.985067844390869141e-01 1.386987566947937012e-01 5.624660849571228027e-01 1.304257154464721680e+00 9.985067844390869141e-01 1.386987566947937012e-01 5.624660849571228027e-01 1.304257154464721680e+00
1.900000000000000000e+04 9.599836468696594238e-01 1.196678131818771362e-01 4.081464409828186035e-01 1.300230026245117188e+00 9.599836468696594238e-01 1.196678131818771362e-01 4.081464409828186035e-01 1.300230026245117188e+00
2.000000000000000000e+04 3.373386859893798828e-01 9.834627807140350342e-02 9.077272564172744751e-02 1.248072504997253418e+00 3.373386859893798828e-01 9.834627807140350342e-02 9.077272564172744751e-02 1.248072504997253418e+00
