# step, loss_train, loss_test, metrics_test
0.000000000000000000e+00 1.793052069842815399e-02 1.171060657501220703e+01 3.150061523437500000e+03 3.923709411621093750e+02 1.793052069842815399e-02 1.171060657501220703e+01 3.150061523437500000e+03 3.923709411621093750e+02
1.000000000000000000e+03 2.226325093178968366e-15 1.631662559509277344e+01 2.878607666015625000e+03 3.969418029785156250e+02 2.226325093178968366e-15 1.631662559509277344e+01 2.878607666015625000e+03 3.969418029785156250e+02
2.000000000000000000e+03 2.243533838051860359e-15 1.631661796569824219e+01 2.878607910156250000e+03 3.969418029785156250e+02 2.243533838051860359e-15 1.631661796569824219e+01 2.878607910156250000e+03 3.969418029785156250e+02
3.000000000000000000e+03 2.282378557254705759e-15 1.631664085388183594e+01 2.878607910156250000e+03 3.969418029785156250e+02 2.282378557254705759e-15 1.631664085388183594e+01 2.878607910156250000e+03 3.969418029785156250e+02
4.000000000000000000e+03 2.311635710527579733e-15 1.640999794006347656e+01 2.878469970703125000e+03 3.970367736816406250e+02 2.311635710527579733e-15 1.640999794006347656e+01 2.878469970703125000e+03 3.970367736816406250e+02
5.000000000000000000e+03 2.246872841929936811e-15 1.631661796569824219e+01 2.878607910156250000e+03 3.969418029785156250e+02 2.246872841929936811e-15 1.631661796569824219e+01 2.878607910156250000e+03 3.969418029785156250e+02
6.000000000000000000e+03 2.177306873004888378e-15 1.631663894653320312e+01 2.878607666015625000e+03 3.969418029785156250e+02 2.177306873004888378e-15 1.631663894653320312e+01 2.878607666015625000e+03 3.969418029785156250e+02
7.000000000000000000e+03 2.189752328098895813e-15 1.632474327087402344e+01 2.878591552734375000e+03 3.969500732421875000e+02 2.189752328098895813e-15 1.632474327087402344e+01 2.878591552734375000e+03 3.969500732421875000e+02
8.000000000000000000e+03 2.542541338872075091e-15 2.255682754516601562e+01 3.015203125000000000e+03 4.033508300781250000e+02 2.542541338872075091e-15 2.255682754516601562e+01 3.015203125000000000e+03 4.033508300781250000e+02
9.000000000000000000e+03 4.068265787860987984e-15 1.631662750244140625e+01 2.878607666015625000e+03 3.969418029785156250e+02 4.068265787860987984e-15 1.631662750244140625e+01 2.878607666015625000e+03 3.969418029785156250e+02
1.000000000000000000e+04 7.130257281416814419e-15 1.631665039062500000e+01 2.878607666015625000e+03 3.969418029785156250e+02 7.130257281416814419e-15 1.631665039062500000e+01 2.878607666015625000e+03 3.969418029785156250e+02
1.100000000000000000e+04 2.452388572977189790e-14 1.631665802001953125e+01 2.878607666015625000e+03 3.969418029785156250e+02 2.452388572977189790e-14 1.631665802001953125e+01 2.878607666015625000e+03 3.969418029785156250e+02
1.200000000000000000e+04 2.509516755103381399e-17 1.631657600402832031e+01 2.878607910156250000e+03 3.969417419433593750e+02 2.509516755103381399e-17 1.631657600402832031e+01 2.878607910156250000e+03 3.969417419433593750e+02
1.300000000000000000e+04 2.630703181617707740e-17 1.631663322448730469e+01 2.878607666015625000e+03 3.969418029785156250e+02 2.630703181617707740e-17 1.631663322448730469e+01 2.878607666015625000e+03 3.969418029785156250e+02
1.400000000000000000e+04 2.872517025988397085e-17 1.631662368774414062e+01 2.878607666015625000e+03 3.969418029785156250e+02 2.872517025988397085e-17 1.631662368774414062e+01 2.878607666015625000e+03 3.969418029785156250e+02
1.500000000000000000e+04 3.459099915107310876e-17 1.631662559509277344e+01 2.878607666015625000e+03 3.969418029785156250e+02 3.459099915107310876e-17 1.631662559509277344e+01 2.878607666015625000e+03 3.969418029785156250e+02
1.600000000000000000e+04 4.123736228571218401e-17 1.631658172607421875e+01 2.878608398437500000e+03 3.969417419433593750e+02 4.123736228571218401e-17 1.631658172607421875e+01 2.878608398437500000e+03 3.969417419433593750e+02
1.700000000000000000e+04 5.144334829396295431e-17 1.631665039062500000e+01 2.878607666015625000e+03 3.969418029785156250e+02 5.144334829396295431e-17 1.631665039062500000e+01 2.878607666015625000e+03 3.969418029785156250e+02
1.800000000000000000e+04 8.613722886090295844e-17 1.631617736816406250e+01 2.878608398437500000e+03 3.969413146972656250e+02 8.613722886090295844e-17 1.631617736816406250e+01 2.878608398437500000e+03 3.969413146972656250e+02
1.900000000000000000e+04 2.395926394328578516e-16 1.535794258117675781e+01 2.886453369140625000e+03 3.959693298339843750e+02 2.395926394328578516e-16 1.535794258117675781e+01 2.886453369140625000e+03 3.959693298339843750e+02
2.000000000000000000e+04 2.629578351974487305e+00 3.277431869506835938e+01 4.849886703491210938e+01 3.988588562011718750e+02 2.629578351974487305e+00 3.277431869506835938e+01 4.849886703491210938e+01 3.988588562011718750e+02
