# step, loss_train, loss_test, metrics_test
0.000000000000000000e+00 5.843890234375000000e+04 3.019986572265625000e+02 6.496704589843750000e+03 4.423056030273437500e+01 5.843890234375000000e+04 3.019986572265625000e+02 6.496704589843750000e+03 4.423056030273437500e+01
1.000000000000000000e+03 8.165985107421875000e+02 2.854662895202636719e+01 2.416739044189453125e+02 3.170311164855957031e+01 8.165985107421875000e+02 2.854662895202636719e+01 2.416739044189453125e+02 3.170311164855957031e+01
2.000000000000000000e+03 3.068146667480468750e+02 2.506547927856445312e+01 1.768724365234375000e+02 3.150602531433105469e+01 3.068146667480468750e+02 2.506547927856445312e+01 1.768724365234375000e+02 3.150602531433105469e+01
3.000000000000000000e+03 1.753257141113281250e+02 2.570238876342773438e+01 1.000881042480468750e+02 3.148149490356445312e+01 1.753257141113281250e+02 2.570238876342773438e+01 1.000881042480468750e+02 3.148149490356445312e+01
4.000000000000000000e+03 1.216017837524414062e+02 2.212761878967285156e+01 5.088933944702148438e+01 3.140580749511718750e+01 1.216017837524414062e+02 2.212761878967285156e+01 5.088933944702148438e+01 3.140580749511718750e+01
5.000000000000000000e+03 8.334226226806640625e+01 1.726559638977050781e+01 2.299543762207031250e+01 3.117202186584472656e+01 8.334226226806640625e+01 1.726559638977050781e+01 2.299543762207031250e+01 3.117202186584472656e+01
6.000000000000000000e+03 5.954188919067382812e+01 1.239320087432861328e+01 1.249056148529052734e+01 3.067783546447753906e+01 5.954188919067382812e+01 1.239320087432861328e+01 1.249056148529052734e+01 3.067783546447753906e+01
7.000000000000000000e+03 4.486699295043945312e+01 7.741363048553466797e+00 7.077115535736083984e+00 3.023981285095214844e+01 4.486699295043945312e+01 7.741363048553466797e+00 7.077115535736083984e+00 3.023981285095214844e+01
8.000000000000000000e+03 3.614115142822265625e+01 5.433653831481933594e+00 2.958545684814453125e+00 2.979982566833496094e+01 3.614115142822265625e+01 5.433653831481933594e+00 2.958545684814453125e+00 2.979982566833496094e+01
9.000000000000000000e+03 2.137306594848632812e+01 3.473944187164306641e+00 1.062545418739318848e+00 2.936004257202148438e+01 2.137306594848632812e+01 3.473944187164306641e+00 1.062545418739318848e+00 2.936004257202148438e+01
1.000000000000000000e+04 1.497426605224609375e+01 2.549252271652221680e+00 5.013378262519836426e-01 2.895964050292968750e+01 1.497426605224609375e+01 2.549252271652221680e+00 5.013378262519836426e-01 2.895964050292968750e+01
1.100000000000000000e+04 1.098602867126464844e+01 2.315967559814453125e+00 2.766908109188079834e-01 2.868500518798828125e+01 1.098602867126464844e+01 2.315967559814453125e+00 2.766908109188079834e-01 2.868500518798828125e+01
1.200000000000000000e+04 6.604676246643066406e+00 2.168117523193359375e+00 1.464236676692962646e-01 2.854827117919921875e+01 6.604676246643066406e+00 2.168117523193359375e+00 1.464236676692962646e-01 2.854827117919921875e+01
1.300000000000000000e+04 4.591221809387207031e+00 1.837095975875854492e+00 1.058689430356025696e-01 2.829863548278808594e+01 4.591221809387207031e+00 1.837095975875854492e+00 1.058689430356025696e-01 2.829863548278808594e+01
1.400000000000000000e+04 4.062691211700439453e+00 1.601630568504333496e+00 7.808731496334075928e-02 2.812857246398925781e+01 4.062691211700439453e+00 1.601630568504333496e+00 7.808731496334075928e-02 2.812857246398925781e+01
1.500000000000000000e+04 3.493632078170776367e+00 1.376373052597045898e+00 3.078718669712543488e-02 2.790587234497070312e+01 3.493632078170776367e+00 1.376373052597045898e+00 3.078718669712543488e-02 2.790587234497070312e+01
1.600000000000000000e+04 2.946676015853881836e+00 1.052021384239196777e+00 4.231153428554534912e-02 2.760587882995605469e+01 2.946676015853881836e+00 1.052021384239196777e+00 4.231153428554534912e-02 2.760587882995605469e+01
1.700000000000000000e+04 2.649558544158935547e+00 8.682635426521301270e-01 1.278634816408157349e-01 2.721868133544921875e+01 2.649558544158935547e+00 8.682635426521301270e-01 1.278634816408157349e-01 2.721868133544921875e+01
1.800000000000000000e+04 2.474062919616699219e+00 6.655102372169494629e-01 2.626454643905162811e-02 2.675813674926757812e+01 2.474062919616699219e+00 6.655102372169494629e-01 2.626454643905162811e-02 2.675813674926757812e+01
1.900000000000000000e+04 2.399484157562255859e+00 4.838991165161132812e-01 9.410242736339569092e-02 2.632966613769531250e+01 2.399484157562255859e+00 4.838991165161132812e-01 9.410242736339569092e-02 2.632966613769531250e+01
2.000000000000000000e+04 2.433328628540039062e+00 4.585531949996948242e-01 7.175528258085250854e-02 2.590567779541015625e+01 2.433328628540039062e+00 4.585531949996948242e-01 7.175528258085250854e-02 2.590567779541015625e+01
