# step, loss_train, loss_test, metrics_test
0.000000000000000000e+00 0.000000000000000000e+00 1.111356430053710938e+02 1.098517700195312500e+03 4.314624633789062500e+02 0.000000000000000000e+00 1.111356430053710938e+02 1.098517700195312500e+03 4.314624633789062500e+02
1.000000000000000000e+03 0.000000000000000000e+00 2.295941925048828125e+01 3.286536865234375000e+02 3.890283813476562500e+02 0.000000000000000000e+00 2.295941925048828125e+01 3.286536865234375000e+02 3.890283813476562500e+02
2.000000000000000000e+03 0.000000000000000000e+00 2.269633293151855469e+01 3.291661376953125000e+02 3.952063598632812500e+02 0.000000000000000000e+00 2.269633293151855469e+01 3.291661376953125000e+02 3.952063598632812500e+02
3.000000000000000000e+03 0.000000000000000000e+00 2.317287063598632812e+01 3.282782592773437500e+02 3.955185852050781250e+02 0.000000000000000000e+00 2.317287063598632812e+01 3.282782592773437500e+02 3.955185852050781250e+02
4.000000000000000000e+03 0.000000000000000000e+00 2.005027770996093750e+01 3.392485351562500000e+02 3.935136413574218750e+02 0.000000000000000000e+00 2.005027770996093750e+01 3.392485351562500000e+02 3.935136413574218750e+02
5.000000000000000000e+03 0.000000000000000000e+00 2.275882720947265625e+01 3.290377197265625000e+02 3.952489929199218750e+02 0.000000000000000000e+00 2.275882720947265625e+01 3.290377197265625000e+02 3.952489929199218750e+02
6.000000000000000000e+03 0.000000000000000000e+00 2.317860031127929688e+01 3.282688293457031250e+02 3.955213623046875000e+02 0.000000000000000000e+00 2.317860031127929688e+01 3.282688293457031250e+02 3.955213623046875000e+02
7.000000000000000000e+03 0.000000000000000000e+00 2.317282295227050781e+01 3.282783813476562500e+02 3.955173034667968750e+02 0.000000000000000000e+00 2.317282295227050781e+01 3.282783813476562500e+02 3.955173034667968750e+02
8.000000000000000000e+03 0.000000000000000000e+00 2.317470359802246094e+01 3.282752685546875000e+02 3.955185546875000000e+02 0.000000000000000000e+00 2.317470359802246094e+01 3.282752685546875000e+02 3.955185546875000000e+02
9.000000000000000000e+03 0.000000000000000000e+00 2.317290878295898438e+01 3.282782287597656250e+02 3.955173950195312500e+02 0.000000000000000000e+00 2.317290878295898438e+01 3.282782287597656250e+02 3.955173950195312500e+02
1.000000000000000000e+04 0.000000000000000000e+00 1.880412483215332031e+01 3.494141540527343750e+02 3.927351379394531250e+02 0.000000000000000000e+00 1.880412483215332031e+01 3.494141540527343750e+02 3.927351379394531250e+02
1.100000000000000000e+04 0.000000000000000000e+00 2.402067756652832031e+01 3.271716918945312500e+02 3.960684509277343750e+02 0.000000000000000000e+00 2.402067756652832031e+01 3.271716918945312500e+02 3.960684509277343750e+02
1.200000000000000000e+04 0.000000000000000000e+00 2.327447128295898438e+01 3.281151733398437500e+02 3.955833129882812500e+02 0.000000000000000000e+00 2.327447128295898438e+01 3.281151733398437500e+02 3.955833129882812500e+02
1.300000000000000000e+04 0.000000000000000000e+00 2.317057800292968750e+01 3.282820739746093750e+02 3.955158691406250000e+02 0.000000000000000000e+00 2.317057800292968750e+01 3.282820739746093750e+02 3.955158691406250000e+02
1.400000000000000000e+04 0.000000000000000000e+00 2.317308998107910156e+01 3.282778930664062500e+02 3.955175170898437500e+02 0.000000000000000000e+00 2.317308998107910156e+01 3.282778930664062500e+02 3.955175170898437500e+02
1.500000000000000000e+04 0.000000000000000000e+00 2.317331695556640625e+01 3.282775573730468750e+02 3.955176391601562500e+02 0.000000000000000000e+00 2.317331695556640625e+01 3.282775573730468750e+02 3.955176391601562500e+02
1.600000000000000000e+04 0.000000000000000000e+00 2.319617652893066406e+01 3.282401123046875000e+02 3.955325317382812500e+02 0.000000000000000000e+00 2.319617652893066406e+01 3.282401123046875000e+02 3.955325317382812500e+02
1.700000000000000000e+04 0.000000000000000000e+00 2.317360687255859375e+01 3.282770385742187500e+02 3.955179138183593750e+02 0.000000000000000000e+00 2.317360687255859375e+01 3.282770385742187500e+02 3.955179138183593750e+02
1.800000000000000000e+04 0.000000000000000000e+00 2.317150306701660156e+01 3.282805175781250000e+02 3.955165100097656250e+02 0.000000000000000000e+00 2.317150306701660156e+01 3.282805175781250000e+02 3.955165100097656250e+02
1.900000000000000000e+04 0.000000000000000000e+00 2.317300987243652344e+01 3.282781066894531250e+02 3.955174865722656250e+02 0.000000000000000000e+00 2.317300987243652344e+01 3.282781066894531250e+02 3.955174865722656250e+02
2.000000000000000000e+04 0.000000000000000000e+00 2.319173431396484375e+01 3.282473449707031250e+02 3.955296020507812500e+02 0.000000000000000000e+00 2.319173431396484375e+01 3.282473449707031250e+02 3.955296020507812500e+02
