# step, loss_train, loss_test, metrics_test
0.000000000000000000e+00 1.570354394531250000e+04 6.646079540252685547e+00 6.493008300781250000e+03 4.090032958984375000e+02 1.570354394531250000e+04 6.646079540252685547e+00 6.493008300781250000e+03 4.090032958984375000e+02
1.000000000000000000e+03 4.070021057128906250e+02 5.280817031860351562e+00 2.762055664062500000e+03 3.827332153320312500e+02 4.070021057128906250e+02 5.280817031860351562e+00 2.762055664062500000e+03 3.827332153320312500e+02
2.000000000000000000e+03 2.175525207519531250e+02 6.251224517822265625e+00 1.307847900390625000e+03 3.842193603515625000e+02 2.175525207519531250e+02 6.251224517822265625e+00 1.307847900390625000e+03 3.842193603515625000e+02
3.000000000000000000e+03 1.604113311767578125e+02 6.587301254272460938e+00 1.008133117675781250e+03 3.840718994140625000e+02 1.604113311767578125e+02 6.587301254272460938e+00 1.008133117675781250e+03 3.840718994140625000e+02
4.000000000000000000e+03 1.976336059570312500e+02 6.675631523132324219e+00 5.265447387695312500e+02 3.805869750976562500e+02 1.976336059570312500e+02 6.675631523132324219e+00 5.265447387695312500e+02 3.805869750976562500e+02
5.000000000000000000e+03 1.542977600097656250e+02 6.948316574096679688e+00 1.204552230834960938e+02 3.789875793457031250e+02 1.542977600097656250e+02 6.948316574096679688e+00 1.204552230834960938e+02 3.789875793457031250e+02
6.000000000000000000e+03 7.479911041259765625e+01 7.546025276184082031e+00 2.587692451477050781e+01 3.773718261718750000e+02 7.479911041259765625e+01 7.546025276184082031e+00 2.587692451477050781e+01 3.773718261718750000e+02
7.000000000000000000e+03 3.890274429321289062e+01 7.831692695617675781e+00 1.271828651428222656e+01 3.723174743652343750e+02 3.890274429321289062e+01 7.831692695617675781e+00 1.271828651428222656e+01 3.723174743652343750e+02
8.000000000000000000e+03 2.246438980102539062e+01 8.149368286132812500e+00 7.411307334899902344e+00 3.658504333496093750e+02 2.246438980102539062e+01 8.149368286132812500e+00 7.411307334899902344e+00 3.658504333496093750e+02
9.000000000000000000e+03 1.458927440643310547e+01 8.841551780700683594e+00 3.943403005599975586e+00 3.591552124023437500e+02 1.458927440643310547e+01 8.841551780700683594e+00 3.943403005599975586e+00 3.591552124023437500e+02
1.000000000000000000e+04 1.041614055633544922e+01 9.928915023803710938e+00 1.812047600746154785e+00 3.528510131835937500e+02 1.041614055633544922e+01 9.928915023803710938e+00 1.812047600746154785e+00 3.528510131835937500e+02
1.100000000000000000e+04 7.700836181640625000e+00 1.122226619720458984e+01 8.793236613273620605e-01 3.473923645019531250e+02 7.700836181640625000e+00 1.122226619720458984e+01 8.793236613273620605e-01 3.473923645019531250e+02
1.200000000000000000e+04 5.766120910644531250e+00 1.240431308746337891e+01 6.707663536071777344e-01 3.430630187988281250e+02 5.766120910644531250e+00 1.240431308746337891e+01 6.707663536071777344e-01 3.430630187988281250e+02
1.300000000000000000e+04 4.480046749114990234e+00 1.326988601684570312e+01 7.316197752952575684e-01 3.396352233886718750e+02 4.480046749114990234e+00 1.326988601684570312e+01 7.316197752952575684e-01 3.396352233886718750e+02
1.400000000000000000e+04 3.728485107421875000e+00 1.385027217864990234e+01 8.543001413345336914e-01 3.367726440429687500e+02 3.728485107421875000e+00 1.385027217864990234e+01 8.543001413345336914e-01 3.367726440429687500e+02
1.500000000000000000e+04 3.328185081481933594e+00 1.426653957366943359e+01 9.500758647918701172e-01 3.341888427734375000e+02 3.328185081481933594e+00 1.426653957366943359e+01 9.500758647918701172e-01 3.341888427734375000e+02
1.600000000000000000e+04 3.124377250671386719e+00 1.462527465820312500e+01 1.010636210441589355e+00 3.316272888183593750e+02 3.124377250671386719e+00 1.462527465820312500e+01 1.010636210441589355e+00 3.316272888183593750e+02
1.700000000000000000e+04 3.227702617645263672e+00 1.493582820892333984e+01 1.130634069442749023e+00 3.289689941406250000e+02 3.227702617645263672e+00 1.493582820892333984e+01 1.130634069442749023e+00 3.289689941406250000e+02
1.800000000000000000e+04 3.109284877777099609e+00 1.530786514282226562e+01 1.038189291954040527e+00 3.260568542480468750e+02 3.109284877777099609e+00 1.530786514282226562e+01 1.038189291954040527e+00 3.260568542480468750e+02
1.900000000000000000e+04 3.346847295761108398e+00 1.574206924438476562e+01 9.847183227539062500e-01 3.224396057128906250e+02 3.346847295761108398e+00 1.574206924438476562e+01 9.847183227539062500e-01 3.224396057128906250e+02
2.000000000000000000e+04 3.942621469497680664e+00 1.632637023925781250e+01 9.010389447212219238e-01 3.175545349121093750e+02 3.942621469497680664e+00 1.632637023925781250e+01 9.010389447212219238e-01 3.175545349121093750e+02
