# step, loss_train, loss_test, metrics_test
0.000000000000000000e+00 4.685826000000000000e+06 8.629109497070312500e+02 2.030367656250000000e+05 1.605078002929687500e+03 4.685826000000000000e+06 8.629109497070312500e+02 2.030367656250000000e+05 1.605078002929687500e+03
1.000000000000000000e+03 6.861739746093750000e+03 2.586064910888671875e+01 1.011219055175781250e+03 4.763442382812500000e+02 6.861739746093750000e+03 2.586064910888671875e+01 1.011219055175781250e+03 4.763442382812500000e+02
2.000000000000000000e+03 2.916236572265625000e+03 2.787128067016601562e+01 3.287914123535156250e+02 4.873932189941406250e+02 2.916236572265625000e+03 2.787128067016601562e+01 3.287914123535156250e+02 4.873932189941406250e+02
3.000000000000000000e+03 1.573747314453125000e+03 2.784066390991210938e+01 1.250046310424804688e+02 4.857463073730468750e+02 1.573747314453125000e+03 2.784066390991210938e+01 1.250046310424804688e+02 4.857463073730468750e+02
4.000000000000000000e+03 9.560325927734375000e+02 2.604632949829101562e+01 5.186960983276367188e+01 4.752681274414062500e+02 9.560325927734375000e+02 2.604632949829101562e+01 5.186960983276367188e+01 4.752681274414062500e+02
5.000000000000000000e+03 6.090841674804687500e+02 2.264884185791015625e+01 2.327781295776367188e+01 4.579025878906250000e+02 6.090841674804687500e+02 2.264884185791015625e+01 2.327781295776367188e+01 4.579025878906250000e+02
6.000000000000000000e+03 3.965621948242187500e+02 1.880554199218750000e+01 1.177953243255615234e+01 4.369501647949218750e+02 3.965621948242187500e+02 1.880554199218750000e+01 1.177953243255615234e+01 4.369501647949218750e+02
7.000000000000000000e+03 2.624056091308593750e+02 1.604105377197265625e+01 7.023964881896972656e+00 4.140182495117187500e+02 2.624056091308593750e+02 1.604105377197265625e+01 7.023964881896972656e+00 4.140182495117187500e+02
8.000000000000000000e+03 1.776620941162109375e+02 1.544894218444824219e+01 4.903773307800292969e+00 3.951253967285156250e+02 1.776620941162109375e+02 1.544894218444824219e+01 4.903773307800292969e+00 3.951253967285156250e+02
9.000000000000000000e+03 1.305915527343750000e+02 1.568243694305419922e+01 3.516510009765625000e+00 3.825146789550781250e+02 1.305915527343750000e+02 1.568243694305419922e+01 3.516510009765625000e+00 3.825146789550781250e+02
1.000000000000000000e+04 9.356762695312500000e+01 1.645995521545410156e+01 2.741312265396118164e+00 3.734054260253906250e+02 9.356762695312500000e+01 1.645995521545410156e+01 2.741312265396118164e+00 3.734054260253906250e+02
1.100000000000000000e+04 7.159523773193359375e+01 1.689533042907714844e+01 2.281079769134521484e+00 3.665690612792968750e+02 7.159523773193359375e+01 1.689533042907714844e+01 2.281079769134521484e+00 3.665690612792968750e+02
1.200000000000000000e+04 5.684560012817382812e+01 1.719004249572753906e+01 1.909018278121948242e+00 3.617442016601562500e+02 5.684560012817382812e+01 1.719004249572753906e+01 1.909018278121948242e+00 3.617442016601562500e+02
1.300000000000000000e+04 4.705654907226562500e+01 1.731754684448242188e+01 1.795485377311706543e+00 3.579375305175781250e+02 4.705654907226562500e+01 1.731754684448242188e+01 1.795485377311706543e+00 3.579375305175781250e+02
1.400000000000000000e+04 4.009530639648437500e+01 1.742234611511230469e+01 1.713761925697326660e+00 3.547443847656250000e+02 4.009530639648437500e+01 1.742234611511230469e+01 1.713761925697326660e+00 3.547443847656250000e+02
1.500000000000000000e+04 3.568610763549804688e+01 1.737427520751953125e+01 1.599208116531372070e+00 3.521670227050781250e+02 3.568610763549804688e+01 1.737427520751953125e+01 1.599208116531372070e+00 3.521670227050781250e+02
1.600000000000000000e+04 3.242307281494140625e+01 1.737923431396484375e+01 1.389790058135986328e+00 3.500700073242187500e+02 3.242307281494140625e+01 1.737923431396484375e+01 1.389790058135986328e+00 3.500700073242187500e+02
1.700000000000000000e+04 2.721155357360839844e+01 1.713602447509765625e+01 1.345383167266845703e+00 3.482590332031250000e+02 2.721155357360839844e+01 1.713602447509765625e+01 1.345383167266845703e+00 3.482590332031250000e+02
1.800000000000000000e+04 2.711514282226562500e+01 1.677140617370605469e+01 1.686283707618713379e+00 3.466374511718750000e+02 2.711514282226562500e+01 1.677140617370605469e+01 1.686283707618713379e+00 3.466374511718750000e+02
1.900000000000000000e+04 5.243432998657226562e+01 1.633061981201171875e+01 2.533999443054199219e+00 3.451742248535156250e+02 5.243432998657226562e+01 1.633061981201171875e+01 2.533999443054199219e+00 3.451742248535156250e+02
2.000000000000000000e+04 1.992407989501953125e+01 1.640537834167480469e+01 1.351263165473937988e+00 3.439664001464843750e+02 1.992407989501953125e+01 1.640537834167480469e+01 1.351263165473937988e+00 3.439664001464843750e+02
