# step, loss_train, loss_test, metrics_test
0.000000000000000000e+00 2.095433616638183594e+01 2.468449974060058594e+01 6.009696044921875000e+02 1.035895080566406250e+02 2.095433616638183594e+01 2.468449974060058594e+01 6.009696044921875000e+02 1.035895080566406250e+02
1.000000000000000000e+03 0.000000000000000000e+00 1.422462558746337891e+01 2.676217956542968750e+02 1.013883666992187500e+02 0.000000000000000000e+00 1.422462558746337891e+01 2.676217956542968750e+02 1.013883666992187500e+02
2.000000000000000000e+03 0.000000000000000000e+00 1.422461414337158203e+01 2.676217956542968750e+02 1.013883666992187500e+02 0.000000000000000000e+00 1.422461414337158203e+01 2.676217956542968750e+02 1.013883666992187500e+02
3.000000000000000000e+03 0.000000000000000000e+00 1.422463321685791016e+01 2.676217651367187500e+02 1.013883666992187500e+02 0.000000000000000000e+00 1.422463321685791016e+01 2.676217651367187500e+02 1.013883666992187500e+02
4.000000000000000000e+03 0.000000000000000000e+00 1.422461986541748047e+01 2.676217956542968750e+02 1.013883666992187500e+02 0.000000000000000000e+00 1.422461986541748047e+01 2.676217956542968750e+02 1.013883666992187500e+02
5.000000000000000000e+03 0.000000000000000000e+00 1.422462558746337891e+01 2.676217956542968750e+02 1.013883666992187500e+02 0.000000000000000000e+00 1.422462558746337891e+01 2.676217956542968750e+02 1.013883666992187500e+02
6.000000000000000000e+03 0.000000000000000000e+00 1.422462558746337891e+01 2.676217956542968750e+02 1.013883666992187500e+02 0.000000000000000000e+00 1.422462558746337891e+01 2.676217956542968750e+02 1.013883666992187500e+02
7.000000000000000000e+03 0.000000000000000000e+00 1.422462558746337891e+01 2.676217956542968750e+02 1.013883666992187500e+02 0.000000000000000000e+00 1.422462558746337891e+01 2.676217956542968750e+02 1.013883666992187500e+02
8.000000000000000000e+03 0.000000000000000000e+00 1.422461986541748047e+01 2.676217956542968750e+02 1.013883666992187500e+02 0.000000000000000000e+00 1.422461986541748047e+01 2.676217956542968750e+02 1.013883666992187500e+02
9.000000000000000000e+03 0.000000000000000000e+00 1.422462558746337891e+01 2.676217956542968750e+02 1.013883666992187500e+02 0.000000000000000000e+00 1.422462558746337891e+01 2.676217956542968750e+02 1.013883666992187500e+02
1.000000000000000000e+04 0.000000000000000000e+00 1.422465038299560547e+01 2.676217651367187500e+02 1.013883819580078125e+02 0.000000000000000000e+00 1.422465038299560547e+01 2.676217651367187500e+02 1.013883819580078125e+02
1.100000000000000000e+04 0.000000000000000000e+00 1.422457313537597656e+01 2.676218566894531250e+02 1.013883666992187500e+02 0.000000000000000000e+00 1.422457313537597656e+01 2.676218566894531250e+02 1.013883666992187500e+02
1.200000000000000000e+04 0.000000000000000000e+00 1.422448635101318359e+01 2.676219787597656250e+02 1.013883361816406250e+02 0.000000000000000000e+00 1.422448635101318359e+01 2.676219787597656250e+02 1.013883361816406250e+02
1.300000000000000000e+04 0.000000000000000000e+00 1.421669769287109375e+01 2.676319885253906250e+02 1.013861312866210938e+02 0.000000000000000000e+00 1.421669769287109375e+01 2.676319885253906250e+02 1.013861312866210938e+02
1.400000000000000000e+04 0.000000000000000000e+00 1.422477912902832031e+01 2.676215820312500000e+02 1.013884124755859375e+02 0.000000000000000000e+00 1.422477912902832031e+01 2.676215820312500000e+02 1.013884124755859375e+02
1.500000000000000000e+04 0.000000000000000000e+00 1.422472286224365234e+01 2.676216430664062500e+02 1.013884048461914062e+02 0.000000000000000000e+00 1.422472286224365234e+01 2.676216430664062500e+02 1.013884048461914062e+02
1.600000000000000000e+04 0.000000000000000000e+00 1.422461986541748047e+01 2.676217956542968750e+02 1.013883666992187500e+02 0.000000000000000000e+00 1.422461986541748047e+01 2.676217956542968750e+02 1.013883666992187500e+02
1.700000000000000000e+04 0.000000000000000000e+00 1.422461986541748047e+01 2.676217956542968750e+02 1.013883666992187500e+02 0.000000000000000000e+00 1.422461986541748047e+01 2.676217956542968750e+02 1.013883666992187500e+02
1.800000000000000000e+04 0.000000000000000000e+00 1.422467041015625000e+01 2.676217346191406250e+02 1.013883819580078125e+02 0.000000000000000000e+00 1.422467041015625000e+01 2.676217346191406250e+02 1.013883819580078125e+02
1.900000000000000000e+04 0.000000000000000000e+00 1.422467613220214844e+01 2.676217346191406250e+02 1.013883819580078125e+02 0.000000000000000000e+00 1.422467613220214844e+01 2.676217346191406250e+02 1.013883819580078125e+02
2.000000000000000000e+04 0.000000000000000000e+00 1.422460746765136719e+01 2.676217956542968750e+02 1.013883666992187500e+02 0.000000000000000000e+00 1.422460746765136719e+01 2.676217956542968750e+02 1.013883666992187500e+02
