# step, loss_train, loss_test, metrics_test
0.000000000000000000e+00 1.398698997497558594e+01 3.892486953735351562e+01 1.184970800781250000e+04 1.539777221679687500e+02 1.398698997497558594e+01 3.892486953735351562e+01 1.184970800781250000e+04 1.539777221679687500e+02
1.000000000000000000e+03 1.424434528662921196e-11 1.635990333557128906e+01 2.527709228515625000e+03 1.422295989990234375e+02 1.424434528662921196e-11 1.635990333557128906e+01 2.527709228515625000e+03 1.422295989990234375e+02
2.000000000000000000e+03 1.164992061153391489e-11 1.525570297241210938e+01 2.522374755859375000e+03 1.417970581054687500e+02 1.164992061153391489e-11 1.525570297241210938e+01 2.522374755859375000e+03 1.417970581054687500e+02
3.000000000000000000e+03 1.700112625549823897e-13 2.023926925659179688e+01 2.616737304687500000e+03 1.437613525390625000e+02 1.700112625549823897e-13 2.023926925659179688e+01 2.616737304687500000e+03 1.437613525390625000e+02
4.000000000000000000e+03 1.190677331036615882e-12 1.521667861938476562e+01 2.522420166015625000e+03 1.417818145751953125e+02 1.190677331036615882e-12 1.521667861938476562e+01 2.522420166015625000e+03 1.417818145751953125e+02
5.000000000000000000e+03 4.060059647881975535e-20 1.521675395965576172e+01 2.522420166015625000e+03 1.417818450927734375e+02 4.060059647881975535e-20 1.521675395965576172e+01 2.522420166015625000e+03 1.417818450927734375e+02
6.000000000000000000e+03 4.056696318586637854e-20 1.521675109863281250e+01 2.522420166015625000e+03 1.417818450927734375e+02 4.056696318586637854e-20 1.521675109863281250e+01 2.522420166015625000e+03 1.417818450927734375e+02
7.000000000000000000e+03 4.879616201662780040e-14 1.521670436859130859e+01 2.522420166015625000e+03 1.417818298339843750e+02 4.879616201662780040e-14 1.521670436859130859e+01 2.522420166015625000e+03 1.417818298339843750e+02
8.000000000000000000e+03 6.677899759452128950e-15 1.521674251556396484e+01 2.522420166015625000e+03 1.417818450927734375e+02 6.677899759452128950e-15 1.521674251556396484e+01 2.522420166015625000e+03 1.417818450927734375e+02
9.000000000000000000e+03 2.049605009503277855e-15 1.478162002563476562e+01 2.524182373046875000e+03 1.416120605468750000e+02 2.049605009503277855e-15 1.478162002563476562e+01 2.524182373046875000e+03 1.416120605468750000e+02
1.000000000000000000e+04 4.708834030705578988e-16 1.522023200988769531e+01 2.522415283203125000e+03 1.417832183837890625e+02 4.708834030705578988e-16 1.522023200988769531e+01 2.522415283203125000e+03 1.417832183837890625e+02
1.100000000000000000e+04 1.006169262219702015e-16 1.521763896942138672e+01 2.522418945312500000e+03 1.417821960449218750e+02 1.006169262219702015e-16 1.521763896942138672e+01 2.522418945312500000e+03 1.417821960449218750e+02
1.200000000000000000e+04 2.140893641286475252e-17 1.521689605712890625e+01 2.522419921875000000e+03 1.417818908691406250e+02 2.140893641286475252e-17 1.521689605712890625e+01 2.522419921875000000e+03 1.417818908691406250e+02
1.300000000000000000e+04 3.366100453787310879e-18 1.521650791168212891e+01 2.522420166015625000e+03 1.417817535400390625e+02 3.366100453787310879e-18 1.521650791168212891e+01 2.522420166015625000e+03 1.417817535400390625e+02
1.400000000000000000e+04 6.443601520962780029e-19 1.521681213378906250e+01 2.522419921875000000e+03 1.417818908691406250e+02 6.443601520962780029e-19 1.521681213378906250e+01 2.522419921875000000e+03 1.417818908691406250e+02
1.500000000000000000e+04 6.807554915878488770e-20 1.416850852966308594e+01 2.531071533203125000e+03 1.413735809326171875e+02 6.807554915878488770e-20 1.416850852966308594e+01 2.531071533203125000e+03 1.413735809326171875e+02
1.600000000000000000e+04 4.533765628293207438e-21 1.868202209472656250e+01 2.570721923828125000e+03 1.431446990966796875e+02 4.533765628293207438e-21 1.868202209472656250e+01 2.570721923828125000e+03 1.431446990966796875e+02
1.700000000000000000e+04 3.025119003067232328e-22 1.650823974609375000e+01 2.529295166015625000e+03 1.422878570556640625e+02 3.025119003067232328e-22 1.650823974609375000e+01 2.529295166015625000e+03 1.422878570556640625e+02
1.800000000000000000e+04 1.020593211226398364e-20 1.648790550231933594e+01 2.529066894531250000e+03 1.422798614501953125e+02 1.020593211226398364e-20 1.648790550231933594e+01 2.529066894531250000e+03 1.422798614501953125e+02
1.900000000000000000e+04 5.118050793201147328e-20 1.521671104431152344e+01 2.522420166015625000e+03 1.417818298339843750e+02 5.118050793201147328e-20 1.521671104431152344e+01 2.522420166015625000e+03 1.417818298339843750e+02
2.000000000000000000e+04 4.831561150128667703e-21 1.521129703521728516e+01 2.522427978515625000e+03 1.417797088623046875e+02 4.831561150128667703e-21 1.521129703521728516e+01 2.522427978515625000e+03 1.417797088623046875e+02
