# step, loss_train, loss_test, metrics_test
0.000000000000000000e+00 8.030186462402343750e+01 2.016451072692871094e+01 3.144359397888183594e+01 5.782719421386718750e+01 8.030186462402343750e+01 2.016451072692871094e+01 3.144359397888183594e+01 5.782719421386718750e+01
1.000000000000000000e+03 1.588901519775390625e+00 2.479466676712036133e+00 4.684241414070129395e-01 4.630294799804687500e+01 1.588901519775390625e+00 2.479466676712036133e+00 4.684241414070129395e-01 4.630294799804687500e+01
2.000000000000000000e+03 1.641056632995605469e+01 3.902591943740844727e+00 4.949606418609619141e+00 4.762515640258789062e+01 1.641056632995605469e+01 3.902591943740844727e+00 4.949606418609619141e+00 4.762515640258789062e+01
3.000000000000000000e+03 2.131421297235647216e-07 1.076368331909179688e+01 1.620683097839355469e+01 5.605590820312500000e+01 2.131421297235647216e-07 1.076368331909179688e+01 1.620683097839355469e+01 5.605590820312500000e+01
4.000000000000000000e+03 3.231392398106436303e-08 1.076366329193115234e+01 1.620680809020996094e+01 5.605589294433593750e+01 3.231392398106436303e-08 1.076366329193115234e+01 1.620680809020996094e+01 5.605589294433593750e+01
5.000000000000000000e+03 3.737837346307060216e-07 1.076364326477050781e+01 1.620680809020996094e+01 5.605587768554687500e+01 3.737837346307060216e-07 1.076364326477050781e+01 1.620680809020996094e+01 5.605587768554687500e+01
6.000000000000000000e+03 7.000943380575108677e-09 1.076367282867431641e+01 1.620683670043945312e+01 5.605590057373046875e+01 7.000943380575108677e-09 1.076367282867431641e+01 1.620683670043945312e+01 5.605590057373046875e+01
7.000000000000000000e+03 6.972648014524907012e-10 1.076366901397705078e+01 1.620680427551269531e+01 5.605589675903320312e+01 6.972648014524907012e-10 1.076366901397705078e+01 1.620680427551269531e+01 5.605589675903320312e+01
8.000000000000000000e+03 1.601759697100746394e-10 1.076366901397705078e+01 1.620679664611816406e+01 5.605589675903320312e+01 1.601759697100746394e-10 1.076366901397705078e+01 1.620679664611816406e+01 5.605589675903320312e+01
9.000000000000000000e+03 4.682400647770812441e-11 1.076366806030273438e+01 1.620679664611816406e+01 5.605589294433593750e+01 4.682400647770812441e-11 1.076366806030273438e+01 1.620679664611816406e+01 5.605589294433593750e+01
1.000000000000000000e+04 1.524286773191274591e-11 1.076366806030273438e+01 1.620679664611816406e+01 5.605589294433593750e+01 1.524286773191274591e-11 1.076366806030273438e+01 1.620679664611816406e+01 5.605589294433593750e+01
1.100000000000000000e+04 5.238083404524029874e-12 1.076366806030273438e+01 1.620679283142089844e+01 5.605589294433593750e+01 5.238083404524029874e-12 1.076366806030273438e+01 1.620679283142089844e+01 5.605589294433593750e+01
1.200000000000000000e+04 1.857686096964905609e-12 1.085820293426513672e+01 1.610386657714843750e+01 5.606967544555664062e+01 1.857686096964905609e-12 1.085820293426513672e+01 1.610386657714843750e+01 5.606967544555664062e+01
1.300000000000000000e+04 6.729441765114529961e-13 1.076285362243652344e+01 1.620772361755371094e+01 5.605577087402343750e+01 6.729441765114529961e-13 1.076285362243652344e+01 1.620772361755371094e+01 5.605577087402343750e+01
1.400000000000000000e+04 2.463167473806815444e-13 1.076363468170166016e+01 1.620683097839355469e+01 5.605587768554687500e+01 2.463167473806815444e-13 1.076363468170166016e+01 1.620683097839355469e+01 5.605587768554687500e+01
1.500000000000000000e+04 9.071831962937162985e-14 1.080443477630615234e+01 1.616113662719726562e+01 5.606182479858398438e+01 9.071831962937162985e-14 1.080443477630615234e+01 1.616113662719726562e+01 5.606182479858398438e+01
1.600000000000000000e+04 3.352311443304174798e-14 1.076367187500000000e+01 1.620678901672363281e+01 5.605589675903320312e+01 3.352311443304174798e-14 1.076367187500000000e+01 1.620678901672363281e+01 5.605589675903320312e+01
1.700000000000000000e+04 1.239134239417209390e-14 1.074493694305419922e+01 1.622846984863281250e+01 5.605317687988281250e+01 1.239134239417209390e-14 1.074493694305419922e+01 1.622846984863281250e+01 5.605317687988281250e+01
1.800000000000000000e+04 4.551100825817304060e-15 1.076366519927978516e+01 1.620679664611816406e+01 5.605589675903320312e+01 4.551100825817304060e-15 1.076366519927978516e+01 1.620679664611816406e+01 5.605589675903320312e+01
1.900000000000000000e+04 1.630624714946029685e-15 1.075043296813964844e+01 1.622206115722656250e+01 5.605397796630859375e+01 1.630624714946029685e-15 1.075043296813964844e+01 1.622206115722656250e+01 5.605397796630859375e+01
2.000000000000000000e+04 5.290287208886581931e-16 1.076368045806884766e+01 1.620677947998046875e+01 5.605590057373046875e+01 5.290287208886581931e-16 1.076368045806884766e+01 1.620677947998046875e+01 5.605590057373046875e+01
