# step, loss_train, loss_test, metrics_test
0.000000000000000000e+00 1.742578281250000000e+05 2.395647430419921875e+02 1.723708203125000000e+04 2.389021911621093750e+02 1.742578281250000000e+05 2.395647430419921875e+02 1.723708203125000000e+04 2.389021911621093750e+02
1.000000000000000000e+03 2.939166259765625000e+02 3.217967224121093750e+01 7.738211631774902344e+00 1.539160461425781250e+02 2.939166259765625000e+02 3.217967224121093750e+01 7.738211631774902344e+00 1.539160461425781250e+02
2.000000000000000000e+03 1.112837524414062500e+02 2.552815437316894531e+01 2.897747516632080078e+00 1.490918121337890625e+02 1.112837524414062500e+02 2.552815437316894531e+01 2.897747516632080078e+00 1.490918121337890625e+02
3.000000000000000000e+03 6.477780914306640625e+01 1.704044914245605469e+01 1.221219539642333984e+00 1.435879669189453125e+02 6.477780914306640625e+01 1.704044914245605469e+01 1.221219539642333984e+00 1.435879669189453125e+02
4.000000000000000000e+03 4.035092926025390625e+01 1.034698963165283203e+01 6.176334619522094727e-01 1.409440155029296875e+02 4.035092926025390625e+01 1.034698963165283203e+01 6.176334619522094727e-01 1.409440155029296875e+02
5.000000000000000000e+03 3.055129051208496094e+01 6.183579444885253906e+00 6.791031360626220703e-01 1.384228973388671875e+02 3.055129051208496094e+01 6.183579444885253906e+00 6.791031360626220703e-01 1.384228973388671875e+02
6.000000000000000000e+03 2.024040222167968750e+01 4.575302124023437500e+00 6.793884038925170898e-01 1.348143920898437500e+02 2.024040222167968750e+01 4.575302124023437500e+00 6.793884038925170898e-01 1.348143920898437500e+02
7.000000000000000000e+03 1.428227996826171875e+01 3.478343963623046875e+00 2.158019244670867920e-01 1.319474487304687500e+02 1.428227996826171875e+01 3.478343963623046875e+00 2.158019244670867920e-01 1.319474487304687500e+02
8.000000000000000000e+03 1.354578590393066406e+01 3.906100273132324219e+00 1.389661026000976562e+01 1.285127563476562500e+02 1.354578590393066406e+01 3.906100273132324219e+00 1.389661026000976562e+01 1.285127563476562500e+02
9.000000000000000000e+03 9.144301414489746094e+00 3.440268039703369141e+00 1.653685569763183594e-01 1.237061233520507812e+02 9.144301414489746094e+00 3.440268039703369141e+00 1.653685569763183594e-01 1.237061233520507812e+02
1.000000000000000000e+04 7.234972476959228516e+00 3.379646301269531250e+00 2.396818101406097412e-01 1.191169204711914062e+02 7.234972476959228516e+00 3.379646301269531250e+00 2.396818101406097412e-01 1.191169204711914062e+02
1.100000000000000000e+04 8.079692840576171875e+00 2.949896574020385742e+00 1.555600166320800781e+00 1.140208282470703125e+02 8.079692840576171875e+00 2.949896574020385742e+00 1.555600166320800781e+00 1.140208282470703125e+02
1.200000000000000000e+04 9.523433685302734375e+00 2.529054880142211914e+00 4.745994806289672852e-01 1.052034072875976562e+02 9.523433685302734375e+00 2.529054880142211914e+00 4.745994806289672852e-01 1.052034072875976562e+02
1.300000000000000000e+04 1.130642223358154297e+01 2.053841829299926758e+00 1.629044771194458008e+00 9.888331604003906250e+01 1.130642223358154297e+01 2.053841829299926758e+00 1.629044771194458008e+00 9.888331604003906250e+01
1.400000000000000000e+04 1.795088005065917969e+01 1.275209784507751465e+00 1.946810913085937500e+01 8.880311584472656250e+01 1.795088005065917969e+01 1.275209784507751465e+00 1.946810913085937500e+01 8.880311584472656250e+01
1.500000000000000000e+04 1.330155277252197266e+01 1.404734969139099121e+00 1.123551368713378906e+00 8.354279327392578125e+01 1.330155277252197266e+01 1.404734969139099121e+00 1.123551368713378906e+00 8.354279327392578125e+01
1.600000000000000000e+04 1.478264999389648438e+01 1.170882344245910645e+00 6.617531180381774902e-01 7.449884033203125000e+01 1.478264999389648438e+01 1.170882344245910645e+00 6.617531180381774902e-01 7.449884033203125000e+01
1.700000000000000000e+04 1.439199924468994141e+01 8.565419912338256836e-01 1.269531965255737305e+00 6.768322753906250000e+01 1.439199924468994141e+01 8.565419912338256836e-01 1.269531965255737305e+00 6.768322753906250000e+01
1.800000000000000000e+04 1.500966072082519531e+01 8.576228618621826172e-01 5.838497161865234375e+00 6.181952667236328125e+01 1.500966072082519531e+01 8.576228618621826172e-01 5.838497161865234375e+00 6.181952667236328125e+01
1.900000000000000000e+04 2.171648025512695312e+01 1.057564854621887207e+00 2.430217552185058594e+01 5.568808364868164062e+01 2.171648025512695312e+01 1.057564854621887207e+00 2.430217552185058594e+01 5.568808364868164062e+01
2.000000000000000000e+04 2.971167182922363281e+01 4.209958016872406006e-01 1.070250797271728516e+01 5.569399642944335938e+01 2.971167182922363281e+01 4.209958016872406006e-01 1.070250797271728516e+01 5.569399642944335938e+01
