# step, loss_train, loss_test, metrics_test
0.000000000000000000e+00 1.649679843750000000e+05 1.205813446044921875e+02 6.504497070312500000e+03 5.104845581054687500e+02 1.649679843750000000e+05 1.205813446044921875e+02 6.504497070312500000e+03 5.104845581054687500e+02
1.000000000000000000e+03 1.198138732910156250e+02 3.660181427001953125e+01 3.146792602539062500e+01 3.920737609863281250e+02 1.198138732910156250e+02 3.660181427001953125e+01 3.146792602539062500e+01 3.920737609863281250e+02
2.000000000000000000e+03 4.764647674560546875e+01 2.428458404541015625e+01 6.715895652770996094e+00 3.788149414062500000e+02 4.764647674560546875e+01 2.428458404541015625e+01 6.715895652770996094e+00 3.788149414062500000e+02
3.000000000000000000e+03 2.647692298889160156e+01 1.548870849609375000e+01 1.818131089210510254e+00 3.747784423828125000e+02 2.647692298889160156e+01 1.548870849609375000e+01 1.818131089210510254e+00 3.747784423828125000e+02
4.000000000000000000e+03 1.882617759704589844e+01 1.024344062805175781e+01 2.066540908813476562e+01 3.660939025878906250e+02 1.882617759704589844e+01 1.024344062805175781e+01 2.066540908813476562e+01 3.660939025878906250e+02
5.000000000000000000e+03 2.228926277160644531e+01 4.564125061035156250e+00 1.996200714111328125e+02 3.522864074707031250e+02 2.228926277160644531e+01 4.564125061035156250e+00 1.996200714111328125e+02 3.522864074707031250e+02
6.000000000000000000e+03 2.009341239929199219e+01 1.227756881713867188e+01 1.712496376037597656e+01 3.351980895996093750e+02 2.009341239929199219e+01 1.227756881713867188e+01 1.712496376037597656e+01 3.351980895996093750e+02
7.000000000000000000e+03 2.231329727172851562e+01 1.333679580688476562e+01 1.700398445129394531e+00 2.886260375976562500e+02 2.231329727172851562e+01 1.333679580688476562e+01 1.700398445129394531e+00 2.886260375976562500e+02
8.000000000000000000e+03 2.055510330200195312e+01 1.805094909667968750e+01 1.143893599510192871e+00 2.769925842285156250e+02 2.055510330200195312e+01 1.805094909667968750e+01 1.143893599510192871e+00 2.769925842285156250e+02
9.000000000000000000e+03 2.905286216735839844e+01 1.699056434631347656e+01 2.480712413787841797e+00 2.538585357666015625e+02 2.905286216735839844e+01 1.699056434631347656e+01 2.480712413787841797e+00 2.538585357666015625e+02
1.000000000000000000e+04 2.396876525878906250e+01 9.501007080078125000e+00 1.882073044776916504e+00 2.594312133789062500e+02 2.396876525878906250e+01 9.501007080078125000e+00 1.882073044776916504e+00 2.594312133789062500e+02
1.100000000000000000e+04 2.003758239746093750e+01 1.805755615234375000e+01 6.539948272705078125e+01 3.740742187500000000e+02 2.003758239746093750e+01 1.805755615234375000e+01 6.539948272705078125e+01 3.740742187500000000e+02
1.200000000000000000e+04 1.968745040893554688e+01 1.621500015258789062e+01 7.646798706054687500e+01 3.687252502441406250e+02 1.968745040893554688e+01 1.621500015258789062e+01 7.646798706054687500e+01 3.687252502441406250e+02
1.300000000000000000e+04 1.355401706695556641e+01 2.522612953186035156e+01 6.390823364257812500e+00 3.049976501464843750e+02 1.355401706695556641e+01 2.522612953186035156e+01 6.390823364257812500e+00 3.049976501464843750e+02
1.400000000000000000e+04 9.144343261718750000e+02 5.021137237548828125e+01 1.085179882812500000e+04 4.769545593261718750e+02 9.144343261718750000e+02 5.021137237548828125e+01 1.085179882812500000e+04 4.769545593261718750e+02
1.500000000000000000e+04 1.861675109863281250e+02 3.099521064758300781e+01 3.866786499023437500e+02 3.945566101074218750e+02 1.861675109863281250e+02 3.099521064758300781e+01 3.866786499023437500e+02 3.945566101074218750e+02
1.600000000000000000e+04 1.278986206054687500e+02 3.917542266845703125e+01 8.575492095947265625e+01 4.039237060546875000e+02 1.278986206054687500e+02 3.917542266845703125e+01 8.575492095947265625e+01 4.039237060546875000e+02
1.700000000000000000e+04 8.312178039550781250e+01 3.097995185852050781e+01 6.647303771972656250e+01 3.830559387207031250e+02 8.312178039550781250e+01 3.097995185852050781e+01 6.647303771972656250e+01 3.830559387207031250e+02
1.800000000000000000e+04 5.867132949829101562e+01 3.002121353149414062e+01 4.234700393676757812e+01 3.778062744140625000e+02 5.867132949829101562e+01 3.002121353149414062e+01 4.234700393676757812e+01 3.778062744140625000e+02
1.900000000000000000e+04 3.594127273559570312e+01 2.753619003295898438e+01 1.068393611907958984e+01 3.810147705078125000e+02 3.594127273559570312e+01 2.753619003295898438e+01 1.068393611907958984e+01 3.810147705078125000e+02
2.000000000000000000e+04 3.051963043212890625e+01 2.272102928161621094e+01 4.141831588745117188e+01 3.785751342773437500e+02 3.051963043212890625e+01 2.272102928161621094e+01 4.141831588745117188e+01 3.785751342773437500e+02
