# step, loss_train, loss_test, metrics_test
0.000000000000000000e+00 2.075527125000000000e+06 1.361998138427734375e+02 5.588903125000000000e+04 2.676626586914062500e+02 2.075527125000000000e+06 1.361998138427734375e+02 5.588903125000000000e+04 2.676626586914062500e+02
1.000000000000000000e+03 7.158793945312500000e+02 3.185301971435546875e+01 3.515402984619140625e+01 1.111150817871093750e+02 7.158793945312500000e+02 3.185301971435546875e+01 3.515402984619140625e+01 1.111150817871093750e+02
2.000000000000000000e+03 2.236826477050781250e+02 2.246543693542480469e+01 6.048656463623046875e+00 1.069294891357421875e+02 2.236826477050781250e+02 2.246543693542480469e+01 6.048656463623046875e+00 1.069294891357421875e+02
3.000000000000000000e+03 1.086380615234375000e+02 1.545035076141357422e+01 2.134282827377319336e+00 1.034000701904296875e+02 1.086380615234375000e+02 1.545035076141357422e+01 2.134282827377319336e+00 1.034000701904296875e+02
4.000000000000000000e+03 2.797055664062500000e+02 1.113085651397705078e+01 2.734241724014282227e+00 1.008854675292968750e+02 2.797055664062500000e+02 1.113085651397705078e+01 2.734241724014282227e+00 1.008854675292968750e+02
5.000000000000000000e+03 3.609311294555664062e+01 7.745794773101806641e+00 8.569368720054626465e-01 9.950336456298828125e+01 3.609311294555664062e+01 7.745794773101806641e+00 8.569368720054626465e-01 9.950336456298828125e+01
6.000000000000000000e+03 6.049055862426757812e+01 6.013574123382568359e+00 8.534317612648010254e-01 9.820842742919921875e+01 6.049055862426757812e+01 6.013574123382568359e+00 8.534317612648010254e-01 9.820842742919921875e+01
7.000000000000000000e+03 2.706730461120605469e+01 4.683044433593750000e+00 5.424042344093322754e-01 9.741160583496093750e+01 2.706730461120605469e+01 4.683044433593750000e+00 5.424042344093322754e-01 9.741160583496093750e+01
8.000000000000000000e+03 3.623643875122070312e+01 3.887005090713500977e+00 3.793263137340545654e-01 9.654572296142578125e+01 3.623643875122070312e+01 3.887005090713500977e+00 3.793263137340545654e-01 9.654572296142578125e+01
9.000000000000000000e+03 2.788094139099121094e+01 3.304594755172729492e+00 5.470494031906127930e-01 9.596642303466796875e+01 2.788094139099121094e+01 3.304594755172729492e+00 5.470494031906127930e-01 9.596642303466796875e+01
1.000000000000000000e+04 9.913180351257324219e+00 3.031179904937744141e+00 2.339267283678054810e-01 9.536309051513671875e+01 9.913180351257324219e+00 3.031179904937744141e+00 2.339267283678054810e-01 9.536309051513671875e+01
1.100000000000000000e+04 5.841921997070312500e+01 2.997415304183959961e+00 6.580092310905456543e-01 9.466844177246093750e+01 5.841921997070312500e+01 2.997415304183959961e+00 6.580092310905456543e-01 9.466844177246093750e+01
1.200000000000000000e+04 5.774468421936035156e+00 2.664945840835571289e+00 1.084850206971168518e-01 9.426223754882812500e+01 5.774468421936035156e+00 2.664945840835571289e+00 1.084850206971168518e-01 9.426223754882812500e+01
1.300000000000000000e+04 1.932889747619628906e+01 2.480836629867553711e+00 4.063093066215515137e-01 9.385689544677734375e+01 1.932889747619628906e+01 2.480836629867553711e+00 4.063093066215515137e-01 9.385689544677734375e+01
1.400000000000000000e+04 6.473466396331787109e+00 2.393036365509033203e+00 1.785396337509155273e-01 9.352366638183593750e+01 6.473466396331787109e+00 2.393036365509033203e+00 1.785396337509155273e-01 9.352366638183593750e+01
1.500000000000000000e+04 2.702052307128906250e+01 2.357077121734619141e+00 1.868122816085815430e-01 9.309607696533203125e+01 2.702052307128906250e+01 2.357077121734619141e+00 1.868122816085815430e-01 9.309607696533203125e+01
1.600000000000000000e+04 2.888648748397827148e+00 2.318318605422973633e+00 8.874083310365676880e-02 9.261544036865234375e+01 2.888648748397827148e+00 2.318318605422973633e+00 8.874083310365676880e-02 9.261544036865234375e+01
1.700000000000000000e+04 4.168926239013671875e+00 2.238438129425048828e+00 1.194741353392601013e-01 9.230622100830078125e+01 4.168926239013671875e+00 2.238438129425048828e+00 1.194741353392601013e-01 9.230622100830078125e+01
1.800000000000000000e+04 2.358215141296386719e+01 2.161680221557617188e+00 3.711709976196289062e-01 9.199054718017578125e+01 2.358215141296386719e+01 2.161680221557617188e+00 3.711709976196289062e-01 9.199054718017578125e+01
1.900000000000000000e+04 3.100826416015625000e+02 2.591102361679077148e+00 5.848887443542480469e+00 9.141587066650390625e+01 3.100826416015625000e+02 2.591102361679077148e+00 5.848887443542480469e+00 9.141587066650390625e+01
2.000000000000000000e+04 2.623757362365722656e+00 2.118283987045288086e+00 8.626401424407958984e-02 9.127661132812500000e+01 2.623757362365722656e+00 2.118283987045288086e+00 8.626401424407958984e-02 9.127661132812500000e+01
