# step, loss_train, loss_test, metrics_test
0.000000000000000000e+00 3.297470474243164062e+01 1.935358810424804688e+01 7.418873046875000000e+03 1.577733306884765625e+02 3.297470474243164062e+01 1.935358810424804688e+01 7.418873046875000000e+03 1.577733306884765625e+02
1.000000000000000000e+03 4.331486225128173828e-01 4.274003505706787109e+00 4.174682199954986572e-01 1.393473052978515625e+02 4.331486225128173828e-01 4.274003505706787109e+00 4.174682199954986572e-01 1.393473052978515625e+02
2.000000000000000000e+03 2.283238887786865234e+00 3.758869647979736328e+00 7.303271293640136719e-01 9.295007324218750000e+01 2.283238887786865234e+00 3.758869647979736328e+00 7.303271293640136719e-01 9.295007324218750000e+01
3.000000000000000000e+03 2.280690908432006836e+00 1.744714021682739258e+00 4.453160762786865234e-01 2.398162460327148438e+01 2.280690908432006836e+00 1.744714021682739258e+00 4.453160762786865234e-01 2.398162460327148438e+01
4.000000000000000000e+03 1.038753128051757812e+01 4.797546863555908203e+00 1.743963623046875000e+01 4.463392257690429688e+01 1.038753128051757812e+01 4.797546863555908203e+00 1.743963623046875000e+01 4.463392257690429688e+01
5.000000000000000000e+03 8.686928153038024902e-01 7.293835282325744629e-01 4.383641481399536133e-01 5.334443569183349609e+00 8.686928153038024902e-01 7.293835282325744629e-01 4.383641481399536133e-01 5.334443569183349609e+00
6.000000000000000000e+03 7.833544015884399414e-01 5.313262939453125000e-01 3.766629099845886230e-01 3.409511566162109375e+00 7.833544015884399414e-01 5.313262939453125000e-01 3.766629099845886230e-01 3.409511566162109375e+00
7.000000000000000000e+03 1.227444887161254883e+00 1.483381539583206177e-01 1.363811850547790527e+00 2.036254882812500000e+00 1.227444887161254883e+00 1.483381539583206177e-01 1.363811850547790527e+00 2.036254882812500000e+00
8.000000000000000000e+03 1.237961649894714355e+00 1.493634879589080811e-01 6.126756668090820312e-01 2.107053041458129883e+00 1.237961649894714355e+00 1.493634879589080811e-01 6.126756668090820312e-01 2.107053041458129883e+00
9.000000000000000000e+03 4.488609433174133301e-01 9.598555415868759155e-02 1.356740295886993408e-01 1.481638312339782715e+00 4.488609433174133301e-01 9.598555415868759155e-02 1.356740295886993408e-01 1.481638312339782715e+00
1.000000000000000000e+04 4.072811603546142578e-01 8.127868175506591797e-02 6.262634694576263428e-02 1.235033750534057617e+00 4.072811603546142578e-01 8.127868175506591797e-02 6.262634694576263428e-02 1.235033750534057617e+00
1.100000000000000000e+04 3.373315036296844482e-01 5.624636262655258179e-02 1.669792085886001587e-01 9.398890137672424316e-01 3.373315036296844482e-01 5.624636262655258179e-02 1.669792085886001587e-01 9.398890137672424316e-01
1.200000000000000000e+04 6.353446841239929199e-01 4.725769907236099243e-02 1.144190877676010132e-01 1.000144124031066895e+00 6.353446841239929199e-01 4.725769907236099243e-02 1.144190877676010132e-01 1.000144124031066895e+00
1.300000000000000000e+04 1.168521308898925781e+01 7.290647923946380615e-02 1.241351318359375000e+01 3.479235887527465820e+00 1.168521308898925781e+01 7.290647923946380615e-02 1.241351318359375000e+01 3.479235887527465820e+00
1.400000000000000000e+04 5.452894210815429688e+00 3.083757311105728149e-02 9.288775444030761719e+00 1.835646510124206543e+00 5.452894210815429688e+00 3.083757311105728149e-02 9.288775444030761719e+00 1.835646510124206543e+00
1.500000000000000000e+04 4.978546202182769775e-01 1.779930666089057922e-02 3.459757864475250244e-01 5.717524886131286621e-01 4.978546202182769775e-01 1.779930666089057922e-02 3.459757864475250244e-01 5.717524886131286621e-01
1.600000000000000000e+04 1.078285217285156250e+00 1.661694236099720001e-02 6.000106930732727051e-01 1.004025578498840332e+00 1.078285217285156250e+00 1.661694236099720001e-02 6.000106930732727051e-01 1.004025578498840332e+00
1.700000000000000000e+04 8.608061671257019043e-01 3.378733992576599121e-02 2.232914924621582031e+00 8.086810111999511719e-01 8.608061671257019043e-01 3.378733992576599121e-02 2.232914924621582031e+00 8.086810111999511719e-01
1.800000000000000000e+04 3.304245471954345703e-01 9.342731907963752747e-03 2.116441875696182251e-01 5.492852330207824707e-01 3.304245471954345703e-01 9.342731907963752747e-03 2.116441875696182251e-01 5.492852330207824707e-01
1.900000000000000000e+04 6.017917394638061523e-01 1.090523321181535721e-02 3.263466656208038330e-01 4.841023981571197510e-01 6.017917394638061523e-01 1.090523321181535721e-02 3.263466656208038330e-01 4.841023981571197510e-01
2.000000000000000000e+04 1.470785713195800781e+01 2.597196996212005615e-01 4.311474800109863281e+00 9.611287713050842285e-01 1.470785713195800781e+01 2.597196996212005615e-01 4.311474800109863281e+00 9.611287713050842285e-01
