# step, loss_train, loss_test, metrics_test
0.000000000000000000e+00 2.599421679687500000e+04 4.049758529663085938e+01 1.429428808593750000e+04 3.884802856445312500e+02 2.599421679687500000e+04 4.049758529663085938e+01 1.429428808593750000e+04 3.884802856445312500e+02
1.000000000000000000e+03 1.389005981445312500e+03 3.544374465942382812e+01 2.379331665039062500e+02 3.677747497558593750e+02 1.389005981445312500e+03 3.544374465942382812e+01 2.379331665039062500e+02 3.677747497558593750e+02
2.000000000000000000e+03 3.438560962677001953e+00 3.663496398925781250e+01 3.477766036987304688e+00 3.378657531738281250e+02 3.438560962677001953e+00 3.663496398925781250e+01 3.477766036987304688e+00 3.378657531738281250e+02
3.000000000000000000e+03 3.606542348861694336e+00 2.692690658569335938e+01 3.786257505416870117e+00 3.246242675781250000e+02 3.606542348861694336e+00 2.692690658569335938e+01 3.786257505416870117e+00 3.246242675781250000e+02
4.000000000000000000e+03 6.162401199340820312e+00 1.458030033111572266e+01 8.489731788635253906e+00 3.164190979003906250e+02 6.162401199340820312e+00 1.458030033111572266e+01 8.489731788635253906e+00 3.164190979003906250e+02
5.000000000000000000e+03 5.409252166748046875e+00 1.208510684967041016e+01 1.609936594963073730e+00 2.996877136230468750e+02 5.409252166748046875e+00 1.208510684967041016e+01 1.609936594963073730e+00 2.996877136230468750e+02
6.000000000000000000e+03 2.382007360458374023e+00 1.613744354248046875e+01 1.511744379997253418e+00 2.782976074218750000e+02 2.382007360458374023e+00 1.613744354248046875e+01 1.511744379997253418e+00 2.782976074218750000e+02
7.000000000000000000e+03 1.603343200683593750e+01 1.106357192993164062e+01 4.637848854064941406e+00 2.964029541015625000e+02 1.603343200683593750e+01 1.106357192993164062e+01 4.637848854064941406e+00 2.964029541015625000e+02
8.000000000000000000e+03 1.752595367431640625e+02 2.397670936584472656e+01 2.308351898193359375e+02 2.449068298339843750e+02 1.752595367431640625e+02 2.397670936584472656e+01 2.308351898193359375e+02 2.449068298339843750e+02
9.000000000000000000e+03 3.911339282989501953e+00 2.162535858154296875e+01 4.462813854217529297e+00 2.520291442871093750e+02 3.911339282989501953e+00 2.162535858154296875e+01 4.462813854217529297e+00 2.520291442871093750e+02
1.000000000000000000e+04 9.580665588378906250e+00 1.375703525543212891e+01 1.978400039672851562e+01 2.359591674804687500e+02 9.580665588378906250e+00 1.375703525543212891e+01 1.978400039672851562e+01 2.359591674804687500e+02
1.100000000000000000e+04 3.941017150878906250e+00 2.015448570251464844e+01 7.636163830757141113e-01 2.321614837646484375e+02 3.941017150878906250e+00 2.015448570251464844e+01 7.636163830757141113e-01 2.321614837646484375e+02
1.200000000000000000e+04 1.659745788574218750e+01 1.005908203125000000e+01 4.805089187622070312e+01 2.972928466796875000e+02 1.659745788574218750e+01 1.005908203125000000e+01 4.805089187622070312e+01 2.972928466796875000e+02
1.300000000000000000e+04 3.977968454360961914e+00 1.463322448730468750e+01 9.073742032051086426e-01 2.374363555908203125e+02 3.977968454360961914e+00 1.463322448730468750e+01 9.073742032051086426e-01 2.374363555908203125e+02
1.400000000000000000e+04 8.823854446411132812e+00 1.110746192932128906e+01 1.061667680740356445e+00 1.941324005126953125e+02 8.823854446411132812e+00 1.110746192932128906e+01 1.061667680740356445e+00 1.941324005126953125e+02
1.500000000000000000e+04 1.462866306304931641e+01 6.371593952178955078e+00 4.297742843627929688e+00 1.919788818359375000e+02 1.462866306304931641e+01 6.371593952178955078e+00 4.297742843627929688e+00 1.919788818359375000e+02
1.600000000000000000e+04 2.976384162902832031e+01 4.178729534149169922e+00 1.118025064468383789e+00 1.568566894531250000e+02 2.976384162902832031e+01 4.178729534149169922e+00 1.118025064468383789e+00 1.568566894531250000e+02
1.700000000000000000e+04 4.856403732299804688e+01 1.153436470031738281e+01 1.073163890838623047e+01 2.614759216308593750e+02 4.856403732299804688e+01 1.153436470031738281e+01 1.073163890838623047e+01 2.614759216308593750e+02
1.800000000000000000e+04 2.557810974121093750e+01 2.253272533416748047e+00 5.996010303497314453e+00 1.354975585937500000e+02 2.557810974121093750e+01 2.253272533416748047e+00 5.996010303497314453e+00 1.354975585937500000e+02
1.900000000000000000e+04 2.532529258728027344e+01 2.500925302505493164e+00 1.599750137329101562e+01 1.116470718383789062e+02 2.532529258728027344e+01 2.500925302505493164e+00 1.599750137329101562e+01 1.116470718383789062e+02
2.000000000000000000e+04 2.489112091064453125e+01 6.652829647064208984e-01 2.362793445587158203e+00 7.495017242431640625e+01 2.489112091064453125e+01 6.652829647064208984e-01 2.362793445587158203e+00 7.495017242431640625e+01
