# step, loss_train, loss_test, metrics_test
0.000000000000000000e+00 1.716588867187500000e+04 3.364375686645507812e+01 2.443013427734375000e+03 1.794427947998046875e+02 1.716588867187500000e+04 3.364375686645507812e+01 2.443013427734375000e+03 1.794427947998046875e+02
1.000000000000000000e+03 2.155051040649414062e+01 4.771321105957031250e+01 1.159309673309326172e+01 1.807120819091796875e+02 2.155051040649414062e+01 4.771321105957031250e+01 1.159309673309326172e+01 1.807120819091796875e+02
2.000000000000000000e+03 9.107750892639160156e+00 4.323180007934570312e+01 3.960411548614501953e+00 1.737059020996093750e+02 9.107750892639160156e+00 4.323180007934570312e+01 3.960411548614501953e+00 1.737059020996093750e+02
3.000000000000000000e+03 6.841652870178222656e+00 3.558581924438476562e+01 2.134251356124877930e+00 1.690997314453125000e+02 6.841652870178222656e+00 3.558581924438476562e+01 2.134251356124877930e+00 1.690997314453125000e+02
4.000000000000000000e+03 6.136303901672363281e+00 2.611646652221679688e+01 1.324500083923339844e+00 1.650643310546875000e+02 6.136303901672363281e+00 2.611646652221679688e+01 1.324500083923339844e+00 1.650643310546875000e+02
5.000000000000000000e+03 5.440967082977294922e+00 1.633885383605957031e+01 8.106893301010131836e-01 1.619976043701171875e+02 5.440967082977294922e+00 1.633885383605957031e+01 8.106893301010131836e-01 1.619976043701171875e+02
6.000000000000000000e+03 5.259307384490966797e+00 9.915884017944335938e+00 5.717945098876953125e-01 1.602368774414062500e+02 5.259307384490966797e+00 9.915884017944335938e+00 5.717945098876953125e-01 1.602368774414062500e+02
7.000000000000000000e+03 7.764584541320800781e+00 7.432857513427734375e+00 9.658294320106506348e-01 1.587266540527343750e+02 7.764584541320800781e+00 7.432857513427734375e+00 9.658294320106506348e-01 1.587266540527343750e+02
8.000000000000000000e+03 3.284226655960083008e+00 6.653806209564208984e+00 4.076336026191711426e-01 1.575585021972656250e+02 3.284226655960083008e+00 6.653806209564208984e+00 4.076336026191711426e-01 1.575585021972656250e+02
9.000000000000000000e+03 3.056416034698486328e+00 6.178066730499267578e+00 3.953284323215484619e-01 1.563269500732421875e+02 3.056416034698486328e+00 6.178066730499267578e+00 3.953284323215484619e-01 1.563269500732421875e+02
1.000000000000000000e+04 2.803162813186645508e+00 5.838129043579101562e+00 3.733363747596740723e-01 1.549031524658203125e+02 2.803162813186645508e+00 5.838129043579101562e+00 3.733363747596740723e-01 1.549031524658203125e+02
1.100000000000000000e+04 3.260568857192993164e+00 5.453798770904541016e+00 5.076425671577453613e-01 1.533594970703125000e+02 3.260568857192993164e+00 5.453798770904541016e+00 5.076425671577453613e-01 1.533594970703125000e+02
1.200000000000000000e+04 2.922355413436889648e+00 5.393080234527587891e+00 3.782648742198944092e-01 1.512236175537109375e+02 2.922355413436889648e+00 5.393080234527587891e+00 3.782648742198944092e-01 1.512236175537109375e+02
1.300000000000000000e+04 3.276778459548950195e+00 5.216718196868896484e+00 4.595850110054016113e-01 1.484651031494140625e+02 3.276778459548950195e+00 5.216718196868896484e+00 4.595850110054016113e-01 1.484651031494140625e+02
1.400000000000000000e+04 4.337238788604736328e+00 5.164505004882812500e+00 5.526908040046691895e-01 1.447027435302734375e+02 4.337238788604736328e+00 5.164505004882812500e+00 5.526908040046691895e-01 1.447027435302734375e+02
1.500000000000000000e+04 6.294722557067871094e+00 4.994513511657714844e+00 9.108020067214965820e-01 1.398041992187500000e+02 6.294722557067871094e+00 4.994513511657714844e+00 9.108020067214965820e-01 1.398041992187500000e+02
1.600000000000000000e+04 7.876297950744628906e+00 4.821272373199462891e+00 9.160065054893493652e-01 1.338566131591796875e+02 7.876297950744628906e+00 4.821272373199462891e+00 9.160065054893493652e-01 1.338566131591796875e+02
1.700000000000000000e+04 9.609860420227050781e+00 4.502974033355712891e+00 1.263832569122314453e+00 1.265430374145507812e+02 9.609860420227050781e+00 4.502974033355712891e+00 1.263832569122314453e+00 1.265430374145507812e+02
1.800000000000000000e+04 1.314477825164794922e+01 4.055943489074707031e+00 1.364580392837524414e+00 1.200291748046875000e+02 1.314477825164794922e+01 4.055943489074707031e+00 1.364580392837524414e+00 1.200291748046875000e+02
1.900000000000000000e+04 1.434799671173095703e+01 4.022561073303222656e+00 1.577219247817993164e+00 1.134529190063476562e+02 1.434799671173095703e+01 4.022561073303222656e+00 1.577219247817993164e+00 1.134529190063476562e+02
2.000000000000000000e+04 1.660120391845703125e+01 4.052205085754394531e+00 1.422049164772033691e+00 1.038568267822265625e+02 1.660120391845703125e+01 4.052205085754394531e+00 1.422049164772033691e+00 1.038568267822265625e+02
