# step, loss_train, loss_test, metrics_test
0.000000000000000000e+00 6.523252563476562500e+02 4.293939971923828125e+01 3.364845458984375000e+03 3.290464477539062500e+02 6.523252563476562500e+02 4.293939971923828125e+01 3.364845458984375000e+03 3.290464477539062500e+02
1.000000000000000000e+03 1.103539199829101562e+02 2.332017517089843750e+01 4.296374206542968750e+02 3.078307495117187500e+02 1.103539199829101562e+02 2.332017517089843750e+01 4.296374206542968750e+02 3.078307495117187500e+02
2.000000000000000000e+03 9.692526245117187500e+01 2.479092979431152344e+01 2.325563507080078125e+02 3.074219360351562500e+02 9.692526245117187500e+01 2.479092979431152344e+01 2.325563507080078125e+02 3.074219360351562500e+02
3.000000000000000000e+03 7.739321136474609375e+01 2.762749481201171875e+01 2.402173805236816406e+01 3.036018066406250000e+02 7.739321136474609375e+01 2.762749481201171875e+01 2.402173805236816406e+01 3.036018066406250000e+02
4.000000000000000000e+03 3.968978500366210938e+01 2.474117088317871094e+01 6.211711406707763672e+00 2.956281433105468750e+02 3.968978500366210938e+01 2.474117088317871094e+01 6.211711406707763672e+00 2.956281433105468750e+02
5.000000000000000000e+03 2.362334632873535156e+01 2.135469245910644531e+01 2.274863004684448242e+00 2.860422668457031250e+02 2.362334632873535156e+01 2.135469245910644531e+01 2.274863004684448242e+00 2.860422668457031250e+02
6.000000000000000000e+03 1.697971343994140625e+01 1.644520378112792969e+01 1.215395927429199219e+00 2.763991394042968750e+02 1.697971343994140625e+01 1.644520378112792969e+01 1.215395927429199219e+00 2.763991394042968750e+02
7.000000000000000000e+03 1.402588272094726562e+01 1.126247978210449219e+01 9.453443884849548340e-01 2.666217346191406250e+02 1.402588272094726562e+01 1.126247978210449219e+01 9.453443884849548340e-01 2.666217346191406250e+02
8.000000000000000000e+03 1.285138416290283203e+01 8.019268989562988281e+00 5.426589250564575195e-01 2.550251922607421875e+02 1.285138416290283203e+01 8.019268989562988281e+00 5.426589250564575195e-01 2.550251922607421875e+02
9.000000000000000000e+03 1.395901107788085938e+01 7.446192741394042969e+00 4.131018221378326416e-01 2.344346923828125000e+02 1.395901107788085938e+01 7.446192741394042969e+00 4.131018221378326416e-01 2.344346923828125000e+02
1.000000000000000000e+04 2.560719108581542969e+01 5.842763900756835938e+00 5.646036863327026367e-01 1.706838836669921875e+02 2.560719108581542969e+01 5.842763900756835938e+00 5.646036863327026367e-01 1.706838836669921875e+02
1.100000000000000000e+04 3.661073303222656250e+01 4.735149860382080078e+00 8.476545214653015137e-01 9.743426513671875000e+01 3.661073303222656250e+01 4.735149860382080078e+00 8.476545214653015137e-01 9.743426513671875000e+01
1.200000000000000000e+04 3.785886383056640625e+01 2.636137008666992188e+00 9.925693869590759277e-01 4.511830520629882812e+01 3.785886383056640625e+01 2.636137008666992188e+00 9.925693869590759277e-01 4.511830520629882812e+01
1.300000000000000000e+04 3.600815582275390625e+01 1.281711816787719727e+00 1.035080432891845703e+00 2.346536827087402344e+01 3.600815582275390625e+01 1.281711816787719727e+00 1.035080432891845703e+00 2.346536827087402344e+01
1.400000000000000000e+04 2.737778472900390625e+01 6.210822463035583496e-01 3.053382933139801025e-01 1.541610527038574219e+01 2.737778472900390625e+01 6.210822463035583496e-01 3.053382933139801025e-01 1.541610527038574219e+01
1.500000000000000000e+04 2.377933120727539062e+01 3.537864387035369873e-01 1.185061335563659668e-01 1.175155925750732422e+01 2.377933120727539062e+01 3.537864387035369873e-01 1.185061335563659668e-01 1.175155925750732422e+01
1.600000000000000000e+04 1.845007896423339844e+01 1.441912055015563965e-01 5.052185058593750000e-01 8.720187187194824219e+00 1.845007896423339844e+01 1.441912055015563965e-01 5.052185058593750000e-01 8.720187187194824219e+00
1.700000000000000000e+04 1.385848617553710938e+01 8.069044351577758789e-02 2.618315815925598145e-01 6.893215179443359375e+00 1.385848617553710938e+01 8.069044351577758789e-02 2.618315815925598145e-01 6.893215179443359375e+00
1.800000000000000000e+04 1.185057258605957031e+01 6.527964025735855103e-02 1.110237613320350647e-01 5.646319866180419922e+00 1.185057258605957031e+01 6.527964025735855103e-02 1.110237613320350647e-01 5.646319866180419922e+00
1.900000000000000000e+04 1.159194374084472656e+01 6.668188422918319702e-02 3.537569642066955566e-01 4.976668834686279297e+00 1.159194374084472656e+01 6.668188422918319702e-02 3.537569642066955566e-01 4.976668834686279297e+00
2.000000000000000000e+04 1.138139533996582031e+01 6.976749747991561890e-02 1.262582093477249146e-01 4.401924133300781250e+00 1.138139533996582031e+01 6.976749747991561890e-02 1.262582093477249146e-01 4.401924133300781250e+00
