# step, loss_train, loss_test, metrics_test
0.000000000000000000e+00 5.773635581135749817e-03 1.231320877075195312e+02 9.708607421875000000e+03 4.571692199707031250e+02 5.773635581135749817e-03 1.231320877075195312e+02 9.708607421875000000e+03 4.571692199707031250e+02
1.000000000000000000e+03 2.558872662484645844e-02 1.522144508361816406e+01 1.207999389648437500e+03 3.532224426269531250e+02 2.558872662484645844e-02 1.522144508361816406e+01 1.207999389648437500e+03 3.532224426269531250e+02
2.000000000000000000e+03 5.332156270742416382e-02 1.634502410888671875e+01 1.190633911132812500e+03 3.542414550781250000e+02 5.332156270742416382e-02 1.634502410888671875e+01 1.190633911132812500e+03 3.542414550781250000e+02
3.000000000000000000e+03 6.711985170841217041e-02 1.620954704284667969e+01 1.161961181640625000e+03 3.542300720214843750e+02 6.711985170841217041e-02 1.620954704284667969e+01 1.161961181640625000e+03 3.542300720214843750e+02
4.000000000000000000e+03 1.420955955982208252e-01 1.587917137145996094e+01 1.054699707031250000e+03 3.543940429687500000e+02 1.420955955982208252e-01 1.587917137145996094e+01 1.054699707031250000e+03 3.543940429687500000e+02
5.000000000000000000e+03 5.932404994964599609e-01 1.714073944091796875e+01 7.347227172851562500e+02 3.579564819335937500e+02 5.932404994964599609e-01 1.714073944091796875e+01 7.347227172851562500e+02 3.579564819335937500e+02
6.000000000000000000e+03 1.483544945716857910e+00 2.183438110351562500e+01 5.903150634765625000e+02 3.655182800292968750e+02 1.483544945716857910e+00 2.183438110351562500e+01 5.903150634765625000e+02 3.655182800292968750e+02
7.000000000000000000e+03 2.502054691314697266e+00 2.357963371276855469e+01 5.050870361328125000e+02 3.699261779785156250e+02 2.502054691314697266e+00 2.357963371276855469e+01 5.050870361328125000e+02 3.699261779785156250e+02
8.000000000000000000e+03 2.625931024551391602e+00 2.553008651733398438e+01 3.031347045898437500e+02 3.746903991699218750e+02 2.625931024551391602e+00 2.553008651733398438e+01 3.031347045898437500e+02 3.746903991699218750e+02
9.000000000000000000e+03 1.921956658363342285e+00 3.741973114013671875e+01 1.987812995910644531e+01 3.762884826660156250e+02 1.921956658363342285e+00 3.741973114013671875e+01 1.987812995910644531e+01 3.762884826660156250e+02
1.000000000000000000e+04 1.187848448753356934e+00 3.952336120605468750e+01 7.757468700408935547e+00 3.617542114257812500e+02 1.187848448753356934e+00 3.952336120605468750e+01 7.757468700408935547e+00 3.617542114257812500e+02
1.100000000000000000e+04 1.013437747955322266e+00 4.088843536376953125e+01 5.804247379302978516e+00 3.475744934082031250e+02 1.013437747955322266e+00 4.088843536376953125e+01 5.804247379302978516e+00 3.475744934082031250e+02
1.200000000000000000e+04 1.080989718437194824e+00 4.273201370239257812e+01 5.939503192901611328e+00 3.339767456054687500e+02 1.080989718437194824e+00 4.273201370239257812e+01 5.939503192901611328e+00 3.339767456054687500e+02
1.300000000000000000e+04 1.068409919738769531e+00 4.460009002685546875e+01 6.462245464324951172e+00 3.239714660644531250e+02 1.068409919738769531e+00 4.460009002685546875e+01 6.462245464324951172e+00 3.239714660644531250e+02
1.400000000000000000e+04 9.915807247161865234e-01 4.439668273925781250e+01 6.387027740478515625e+00 3.185579833984375000e+02 9.915807247161865234e-01 4.439668273925781250e+01 6.387027740478515625e+00 3.185579833984375000e+02
1.500000000000000000e+04 8.692213892936706543e-01 4.182954788208007812e+01 5.342679500579833984e+00 3.155986328125000000e+02 8.692213892936706543e-01 4.182954788208007812e+01 5.342679500579833984e+00 3.155986328125000000e+02
1.600000000000000000e+04 7.095800042152404785e-01 3.689596176147460938e+01 3.667539358139038086e+00 3.137022705078125000e+02 7.095800042152404785e-01 3.689596176147460938e+01 3.667539358139038086e+00 3.137022705078125000e+02
1.700000000000000000e+04 4.625245332717895508e-01 3.088846588134765625e+01 2.177790641784667969e+00 3.126105346679687500e+02 4.625245332717895508e-01 3.088846588134765625e+01 2.177790641784667969e+00 3.126105346679687500e+02
1.800000000000000000e+04 3.127369284629821777e-01 2.641563224792480469e+01 1.552122354507446289e+00 3.118871459960937500e+02 3.127369284629821777e-01 2.641563224792480469e+01 1.552122354507446289e+00 3.118871459960937500e+02
1.900000000000000000e+04 2.455110847949981689e-01 2.404838371276855469e+01 1.334470748901367188e+00 3.101716918945312500e+02 2.455110847949981689e-01 2.404838371276855469e+01 1.334470748901367188e+00 3.101716918945312500e+02
2.000000000000000000e+04 2.476392239332199097e-01 2.206203269958496094e+01 1.280825853347778320e+00 3.074433593750000000e+02 2.476392239332199097e-01 2.206203269958496094e+01 1.280825853347778320e+00 3.074433593750000000e+02
