# step, loss_train, loss_test, metrics_test
0.000000000000000000e+00 8.135420829057693481e-02 1.369021606445312500e+02 1.323008789062500000e+04 5.119837341308593750e+02 8.135420829057693481e-02 1.369021606445312500e+02 1.323008789062500000e+04 5.119837341308593750e+02
1.000000000000000000e+03 3.235644102096557617e-01 1.605765914916992188e+01 1.430217407226562500e+03 3.847624511718750000e+02 3.235644102096557617e-01 1.605765914916992188e+01 1.430217407226562500e+03 3.847624511718750000e+02
2.000000000000000000e+03 1.586252331733703613e+00 2.191051864624023438e+01 7.275221557617187500e+02 3.958609313964843750e+02 1.586252331733703613e+00 2.191051864624023438e+01 7.275221557617187500e+02 3.958609313964843750e+02
3.000000000000000000e+03 7.120261788368225098e-01 3.594640350341796875e+01 3.676667785644531250e+01 4.053126525878906250e+02 7.120261788368225098e-01 3.594640350341796875e+01 3.676667785644531250e+01 4.053126525878906250e+02
4.000000000000000000e+03 4.751022756099700928e-01 4.207804870605468750e+01 1.140146827697753906e+01 3.685732116699218750e+02 4.751022756099700928e-01 4.207804870605468750e+01 1.140146827697753906e+01 3.685732116699218750e+02
5.000000000000000000e+03 6.895097494125366211e-01 4.608030700683593750e+01 1.012871551513671875e+01 3.488994140625000000e+02 6.895097494125366211e-01 4.608030700683593750e+01 1.012871551513671875e+01 3.488994140625000000e+02
6.000000000000000000e+03 1.051680326461791992e+00 4.707471466064453125e+01 9.976489067077636719e+00 3.414018249511718750e+02 1.051680326461791992e+00 4.707471466064453125e+01 9.976489067077636719e+00 3.414018249511718750e+02
7.000000000000000000e+03 1.009713053703308105e+00 4.533091735839843750e+01 9.077327728271484375e+00 3.388970031738281250e+02 1.009713053703308105e+00 4.533091735839843750e+01 9.077327728271484375e+00 3.388970031738281250e+02
8.000000000000000000e+03 8.647044897079467773e-01 4.122635650634765625e+01 6.280454158782958984e+00 3.368812255859375000e+02 8.647044897079467773e-01 4.122635650634765625e+01 6.280454158782958984e+00 3.368812255859375000e+02
9.000000000000000000e+03 7.443152070045471191e-01 3.320154953002929688e+01 2.689434051513671875e+00 3.364487304687500000e+02 7.443152070045471191e-01 3.320154953002929688e+01 2.689434051513671875e+00 3.364487304687500000e+02
1.000000000000000000e+04 7.268190979957580566e-01 2.619215583801269531e+01 1.391412734985351562e+00 3.318867187500000000e+02 7.268190979957580566e-01 2.619215583801269531e+01 1.391412734985351562e+00 3.318867187500000000e+02
1.100000000000000000e+04 1.067186832427978516e+00 2.132548141479492188e+01 1.743453264236450195e+00 3.212571105957031250e+02 1.067186832427978516e+00 2.132548141479492188e+01 1.743453264236450195e+00 3.212571105957031250e+02
1.200000000000000000e+04 1.245661139488220215e+00 2.027176284790039062e+01 1.770257353782653809e+00 3.137153320312500000e+02 1.245661139488220215e+00 2.027176284790039062e+01 1.770257353782653809e+00 3.137153320312500000e+02
1.300000000000000000e+04 1.295227766036987305e+00 2.000375366210937500e+01 1.513350009918212891e+00 3.085341186523437500e+02 1.295227766036987305e+00 2.000375366210937500e+01 1.513350009918212891e+00 3.085341186523437500e+02
1.400000000000000000e+04 1.412322163581848145e+00 1.989501953125000000e+01 1.493001461029052734e+00 3.040976562500000000e+02 1.412322163581848145e+00 1.989501953125000000e+01 1.493001461029052734e+00 3.040976562500000000e+02
1.500000000000000000e+04 1.592760205268859863e+00 2.003051948547363281e+01 1.311368227005004883e+00 3.000273437500000000e+02 1.592760205268859863e+00 2.003051948547363281e+01 1.311368227005004883e+00 3.000273437500000000e+02
1.600000000000000000e+04 1.825178384780883789e+00 1.967271614074707031e+01 1.573752045631408691e+00 2.959013977050781250e+02 1.825178384780883789e+00 1.967271614074707031e+01 1.573752045631408691e+00 2.959013977050781250e+02
1.700000000000000000e+04 2.100106954574584961e+00 1.950642395019531250e+01 1.708840847015380859e+00 2.917200927734375000e+02 2.100106954574584961e+00 1.950642395019531250e+01 1.708840847015380859e+00 2.917200927734375000e+02
1.800000000000000000e+04 2.400957584381103516e+00 1.932552909851074219e+01 1.879913687705993652e+00 2.873128662109375000e+02 2.400957584381103516e+00 1.932552909851074219e+01 1.879913687705993652e+00 2.873128662109375000e+02
1.900000000000000000e+04 2.706247091293334961e+00 1.914657592773437500e+01 2.036969423294067383e+00 2.826330261230468750e+02 2.706247091293334961e+00 1.914657592773437500e+01 2.036969423294067383e+00 2.826330261230468750e+02
2.000000000000000000e+04 2.999685287475585938e+00 1.898896980285644531e+01 2.149927377700805664e+00 2.776207580566406250e+02 2.999685287475585938e+00 1.898896980285644531e+01 2.149927377700805664e+00 2.776207580566406250e+02
