# step, loss_train, loss_test, metrics_test
0.000000000000000000e+00 5.752733750000000000e+05 4.818115234375000000e+02 1.882911132812500000e+03 3.987473144531250000e+02 5.752733750000000000e+05 4.818115234375000000e+02 1.882911132812500000e+03 3.987473144531250000e+02
1.000000000000000000e+03 0.000000000000000000e+00 1.160956382751464844e+01 4.660553741455078125e+01 2.340921936035156250e+02 0.000000000000000000e+00 1.160956382751464844e+01 4.660553741455078125e+01 2.340921936035156250e+02
2.000000000000000000e+03 0.000000000000000000e+00 1.163625717163085938e+01 4.656148529052734375e+01 2.341090850830078125e+02 0.000000000000000000e+00 1.163625717163085938e+01 4.656148529052734375e+01 2.341090850830078125e+02
3.000000000000000000e+03 0.000000000000000000e+00 1.163654708862304688e+01 4.656101226806640625e+01 2.341092834472656250e+02 0.000000000000000000e+00 1.163654708862304688e+01 4.656101226806640625e+01 2.341092834472656250e+02
4.000000000000000000e+03 0.000000000000000000e+00 1.163672065734863281e+01 4.656072235107421875e+01 2.341093750000000000e+02 0.000000000000000000e+00 1.163672065734863281e+01 4.656072235107421875e+01 2.341093750000000000e+02
5.000000000000000000e+03 0.000000000000000000e+00 1.163680648803710938e+01 4.656058120727539062e+01 2.341094207763671875e+02 0.000000000000000000e+00 1.163680648803710938e+01 4.656058120727539062e+01 2.341094207763671875e+02
6.000000000000000000e+03 0.000000000000000000e+00 1.163686466217041016e+01 4.656048965454101562e+01 2.341094665527343750e+02 0.000000000000000000e+00 1.163686466217041016e+01 4.656048965454101562e+01 2.341094665527343750e+02
7.000000000000000000e+03 0.000000000000000000e+00 1.163692378997802734e+01 4.656039428710937500e+01 2.341094970703125000e+02 0.000000000000000000e+00 1.163692378997802734e+01 4.656039428710937500e+01 2.341094970703125000e+02
8.000000000000000000e+03 0.000000000000000000e+00 1.163692378997802734e+01 4.656039428710937500e+01 2.341094970703125000e+02 0.000000000000000000e+00 1.163692378997802734e+01 4.656039428710937500e+01 2.341094970703125000e+02
9.000000000000000000e+03 0.000000000000000000e+00 1.163695049285888672e+01 4.656034851074218750e+01 2.341095428466796875e+02 0.000000000000000000e+00 1.163695049285888672e+01 4.656034851074218750e+01 2.341095428466796875e+02
1.000000000000000000e+04 0.000000000000000000e+00 1.163695049285888672e+01 4.656034851074218750e+01 2.341095428466796875e+02 0.000000000000000000e+00 1.163695049285888672e+01 4.656034851074218750e+01 2.341095428466796875e+02
1.100000000000000000e+04 0.000000000000000000e+00 1.163695049285888672e+01 4.656034851074218750e+01 2.341095428466796875e+02 0.000000000000000000e+00 1.163695049285888672e+01 4.656034851074218750e+01 2.341095428466796875e+02
1.200000000000000000e+04 0.000000000000000000e+00 1.163695049285888672e+01 4.656034851074218750e+01 2.341095428466796875e+02 0.000000000000000000e+00 1.163695049285888672e+01 4.656034851074218750e+01 2.341095428466796875e+02
1.300000000000000000e+04 0.000000000000000000e+00 1.163695049285888672e+01 4.656034851074218750e+01 2.341095428466796875e+02 0.000000000000000000e+00 1.163695049285888672e+01 4.656034851074218750e+01 2.341095428466796875e+02
1.400000000000000000e+04 0.000000000000000000e+00 1.163695049285888672e+01 4.656034851074218750e+01 2.341095428466796875e+02 0.000000000000000000e+00 1.163695049285888672e+01 4.656034851074218750e+01 2.341095428466796875e+02
1.500000000000000000e+04 0.000000000000000000e+00 1.163695049285888672e+01 4.656034851074218750e+01 2.341095428466796875e+02 0.000000000000000000e+00 1.163695049285888672e+01 4.656034851074218750e+01 2.341095428466796875e+02
1.600000000000000000e+04 0.000000000000000000e+00 1.163761806488037109e+01 4.655926513671875000e+01 2.341099548339843750e+02 0.000000000000000000e+00 1.163761806488037109e+01 4.655926513671875000e+01 2.341099548339843750e+02
1.700000000000000000e+04 0.000000000000000000e+00 1.163718318939208984e+01 4.655996704101562500e+01 2.341096649169921875e+02 0.000000000000000000e+00 1.163718318939208984e+01 4.655996704101562500e+01 2.341096649169921875e+02
1.800000000000000000e+04 0.000000000000000000e+00 1.161917495727539062e+01 4.658957672119140625e+01 2.340982360839843750e+02 0.000000000000000000e+00 1.161917495727539062e+01 4.658957672119140625e+01 2.340982360839843750e+02
1.900000000000000000e+04 0.000000000000000000e+00 1.163656139373779297e+01 4.656098175048828125e+01 2.341092834472656250e+02 0.000000000000000000e+00 1.163656139373779297e+01 4.656098175048828125e+01 2.341092834472656250e+02
2.000000000000000000e+04 0.000000000000000000e+00 1.163444995880126953e+01 4.656443786621093750e+01 2.341079406738281250e+02 0.000000000000000000e+00 1.163444995880126953e+01 4.656443786621093750e+01 2.341079406738281250e+02
