# step, loss_train, loss_test, metrics_test
0.000000000000000000e+00 3.603787612915039062e+01 2.957450866699218750e+01 1.036789306640625000e+03 4.413489074707031250e+02 3.603787612915039062e+01 2.957450866699218750e+01 1.036789306640625000e+03 4.413489074707031250e+02
1.000000000000000000e+03 2.844479942321777344e+01 1.471757507324218750e+01 2.117187957763671875e+02 4.207517089843750000e+02 2.844479942321777344e+01 1.471757507324218750e+01 2.117187957763671875e+02 4.207517089843750000e+02
2.000000000000000000e+03 1.341796684265136719e+01 3.440895080566406250e+01 9.216122627258300781e+00 3.671091918945312500e+02 1.341796684265136719e+01 3.440895080566406250e+01 9.216122627258300781e+00 3.671091918945312500e+02
3.000000000000000000e+03 9.886208772659301758e-01 3.196214866638183594e+01 5.615545272827148438e+00 3.446974792480468750e+02 9.886208772659301758e-01 3.196214866638183594e+01 5.615545272827148438e+00 3.446974792480468750e+02
4.000000000000000000e+03 1.159339070320129395e+00 2.154144287109375000e+01 4.589913368225097656e+00 3.171578979492187500e+02 1.159339070320129395e+00 2.154144287109375000e+01 4.589913368225097656e+00 3.171578979492187500e+02
5.000000000000000000e+03 3.283923864364624023e-01 3.052418327331542969e+01 5.724926948547363281e+00 2.355816802978515625e+02 3.283923864364624023e-01 3.052418327331542969e+01 5.724926948547363281e+00 2.355816802978515625e+02
6.000000000000000000e+03 3.377805328369140625e+01 2.175385665893554688e+01 5.004476070404052734e+00 1.920041046142578125e+02 3.377805328369140625e+01 2.175385665893554688e+01 5.004476070404052734e+00 1.920041046142578125e+02
7.000000000000000000e+03 5.826308727264404297e+00 2.117025947570800781e+01 3.284052610397338867e+00 1.490919189453125000e+02 5.826308727264404297e+00 2.117025947570800781e+01 3.284052610397338867e+00 1.490919189453125000e+02
8.000000000000000000e+03 1.384187579154968262e+00 6.248674392700195312e+00 2.327872991561889648e+00 1.089687347412109375e+02 1.384187579154968262e+00 6.248674392700195312e+00 2.327872991561889648e+00 1.089687347412109375e+02
9.000000000000000000e+03 5.195027962327003479e-02 2.703511714935302734e+00 2.701175451278686523e+00 9.327043914794921875e+01 5.195027962327003479e-02 2.703511714935302734e+00 2.701175451278686523e+00 9.327043914794921875e+01
1.000000000000000000e+04 1.729771792888641357e-01 1.732792139053344727e+00 9.688813209533691406e+00 8.622503662109375000e+01 1.729771792888641357e-01 1.732792139053344727e+00 9.688813209533691406e+00 8.622503662109375000e+01
1.100000000000000000e+04 8.477494865655899048e-02 9.164167642593383789e-01 2.256845235824584961e+00 7.754974365234375000e+01 8.477494865655899048e-02 9.164167642593383789e-01 2.256845235824584961e+00 7.754974365234375000e+01
1.200000000000000000e+04 2.568452596664428711e+00 9.657681584358215332e-01 1.318311119079589844e+01 8.221627044677734375e+01 2.568452596664428711e+00 9.657681584358215332e-01 1.318311119079589844e+01 8.221627044677734375e+01
1.300000000000000000e+04 4.094313830137252808e-02 3.309550285339355469e-01 3.981639146804809570e+00 7.102519226074218750e+01 4.094313830137252808e-02 3.309550285339355469e-01 3.981639146804809570e+00 7.102519226074218750e+01
1.400000000000000000e+04 2.030778974294662476e-01 1.996205002069473267e-01 2.309148311614990234e+00 6.918758392333984375e+01 2.030778974294662476e-01 1.996205002069473267e-01 2.309148311614990234e+00 6.918758392333984375e+01
1.500000000000000000e+04 3.608000278472900391e-01 3.079951107501983643e-01 3.335537433624267578e+00 6.528929901123046875e+01 3.608000278472900391e-01 3.079951107501983643e-01 3.335537433624267578e+00 6.528929901123046875e+01
1.600000000000000000e+04 5.957338958978652954e-02 1.969077885150909424e-01 2.293622016906738281e+01 5.722244262695312500e+01 5.957338958978652954e-02 1.969077885150909424e-01 2.293622016906738281e+01 5.722244262695312500e+01
1.700000000000000000e+04 1.346364021301269531e-01 2.774650454521179199e-01 2.795150279998779297e+00 5.405496978759765625e+01 1.346364021301269531e-01 2.774650454521179199e-01 2.795150279998779297e+00 5.405496978759765625e+01
1.800000000000000000e+04 4.231014847755432129e-01 2.720991671085357666e-01 1.062732219696044922e+00 5.352592086791992188e+01 4.231014847755432129e-01 2.720991671085357666e-01 1.062732219696044922e+00 5.352592086791992188e+01
1.900000000000000000e+04 6.545440852642059326e-02 2.482415437698364258e-01 1.716911435127258301e+00 5.125222015380859375e+01 6.545440852642059326e-02 2.482415437698364258e-01 1.716911435127258301e+00 5.125222015380859375e+01
2.000000000000000000e+04 5.602646619081497192e-03 2.137323617935180664e-01 1.197524428367614746e+00 5.074342346191406250e+01 5.602646619081497192e-03 2.137323617935180664e-01 1.197524428367614746e+00 5.074342346191406250e+01
