# step, loss_train, loss_test, metrics_test
0.000000000000000000e+00 2.836017750000000000e+06 8.062709960937500000e+02 3.624409375000000000e+04 0.000000000000000000e+00 2.836017750000000000e+06 8.062709960937500000e+02 3.624409375000000000e+04 0.000000000000000000e+00
1.000000000000000000e+03 1.067910522460937500e+03 2.141745376586914062e+01 4.445736389160156250e+02 0.000000000000000000e+00 1.067910522460937500e+03 2.141745376586914062e+01 4.445736389160156250e+02 0.000000000000000000e+00
2.000000000000000000e+03 3.608244628906250000e+02 1.960854530334472656e+01 2.487829132080078125e+02 0.000000000000000000e+00 3.608244628906250000e+02 1.960854530334472656e+01 2.487829132080078125e+02 0.000000000000000000e+00
3.000000000000000000e+03 1.809843902587890625e+02 2.014077186584472656e+01 1.419241790771484375e+02 0.000000000000000000e+00 1.809843902587890625e+02 2.014077186584472656e+01 1.419241790771484375e+02 0.000000000000000000e+00
4.000000000000000000e+03 1.027231216430664062e+02 2.123445701599121094e+01 7.403932189941406250e+01 0.000000000000000000e+00 1.027231216430664062e+02 2.123445701599121094e+01 7.403932189941406250e+01 0.000000000000000000e+00
5.000000000000000000e+03 6.181110000610351562e+01 2.127777290344238281e+01 3.477504348754882812e+01 0.000000000000000000e+00 6.181110000610351562e+01 2.127777290344238281e+01 3.477504348754882812e+01 0.000000000000000000e+00
6.000000000000000000e+03 3.911328125000000000e+01 1.938518714904785156e+01 1.507921695709228516e+01 0.000000000000000000e+00 3.911328125000000000e+01 1.938518714904785156e+01 1.507921695709228516e+01 0.000000000000000000e+00
7.000000000000000000e+03 2.472365570068359375e+01 1.665646171569824219e+01 6.642669200897216797e+00 0.000000000000000000e+00 2.472365570068359375e+01 1.665646171569824219e+01 6.642669200897216797e+00 0.000000000000000000e+00
8.000000000000000000e+03 1.727032852172851562e+01 1.426551055908203125e+01 3.292659044265747070e+00 0.000000000000000000e+00 1.727032852172851562e+01 1.426551055908203125e+01 3.292659044265747070e+00 0.000000000000000000e+00
9.000000000000000000e+03 1.224426345825195312e+02 1.240442752838134766e+01 2.518994808197021484e+00 0.000000000000000000e+00 1.224426345825195312e+02 1.240442752838134766e+01 2.518994808197021484e+00 0.000000000000000000e+00
1.000000000000000000e+04 1.002975273132324219e+01 1.071291542053222656e+01 1.365214467048645020e+00 0.000000000000000000e+00 1.002975273132324219e+01 1.071291542053222656e+01 1.365214467048645020e+00 0.000000000000000000e+00
1.100000000000000000e+04 7.934336662292480469e+00 9.355153083801269531e+00 9.747686386108398438e-01 0.000000000000000000e+00 7.934336662292480469e+00 9.355153083801269531e+00 9.747686386108398438e-01 0.000000000000000000e+00
1.200000000000000000e+04 6.583045959472656250e+00 8.241557121276855469e+00 7.658134102821350098e-01 0.000000000000000000e+00 6.583045959472656250e+00 8.241557121276855469e+00 7.658134102821350098e-01 0.000000000000000000e+00
1.300000000000000000e+04 5.651840686798095703e+00 7.344357490539550781e+00 6.284376382827758789e-01 0.000000000000000000e+00 5.651840686798095703e+00 7.344357490539550781e+00 6.284376382827758789e-01 0.000000000000000000e+00
1.400000000000000000e+04 4.935783386230468750e+00 6.551227092742919922e+00 5.286597013473510742e-01 0.000000000000000000e+00 4.935783386230468750e+00 6.551227092742919922e+00 5.286597013473510742e-01 0.000000000000000000e+00
1.500000000000000000e+04 4.418218612670898438e+00 5.906251907348632812e+00 4.469936788082122803e-01 0.000000000000000000e+00 4.418218612670898438e+00 5.906251907348632812e+00 4.469936788082122803e-01 0.000000000000000000e+00
1.600000000000000000e+04 3.965842962265014648e+00 5.304250240325927734e+00 3.932910561561584473e-01 0.000000000000000000e+00 3.965842962265014648e+00 5.304250240325927734e+00 3.932910561561584473e-01 0.000000000000000000e+00
1.700000000000000000e+04 3.646929025650024414e+00 4.737894535064697266e+00 3.479090034961700439e-01 0.000000000000000000e+00 3.646929025650024414e+00 4.737894535064697266e+00 3.479090034961700439e-01 0.000000000000000000e+00
1.800000000000000000e+04 3.285045862197875977e+00 4.304922103881835938e+00 2.970600128173828125e-01 0.000000000000000000e+00 3.285045862197875977e+00 4.304922103881835938e+00 2.970600128173828125e-01 0.000000000000000000e+00
1.900000000000000000e+04 3.021774768829345703e+00 3.892164707183837891e+00 2.609556615352630615e-01 0.000000000000000000e+00 3.021774768829345703e+00 3.892164707183837891e+00 2.609556615352630615e-01 0.000000000000000000e+00
2.000000000000000000e+04 2.871224880218505859e+00 3.583696603775024414e+00 2.545923590660095215e-01 0.000000000000000000e+00 2.871224880218505859e+00 3.583696603775024414e+00 2.545923590660095215e-01 0.000000000000000000e+00
