# step, loss_train, loss_test, metrics_test
0.000000000000000000e+00 0.000000000000000000e+00 1.337419281005859375e+02 1.099349243164062500e+03 4.680585327148437500e+02 0.000000000000000000e+00 1.337419281005859375e+02 1.099349243164062500e+03 4.680585327148437500e+02
1.000000000000000000e+03 0.000000000000000000e+00 1.752701187133789062e+01 1.372827053070068359e+00 4.148266601562500000e+02 0.000000000000000000e+00 1.752701187133789062e+01 1.372827053070068359e+00 4.148266601562500000e+02
2.000000000000000000e+03 0.000000000000000000e+00 1.659470748901367188e+01 9.744641184806823730e-02 4.137745971679687500e+02 0.000000000000000000e+00 1.659470748901367188e+01 9.744641184806823730e-02 4.137745971679687500e+02
3.000000000000000000e+03 0.000000000000000000e+00 1.650394439697265625e+01 4.883433341979980469e+00 4.132588500976562500e+02 0.000000000000000000e+00 1.650394439697265625e+01 4.883433341979980469e+00 4.132588500976562500e+02
4.000000000000000000e+03 0.000000000000000000e+00 1.631175613403320312e+01 6.835400462150573730e-01 4.126267700195312500e+02 0.000000000000000000e+00 1.631175613403320312e+01 6.835400462150573730e-01 4.126267700195312500e+02
5.000000000000000000e+03 0.000000000000000000e+00 1.562069606781005859e+01 2.704053401947021484e+00 4.111017761230468750e+02 0.000000000000000000e+00 1.562069606781005859e+01 2.704053401947021484e+00 4.111017761230468750e+02
6.000000000000000000e+03 0.000000000000000000e+00 2.055459403991699219e+01 1.341301625000000000e+06 4.186765441894531250e+02 0.000000000000000000e+00 2.055459403991699219e+01 1.341301625000000000e+06 4.186765441894531250e+02
7.000000000000000000e+03 0.000000000000000000e+00 1.786678504943847656e+01 3.973828125000000000e+02 4.159017333984375000e+02 0.000000000000000000e+00 1.786678504943847656e+01 3.973828125000000000e+02 4.159017333984375000e+02
8.000000000000000000e+03 0.000000000000000000e+00 1.728383445739746094e+01 3.157975158691406250e+02 4.151748962402343750e+02 0.000000000000000000e+00 1.728383445739746094e+01 3.157975158691406250e+02 4.151748962402343750e+02
9.000000000000000000e+03 0.000000000000000000e+00 1.991464805603027344e+01 2.767556457519531250e+02 4.168475952148437500e+02 0.000000000000000000e+00 1.991464805603027344e+01 2.767556457519531250e+02 4.168475952148437500e+02
1.000000000000000000e+04 0.000000000000000000e+00 2.241627883911132812e+01 2.661516113281250000e+02 4.185429382324218750e+02 0.000000000000000000e+00 2.241627883911132812e+01 2.661516113281250000e+02 4.185429382324218750e+02
1.100000000000000000e+04 0.000000000000000000e+00 2.319688606262207031e+01 2.645062561035156250e+02 4.190784301757812500e+02 0.000000000000000000e+00 2.319688606262207031e+01 2.645062561035156250e+02 4.190784301757812500e+02
1.200000000000000000e+04 0.000000000000000000e+00 2.413983726501464844e+01 2.254500579833984375e+02 4.197279052734375000e+02 0.000000000000000000e+00 2.413983726501464844e+01 2.254500579833984375e+02 4.197279052734375000e+02
1.300000000000000000e+04 0.000000000000000000e+00 2.861985588073730469e+01 1.163680664062500000e+03 4.228396301269531250e+02 0.000000000000000000e+00 2.861985588073730469e+01 1.163680664062500000e+03 4.228396301269531250e+02
1.400000000000000000e+04 0.000000000000000000e+00 8.171682128906250000e+03 3.127471679687500000e+04 6.382832031250000000e+03 0.000000000000000000e+00 8.171682128906250000e+03 3.127471679687500000e+04 6.382832031250000000e+03
1.500000000000000000e+04 0.000000000000000000e+00 4.683348144531250000e+03 1.800196093750000000e+04 3.833483886718750000e+03 0.000000000000000000e+00 4.683348144531250000e+03 1.800196093750000000e+04 3.833483886718750000e+03
1.600000000000000000e+04 0.000000000000000000e+00 1.877766845703125000e+03 7.507828613281250000e+03 1.781543457031250000e+03 0.000000000000000000e+00 1.877766845703125000e+03 7.507828613281250000e+03 1.781543457031250000e+03
1.700000000000000000e+04 0.000000000000000000e+00 4.109002685546875000e+02 1.951687011718750000e+03 7.065863037109375000e+02 0.000000000000000000e+00 4.109002685546875000e+02 1.951687011718750000e+03 7.065863037109375000e+02
1.800000000000000000e+04 0.000000000000000000e+00 3.760332641601562500e+02 4.353252929687500000e+03 6.809614257812500000e+02 0.000000000000000000e+00 3.760332641601562500e+02 4.353252929687500000e+03 6.809614257812500000e+02
1.900000000000000000e+04 0.000000000000000000e+00 3.045852966308593750e+02 3.681573730468750000e+03 6.284226074218750000e+02 0.000000000000000000e+00 3.045852966308593750e+02 3.681573730468750000e+03 6.284226074218750000e+02
2.000000000000000000e+04 0.000000000000000000e+00 2.146597137451171875e+02 2.812771484375000000e+03 5.622138061523437500e+02 0.000000000000000000e+00 2.146597137451171875e+02 2.812771484375000000e+03 5.622138061523437500e+02
