# step, loss_train, loss_test, metrics_test
0.000000000000000000e+00 1.808992919921875000e+03 1.082298965454101562e+02 1.283871093750000000e+04 4.750330505371093750e+02 1.808992919921875000e+03 1.082298965454101562e+02 1.283871093750000000e+04 4.750330505371093750e+02
1.000000000000000000e+03 1.067120132446289062e+02 2.343699264526367188e+01 2.662698745727539062e+00 3.781100769042968750e+02 1.067120132446289062e+02 2.343699264526367188e+01 2.662698745727539062e+00 3.781100769042968750e+02
2.000000000000000000e+03 5.751123046875000000e+01 1.908973312377929688e+01 1.384618520736694336e+00 3.537164916992187500e+02 5.751123046875000000e+01 1.908973312377929688e+01 1.384618520736694336e+00 3.537164916992187500e+02
3.000000000000000000e+03 3.757869720458984375e+01 1.474718570709228516e+01 9.349538683891296387e-01 3.357521362304687500e+02 3.757869720458984375e+01 1.474718570709228516e+01 9.349538683891296387e-01 3.357521362304687500e+02
4.000000000000000000e+03 2.537401580810546875e+01 1.318804740905761719e+01 4.110560715198516846e-01 3.117053833007812500e+02 2.537401580810546875e+01 1.318804740905761719e+01 4.110560715198516846e-01 3.117053833007812500e+02
5.000000000000000000e+03 2.050362968444824219e+01 1.309784412384033203e+01 5.321137905120849609e-01 2.709183654785156250e+02 2.050362968444824219e+01 1.309784412384033203e+01 5.321137905120849609e-01 2.709183654785156250e+02
6.000000000000000000e+03 2.664132308959960938e+01 9.931282043457031250e+00 8.312839865684509277e-01 1.998942108154296875e+02 2.664132308959960938e+01 9.931282043457031250e+00 8.312839865684509277e-01 1.998942108154296875e+02
7.000000000000000000e+03 3.484616470336914062e+01 6.935275554656982422e+00 1.986302852630615234e+00 1.344317169189453125e+02 3.484616470336914062e+01 6.935275554656982422e+00 1.986302852630615234e+00 1.344317169189453125e+02
8.000000000000000000e+03 4.206396102905273438e+01 4.711296081542968750e+00 3.144746780395507812e+00 9.359191131591796875e+01 4.206396102905273438e+01 4.711296081542968750e+00 3.144746780395507812e+00 9.359191131591796875e+01
9.000000000000000000e+03 4.165348052978515625e+01 3.601455688476562500e+00 3.295853376388549805e+00 6.601074981689453125e+01 4.165348052978515625e+01 3.601455688476562500e+00 3.295853376388549805e+00 6.601074981689453125e+01
1.000000000000000000e+04 4.222875595092773438e+01 2.947709798812866211e+00 5.851392269134521484e+00 4.932201004028320312e+01 4.222875595092773438e+01 2.947709798812866211e+00 5.851392269134521484e+00 4.932201004028320312e+01
1.100000000000000000e+04 3.950229644775390625e+01 2.293024778366088867e+00 1.175694584846496582e+00 3.840697860717773438e+01 3.950229644775390625e+01 2.293024778366088867e+00 1.175694584846496582e+00 3.840697860717773438e+01
1.200000000000000000e+04 3.783873748779296875e+01 1.783161282539367676e+00 2.093592643737792969e+00 3.216743469238281250e+01 3.783873748779296875e+01 1.783161282539367676e+00 2.093592643737792969e+00 3.216743469238281250e+01
1.300000000000000000e+04 3.553530120849609375e+01 1.648022294044494629e+00 1.681132555007934570e+00 2.698145675659179688e+01 3.553530120849609375e+01 1.648022294044494629e+00 1.681132555007934570e+00 2.698145675659179688e+01
1.400000000000000000e+04 3.269895935058593750e+01 1.088864803314208984e+00 3.090608358383178711e+00 2.330314636230468750e+01 3.269895935058593750e+01 1.088864803314208984e+00 3.090608358383178711e+00 2.330314636230468750e+01
1.500000000000000000e+04 3.166746520996093750e+01 9.411809444427490234e-01 2.131012439727783203e+00 2.024516487121582031e+01 3.166746520996093750e+01 9.411809444427490234e-01 2.131012439727783203e+00 2.024516487121582031e+01
1.600000000000000000e+04 2.840954589843750000e+01 8.237596154212951660e-01 4.191435873508453369e-01 1.797358322143554688e+01 2.840954589843750000e+01 8.237596154212951660e-01 4.191435873508453369e-01 1.797358322143554688e+01
1.700000000000000000e+04 2.757538032531738281e+01 7.582464218139648438e-01 1.260074853897094727e+00 1.629870414733886719e+01 2.757538032531738281e+01 7.582464218139648438e-01 1.260074853897094727e+00 1.629870414733886719e+01
1.800000000000000000e+04 2.701074028015136719e+01 6.066498756408691406e-01 5.574390888214111328e-01 1.439159965515136719e+01 2.701074028015136719e+01 6.066498756408691406e-01 5.574390888214111328e-01 1.439159965515136719e+01
1.900000000000000000e+04 2.663384246826171875e+01 5.477822422981262207e-01 1.497167944908142090e+00 1.388258075714111328e+01 2.663384246826171875e+01 5.477822422981262207e-01 1.497167944908142090e+00 1.388258075714111328e+01
2.000000000000000000e+04 2.602369308471679688e+01 4.161736965179443359e-01 2.016156435012817383e+00 1.274720859527587891e+01 2.602369308471679688e+01 4.161736965179443359e-01 2.016156435012817383e+00 1.274720859527587891e+01
