# step, loss_train, loss_test, metrics_test
0.000000000000000000e+00 2.403962646484375000e+03 0.000000000000000000e+00 3.057057128906250000e+03 0.000000000000000000e+00 2.403962646484375000e+03 0.000000000000000000e+00 3.057057128906250000e+03 0.000000000000000000e+00
1.000000000000000000e+03 2.386977844238281250e+02 0.000000000000000000e+00 2.534743785858154297e+00 0.000000000000000000e+00 2.386977844238281250e+02 0.000000000000000000e+00 2.534743785858154297e+00 0.000000000000000000e+00
2.000000000000000000e+03 7.677118682861328125e+01 0.000000000000000000e+00 5.074831247329711914e-01 0.000000000000000000e+00 7.677118682861328125e+01 0.000000000000000000e+00 5.074831247329711914e-01 0.000000000000000000e+00
3.000000000000000000e+03 3.596744537353515625e+01 0.000000000000000000e+00 1.598083674907684326e-01 0.000000000000000000e+00 3.596744537353515625e+01 0.000000000000000000e+00 1.598083674907684326e-01 0.000000000000000000e+00
4.000000000000000000e+03 3.228701782226562500e+01 0.000000000000000000e+00 7.992092967033386230e-01 0.000000000000000000e+00 3.228701782226562500e+01 0.000000000000000000e+00 7.992092967033386230e-01 0.000000000000000000e+00
5.000000000000000000e+03 1.112420463562011719e+01 0.000000000000000000e+00 8.247295379638671875e+00 0.000000000000000000e+00 1.112420463562011719e+01 0.000000000000000000e+00 8.247295379638671875e+00 0.000000000000000000e+00
6.000000000000000000e+03 2.806027603149414062e+01 0.000000000000000000e+00 2.331233978271484375e+02 0.000000000000000000e+00 2.806027603149414062e+01 0.000000000000000000e+00 2.331233978271484375e+02 0.000000000000000000e+00
7.000000000000000000e+03 5.356637573242187500e+01 0.000000000000000000e+00 1.896743965148925781e+01 0.000000000000000000e+00 5.356637573242187500e+01 0.000000000000000000e+00 1.896743965148925781e+01 0.000000000000000000e+00
8.000000000000000000e+03 2.352393531799316406e+01 0.000000000000000000e+00 7.846563816070556641e+00 0.000000000000000000e+00 2.352393531799316406e+01 0.000000000000000000e+00 7.846563816070556641e+00 0.000000000000000000e+00
9.000000000000000000e+03 2.953752746582031250e+02 0.000000000000000000e+00 1.762141093750000000e+05 0.000000000000000000e+00 2.953752746582031250e+02 0.000000000000000000e+00 1.762141093750000000e+05 0.000000000000000000e+00
1.000000000000000000e+04 8.267605590820312500e+02 0.000000000000000000e+00 1.177849453125000000e+05 0.000000000000000000e+00 8.267605590820312500e+02 0.000000000000000000e+00 1.177849453125000000e+05 0.000000000000000000e+00
1.100000000000000000e+04 2.745503807067871094e+01 0.000000000000000000e+00 5.924760253906250000e+03 0.000000000000000000e+00 2.745503807067871094e+01 0.000000000000000000e+00 5.924760253906250000e+03 0.000000000000000000e+00
1.200000000000000000e+04 4.160594940185546875e+01 0.000000000000000000e+00 6.275640258789062500e+02 0.000000000000000000e+00 4.160594940185546875e+01 0.000000000000000000e+00 6.275640258789062500e+02 0.000000000000000000e+00
1.300000000000000000e+04 7.399775695800781250e+01 0.000000000000000000e+00 1.983441210937500000e+04 0.000000000000000000e+00 7.399775695800781250e+01 0.000000000000000000e+00 1.983441210937500000e+04 0.000000000000000000e+00
1.400000000000000000e+04 9.628129959106445312e+00 0.000000000000000000e+00 5.898276367187500000e+02 0.000000000000000000e+00 9.628129959106445312e+00 0.000000000000000000e+00 5.898276367187500000e+02 0.000000000000000000e+00
1.500000000000000000e+04 6.051169872283935547e+00 0.000000000000000000e+00 5.836916503906250000e+02 0.000000000000000000e+00 6.051169872283935547e+00 0.000000000000000000e+00 5.836916503906250000e+02 0.000000000000000000e+00
1.600000000000000000e+04 1.011105499267578125e+02 0.000000000000000000e+00 2.602073593750000000e+05 0.000000000000000000e+00 1.011105499267578125e+02 0.000000000000000000e+00 2.602073593750000000e+05 0.000000000000000000e+00
1.700000000000000000e+04 5.183331012725830078e+00 0.000000000000000000e+00 9.443064575195312500e+02 0.000000000000000000e+00 5.183331012725830078e+00 0.000000000000000000e+00 9.443064575195312500e+02 0.000000000000000000e+00
1.800000000000000000e+04 1.173733154296875000e+03 0.000000000000000000e+00 8.333210625000000000e+05 0.000000000000000000e+00 1.173733154296875000e+03 0.000000000000000000e+00 8.333210625000000000e+05 0.000000000000000000e+00
1.900000000000000000e+04 1.776083183288574219e+01 0.000000000000000000e+00 1.009614453125000000e+04 0.000000000000000000e+00 1.776083183288574219e+01 0.000000000000000000e+00 1.009614453125000000e+04 0.000000000000000000e+00
2.000000000000000000e+04 6.601644134521484375e+01 0.000000000000000000e+00 9.993693750000000000e+04 0.000000000000000000e+00 6.601644134521484375e+01 0.000000000000000000e+00 9.993693750000000000e+04 0.000000000000000000e+00
