# step, loss_train, loss_test, metrics_test
0.000000000000000000e+00 0.000000000000000000e+00 2.310635185241699219e+01 5.498758789062500000e+03 3.920764770507812500e+02 0.000000000000000000e+00 2.310635185241699219e+01 5.498758789062500000e+03 3.920764770507812500e+02
1.000000000000000000e+03 0.000000000000000000e+00 4.394295692443847656e+00 2.415277004241943359e+00 6.797449493408203125e+01 0.000000000000000000e+00 4.394295692443847656e+00 2.415277004241943359e+00 6.797449493408203125e+01
2.000000000000000000e+03 0.000000000000000000e+00 1.460092449188232422e+01 1.988412719726562500e+03 3.803451843261718750e+02 0.000000000000000000e+00 1.460092449188232422e+01 1.988412719726562500e+03 3.803451843261718750e+02
3.000000000000000000e+03 0.000000000000000000e+00 1.460089969635009766e+01 1.988412963867187500e+03 3.803451538085937500e+02 0.000000000000000000e+00 1.460089969635009766e+01 1.988412963867187500e+03 3.803451538085937500e+02
4.000000000000000000e+03 0.000000000000000000e+00 1.460089969635009766e+01 1.988412963867187500e+03 3.803451538085937500e+02 0.000000000000000000e+00 1.460089969635009766e+01 1.988412963867187500e+03 3.803451538085937500e+02
5.000000000000000000e+03 0.000000000000000000e+00 1.460089969635009766e+01 1.988412963867187500e+03 3.803451538085937500e+02 0.000000000000000000e+00 1.460089969635009766e+01 1.988412963867187500e+03 3.803451538085937500e+02
6.000000000000000000e+03 0.000000000000000000e+00 1.460089969635009766e+01 1.988412963867187500e+03 3.803451538085937500e+02 0.000000000000000000e+00 1.460089969635009766e+01 1.988412963867187500e+03 3.803451538085937500e+02
7.000000000000000000e+03 0.000000000000000000e+00 1.460086345672607422e+01 1.988413208007812500e+03 3.803451538085937500e+02 0.000000000000000000e+00 1.460086345672607422e+01 1.988413208007812500e+03 3.803451538085937500e+02
8.000000000000000000e+03 0.000000000000000000e+00 1.460087490081787109e+01 1.988412963867187500e+03 3.803451538085937500e+02 0.000000000000000000e+00 1.460087490081787109e+01 1.988412963867187500e+03 3.803451538085937500e+02
9.000000000000000000e+03 0.000000000000000000e+00 1.460081291198730469e+01 1.988413208007812500e+03 3.803450622558593750e+02 0.000000000000000000e+00 1.460081291198730469e+01 1.988413208007812500e+03 3.803450622558593750e+02
1.000000000000000000e+04 0.000000000000000000e+00 1.459547138214111328e+01 1.988424438476562500e+03 3.803392944335937500e+02 0.000000000000000000e+00 1.459547138214111328e+01 1.988424438476562500e+03 3.803392944335937500e+02
1.100000000000000000e+04 0.000000000000000000e+00 1.460044288635253906e+01 1.988413940429687500e+03 3.803446960449218750e+02 0.000000000000000000e+00 1.460044288635253906e+01 1.988413940429687500e+03 3.803446960449218750e+02
1.200000000000000000e+04 0.000000000000000000e+00 1.460106182098388672e+01 1.988412597656250000e+03 3.803453674316406250e+02 0.000000000000000000e+00 1.460106182098388672e+01 1.988412597656250000e+03 3.803453674316406250e+02
1.300000000000000000e+04 0.000000000000000000e+00 1.460109901428222656e+01 1.988412353515625000e+03 3.803453674316406250e+02 0.000000000000000000e+00 1.460109901428222656e+01 1.988412353515625000e+03 3.803453674316406250e+02
1.400000000000000000e+04 0.000000000000000000e+00 1.460080146789550781e+01 1.988413208007812500e+03 3.803450622558593750e+02 0.000000000000000000e+00 1.460080146789550781e+01 1.988413208007812500e+03 3.803450622558593750e+02
1.500000000000000000e+04 0.000000000000000000e+00 1.459757232666015625e+01 1.988419799804687500e+03 3.803415832519531250e+02 0.000000000000000000e+00 1.459757232666015625e+01 1.988419799804687500e+03 3.803415832519531250e+02
1.600000000000000000e+04 0.000000000000000000e+00 1.460091590881347656e+01 1.988412719726562500e+03 3.803451843261718750e+02 0.000000000000000000e+00 1.460091590881347656e+01 1.988412719726562500e+03 3.803451843261718750e+02
1.700000000000000000e+04 0.000000000000000000e+00 1.460091590881347656e+01 1.988412719726562500e+03 3.803451843261718750e+02 0.000000000000000000e+00 1.460091590881347656e+01 1.988412719726562500e+03 3.803451843261718750e+02
1.800000000000000000e+04 0.000000000000000000e+00 1.460091590881347656e+01 1.988412719726562500e+03 3.803451843261718750e+02 0.000000000000000000e+00 1.460091590881347656e+01 1.988412719726562500e+03 3.803451843261718750e+02
1.900000000000000000e+04 0.000000000000000000e+00 1.460091590881347656e+01 1.988412719726562500e+03 3.803451843261718750e+02 0.000000000000000000e+00 1.460091590881347656e+01 1.988412719726562500e+03 3.803451843261718750e+02
2.000000000000000000e+04 0.000000000000000000e+00 1.460091590881347656e+01 1.988412719726562500e+03 3.803451843261718750e+02 0.000000000000000000e+00 1.460091590881347656e+01 1.988412719726562500e+03 3.803451843261718750e+02
