# step, loss_train, loss_test, metrics_test
0.000000000000000000e+00 1.442252044677734375e+02 1.956531333923339844e+01 7.637859375000000000e+03 3.824746093750000000e+02 1.442252044677734375e+02 1.956531333923339844e+01 7.637859375000000000e+03 3.824746093750000000e+02
1.000000000000000000e+03 4.328180551528930664e-01 1.649267387390136719e+01 3.921187222003936768e-01 3.323530578613281250e+02 4.328180551528930664e-01 1.649267387390136719e+01 3.921187222003936768e-01 3.323530578613281250e+02
2.000000000000000000e+03 5.151025772094726562e+01 1.402138137817382812e+01 2.069196510314941406e+01 3.244720458984375000e+02 5.151025772094726562e+01 1.402138137817382812e+01 2.069196510314941406e+01 3.244720458984375000e+02
3.000000000000000000e+03 3.470290899276733398e+00 1.474020195007324219e+01 4.808418750762939453e+00 2.165353851318359375e+02 3.470290899276733398e+00 1.474020195007324219e+01 4.808418750762939453e+00 2.165353851318359375e+02
4.000000000000000000e+03 2.819000959396362305e+00 1.769152832031250000e+01 3.465652704238891602e+00 1.873740997314453125e+02 2.819000959396362305e+00 1.769152832031250000e+01 3.465652704238891602e+00 1.873740997314453125e+02
5.000000000000000000e+03 7.891281604766845703e+00 1.171960163116455078e+01 2.602381944656372070e+00 7.535437011718750000e+01 7.891281604766845703e+00 1.171960163116455078e+01 2.602381944656372070e+00 7.535437011718750000e+01
6.000000000000000000e+03 2.552050828933715820e+00 1.621161842346191406e+01 2.147485256195068359e+00 1.109069747924804688e+02 2.552050828933715820e+00 1.621161842346191406e+01 2.147485256195068359e+00 1.109069747924804688e+02
7.000000000000000000e+03 5.118484020233154297e+00 4.635436534881591797e+00 2.865116596221923828e+00 8.605299949645996094e+00 5.118484020233154297e+00 4.635436534881591797e+00 2.865116596221923828e+00 8.605299949645996094e+00
8.000000000000000000e+03 2.310088348388671875e+01 4.400536537170410156e+00 7.529965400695800781e+00 1.892698478698730469e+01 2.310088348388671875e+01 4.400536537170410156e+00 7.529965400695800781e+00 1.892698478698730469e+01
9.000000000000000000e+03 1.486955761909484863e+00 3.445533275604248047e+00 1.121633768081665039e+00 1.051832866668701172e+01 1.486955761909484863e+00 3.445533275604248047e+00 1.121633768081665039e+00 1.051832866668701172e+01
1.000000000000000000e+04 1.339745640754699707e+00 3.030229806900024414e+00 8.275187611579895020e-01 7.762945175170898438e+00 1.339745640754699707e+00 3.030229806900024414e+00 8.275187611579895020e-01 7.762945175170898438e+00
1.100000000000000000e+04 8.951005935668945312e-01 2.542266845703125000e+00 5.060468912124633789e-01 4.563394069671630859e+00 8.951005935668945312e-01 2.542266845703125000e+00 5.060468912124633789e-01 4.563394069671630859e+00
1.200000000000000000e+04 1.031576037406921387e+00 2.352312088012695312e+00 2.992011010646820068e-01 4.283762931823730469e+00 1.031576037406921387e+00 2.352312088012695312e+00 2.992011010646820068e-01 4.283762931823730469e+00
1.300000000000000000e+04 7.606100440025329590e-01 2.376021862030029297e+00 2.511309981346130371e-01 4.848615646362304688e+00 7.606100440025329590e-01 2.376021862030029297e+00 2.511309981346130371e-01 4.848615646362304688e+00
1.400000000000000000e+04 5.310512185096740723e-01 1.838850617408752441e+00 2.266570031642913818e-01 2.547194242477416992e+00 5.310512185096740723e-01 1.838850617408752441e+00 2.266570031642913818e-01 2.547194242477416992e+00
1.500000000000000000e+04 4.862118959426879883e-01 1.681667447090148926e+00 1.845543384552001953e-01 2.754907846450805664e+00 4.862118959426879883e-01 1.681667447090148926e+00 1.845543384552001953e-01 2.754907846450805664e+00
1.600000000000000000e+04 4.655458331108093262e-01 1.529469251632690430e+00 1.424346268177032471e-01 2.670851469039916992e+00 4.655458331108093262e-01 1.529469251632690430e+00 1.424346268177032471e-01 2.670851469039916992e+00
1.700000000000000000e+04 3.392620563507080078e+00 2.317095756530761719e+00 2.322544604539871216e-01 6.950118064880371094e+00 3.392620563507080078e+00 2.317095756530761719e+00 2.322544604539871216e-01 6.950118064880371094e+00
1.800000000000000000e+04 4.224855899810791016e-01 1.111216187477111816e+00 9.928259998559951782e-02 2.146909952163696289e+00 4.224855899810791016e-01 1.111216187477111816e+00 9.928259998559951782e-02 2.146909952163696289e+00
1.900000000000000000e+04 4.265441000461578369e-01 8.318983912467956543e-01 7.153992354869842529e-02 1.990263104438781738e+00 4.265441000461578369e-01 8.318983912467956543e-01 7.153992354869842529e-02 1.990263104438781738e+00
2.000000000000000000e+04 4.653672790527343750e+01 7.108311653137207031e-01 3.167829751968383789e+00 6.999554157257080078e+00 4.653672790527343750e+01 7.108311653137207031e-01 3.167829751968383789e+00 6.999554157257080078e+00
