# step, loss_train, loss_test, metrics_test
0.000000000000000000e+00 0.000000000000000000e+00 2.686012649536132812e+01 6.299578613281250000e+03 0.000000000000000000e+00 0.000000000000000000e+00 2.686012649536132812e+01 6.299578613281250000e+03 0.000000000000000000e+00
1.000000000000000000e+03 0.000000000000000000e+00 2.335590553283691406e+01 2.937867431640625000e+03 0.000000000000000000e+00 0.000000000000000000e+00 2.335590553283691406e+01 2.937867431640625000e+03 0.000000000000000000e+00
2.000000000000000000e+03 0.000000000000000000e+00 2.335590934753417969e+01 2.937867675781250000e+03 0.000000000000000000e+00 0.000000000000000000e+00 2.335590934753417969e+01 2.937867675781250000e+03 0.000000000000000000e+00
3.000000000000000000e+03 0.000000000000000000e+00 2.335586738586425781e+01 2.937867919921875000e+03 0.000000000000000000e+00 0.000000000000000000e+00 2.335586738586425781e+01 2.937867919921875000e+03 0.000000000000000000e+00
4.000000000000000000e+03 0.000000000000000000e+00 2.335590934753417969e+01 2.937867675781250000e+03 0.000000000000000000e+00 0.000000000000000000e+00 2.335590934753417969e+01 2.937867675781250000e+03 0.000000000000000000e+00
5.000000000000000000e+03 0.000000000000000000e+00 2.335634613037109375e+01 2.937867431640625000e+03 0.000000000000000000e+00 0.000000000000000000e+00 2.335634613037109375e+01 2.937867431640625000e+03 0.000000000000000000e+00
6.000000000000000000e+03 0.000000000000000000e+00 2.340640449523925781e+01 2.937824707031250000e+03 0.000000000000000000e+00 0.000000000000000000e+00 2.340640449523925781e+01 2.937824707031250000e+03 0.000000000000000000e+00
7.000000000000000000e+03 0.000000000000000000e+00 2.334877967834472656e+01 2.937875000000000000e+03 0.000000000000000000e+00 0.000000000000000000e+00 2.334877967834472656e+01 2.937875000000000000e+03 0.000000000000000000e+00
8.000000000000000000e+03 0.000000000000000000e+00 2.513594627380371094e+01 2.944314453125000000e+03 0.000000000000000000e+00 0.000000000000000000e+00 2.513594627380371094e+01 2.944314453125000000e+03 0.000000000000000000e+00
9.000000000000000000e+03 0.000000000000000000e+00 2.335431289672851562e+01 2.937869140625000000e+03 0.000000000000000000e+00 0.000000000000000000e+00 2.335431289672851562e+01 2.937869140625000000e+03 0.000000000000000000e+00
1.000000000000000000e+04 0.000000000000000000e+00 2.335483932495117188e+01 2.937868652343750000e+03 0.000000000000000000e+00 0.000000000000000000e+00 2.335483932495117188e+01 2.937868652343750000e+03 0.000000000000000000e+00
1.100000000000000000e+04 0.000000000000000000e+00 2.464962959289550781e+01 2.941040283203125000e+03 0.000000000000000000e+00 0.000000000000000000e+00 2.464962959289550781e+01 2.941040283203125000e+03 0.000000000000000000e+00
1.200000000000000000e+04 0.000000000000000000e+00 2.335590171813964844e+01 2.937867675781250000e+03 0.000000000000000000e+00 0.000000000000000000e+00 2.335590171813964844e+01 2.937867675781250000e+03 0.000000000000000000e+00
1.300000000000000000e+04 0.000000000000000000e+00 2.335590171813964844e+01 2.937867675781250000e+03 0.000000000000000000e+00 0.000000000000000000e+00 2.335590171813964844e+01 2.937867675781250000e+03 0.000000000000000000e+00
1.400000000000000000e+04 0.000000000000000000e+00 2.335587310791015625e+01 2.937867675781250000e+03 0.000000000000000000e+00 0.000000000000000000e+00 2.335587310791015625e+01 2.937867675781250000e+03 0.000000000000000000e+00
1.500000000000000000e+04 0.000000000000000000e+00 2.335578918457031250e+01 2.937867919921875000e+03 0.000000000000000000e+00 0.000000000000000000e+00 2.335578918457031250e+01 2.937867919921875000e+03 0.000000000000000000e+00
1.600000000000000000e+04 0.000000000000000000e+00 2.335589599609375000e+01 2.937867675781250000e+03 0.000000000000000000e+00 0.000000000000000000e+00 2.335589599609375000e+01 2.937867675781250000e+03 0.000000000000000000e+00
1.700000000000000000e+04 0.000000000000000000e+00 2.335589408874511719e+01 2.937867919921875000e+03 0.000000000000000000e+00 0.000000000000000000e+00 2.335589408874511719e+01 2.937867919921875000e+03 0.000000000000000000e+00
1.800000000000000000e+04 0.000000000000000000e+00 2.335588836669921875e+01 2.937867675781250000e+03 0.000000000000000000e+00 0.000000000000000000e+00 2.335588836669921875e+01 2.937867675781250000e+03 0.000000000000000000e+00
1.900000000000000000e+04 0.000000000000000000e+00 2.335589408874511719e+01 2.937867919921875000e+03 0.000000000000000000e+00 0.000000000000000000e+00 2.335589408874511719e+01 2.937867919921875000e+03 0.000000000000000000e+00
2.000000000000000000e+04 0.000000000000000000e+00 2.335590171813964844e+01 2.937867675781250000e+03 0.000000000000000000e+00 0.000000000000000000e+00 2.335590171813964844e+01 2.937867675781250000e+03 0.000000000000000000e+00
