# step, loss_train, loss_test, metrics_test
0.000000000000000000e+00 0.000000000000000000e+00 4.375163269042968750e+01 0.000000000000000000e+00 4.812012023925781250e+02 0.000000000000000000e+00 4.375163269042968750e+01 0.000000000000000000e+00 4.812012023925781250e+02
1.000000000000000000e+03 0.000000000000000000e+00 1.744972610473632812e+01 0.000000000000000000e+00 4.244584655761718750e+02 0.000000000000000000e+00 1.744972610473632812e+01 0.000000000000000000e+00 4.244584655761718750e+02
2.000000000000000000e+03 0.000000000000000000e+00 1.758461570739746094e+01 0.000000000000000000e+00 4.246089477539062500e+02 0.000000000000000000e+00 1.758461570739746094e+01 0.000000000000000000e+00 4.246089477539062500e+02
3.000000000000000000e+03 0.000000000000000000e+00 1.743154716491699219e+01 0.000000000000000000e+00 4.244007568359375000e+02 0.000000000000000000e+00 1.743154716491699219e+01 0.000000000000000000e+00 4.244007568359375000e+02
4.000000000000000000e+03 0.000000000000000000e+00 1.743149948120117188e+01 0.000000000000000000e+00 4.244008178710937500e+02 0.000000000000000000e+00 1.743149948120117188e+01 0.000000000000000000e+00 4.244008178710937500e+02
5.000000000000000000e+03 0.000000000000000000e+00 1.743139266967773438e+01 0.000000000000000000e+00 4.244008789062500000e+02 0.000000000000000000e+00 1.743139266967773438e+01 0.000000000000000000e+00 4.244008789062500000e+02
6.000000000000000000e+03 0.000000000000000000e+00 1.750654983520507812e+01 0.000000000000000000e+00 4.244090881347656250e+02 0.000000000000000000e+00 1.750654983520507812e+01 0.000000000000000000e+00 4.244090881347656250e+02
7.000000000000000000e+03 0.000000000000000000e+00 1.743078041076660156e+01 0.000000000000000000e+00 4.244015808105468750e+02 0.000000000000000000e+00 1.743078041076660156e+01 0.000000000000000000e+00 4.244015808105468750e+02
8.000000000000000000e+03 0.000000000000000000e+00 1.742860603332519531e+01 0.000000000000000000e+00 4.244053955078125000e+02 0.000000000000000000e+00 1.742860603332519531e+01 0.000000000000000000e+00 4.244053955078125000e+02
9.000000000000000000e+03 0.000000000000000000e+00 1.743683052062988281e+01 0.000000000000000000e+00 4.243974914550781250e+02 0.000000000000000000e+00 1.743683052062988281e+01 0.000000000000000000e+00 4.243974914550781250e+02
1.000000000000000000e+04 0.000000000000000000e+00 1.743116950988769531e+01 0.000000000000000000e+00 4.244011230468750000e+02 0.000000000000000000e+00 1.743116950988769531e+01 0.000000000000000000e+00 4.244011230468750000e+02
1.100000000000000000e+04 0.000000000000000000e+00 1.743148803710937500e+01 0.000000000000000000e+00 4.244008178710937500e+02 0.000000000000000000e+00 1.743148803710937500e+01 0.000000000000000000e+00 4.244008178710937500e+02
1.200000000000000000e+04 0.000000000000000000e+00 1.743149948120117188e+01 0.000000000000000000e+00 4.244008178710937500e+02 0.000000000000000000e+00 1.743149948120117188e+01 0.000000000000000000e+00 4.244008178710937500e+02
1.300000000000000000e+04 0.000000000000000000e+00 1.743146514892578125e+01 0.000000000000000000e+00 4.244008178710937500e+02 0.000000000000000000e+00 1.743146514892578125e+01 0.000000000000000000e+00 4.244008178710937500e+02
1.400000000000000000e+04 0.000000000000000000e+00 1.743144226074218750e+01 0.000000000000000000e+00 4.244008178710937500e+02 0.000000000000000000e+00 1.743144226074218750e+01 0.000000000000000000e+00 4.244008178710937500e+02
1.500000000000000000e+04 0.000000000000000000e+00 1.743148040771484375e+01 0.000000000000000000e+00 4.244008178710937500e+02 0.000000000000000000e+00 1.743148040771484375e+01 0.000000000000000000e+00 4.244008178710937500e+02
1.600000000000000000e+04 0.000000000000000000e+00 1.776537895202636719e+01 0.000000000000000000e+00 4.245339965820312500e+02 0.000000000000000000e+00 1.776537895202636719e+01 0.000000000000000000e+00 4.245339965820312500e+02
1.700000000000000000e+04 0.000000000000000000e+00 1.747328376770019531e+01 0.000000000000000000e+00 4.244893493652343750e+02 0.000000000000000000e+00 1.747328376770019531e+01 0.000000000000000000e+00 4.244893493652343750e+02
1.800000000000000000e+04 0.000000000000000000e+00 1.750537109375000000e+01 0.000000000000000000e+00 4.244086303710937500e+02 0.000000000000000000e+00 1.750537109375000000e+01 0.000000000000000000e+00 4.244086303710937500e+02
1.900000000000000000e+04 0.000000000000000000e+00 1.743101119995117188e+01 0.000000000000000000e+00 4.244013061523437500e+02 0.000000000000000000e+00 1.743101119995117188e+01 0.000000000000000000e+00 4.244013061523437500e+02
2.000000000000000000e+04 0.000000000000000000e+00 1.743156242370605469e+01 0.000000000000000000e+00 4.244007568359375000e+02 0.000000000000000000e+00 1.743156242370605469e+01 0.000000000000000000e+00 4.244007568359375000e+02
