# step, loss_train, loss_test, metrics_test
0.000000000000000000e+00 1.437015234375000000e+04 1.577008666992187500e+02 1.851412695312500000e+04 6.846891479492187500e+02 1.437015234375000000e+04 1.577008666992187500e+02 1.851412695312500000e+04 6.846891479492187500e+02
1.000000000000000000e+03 2.649158668518066406e+01 4.395925140380859375e+01 3.742446136474609375e+01 4.026824340820312500e+02 2.649158668518066406e+01 4.395925140380859375e+01 3.742446136474609375e+01 4.026824340820312500e+02
2.000000000000000000e+03 7.256977558135986328e+00 4.109394836425781250e+01 9.689023017883300781e+00 4.025533447265625000e+02 7.256977558135986328e+00 4.109394836425781250e+01 9.689023017883300781e+00 4.025533447265625000e+02
3.000000000000000000e+03 5.285699844360351562e+00 3.335293197631835938e+01 2.913917350769042969e+01 3.955247192382812500e+02 5.285699844360351562e+00 3.335293197631835938e+01 2.913917350769042969e+01 3.955247192382812500e+02
4.000000000000000000e+03 9.031687736511230469e+00 3.554011154174804688e+01 9.443971633911132812e+00 3.826919250488281250e+02 9.031687736511230469e+00 3.554011154174804688e+01 9.443971633911132812e+00 3.826919250488281250e+02
5.000000000000000000e+03 1.321438980102539062e+01 2.034528160095214844e+01 1.264904499053955078e+01 3.904956970214843750e+02 1.321438980102539062e+01 2.034528160095214844e+01 1.264904499053955078e+01 3.904956970214843750e+02
6.000000000000000000e+03 1.079455188429667700e-11 1.642503356933593750e+01 1.914295410156250000e+03 4.299121093750000000e+02 1.079455188429667700e-11 1.642503356933593750e+01 1.914295410156250000e+03 4.299121093750000000e+02
7.000000000000000000e+03 7.566812302607639484e-13 1.628190994262695312e+01 1.914675048828125000e+03 4.297565002441406250e+02 7.566812302607639484e-13 1.628190994262695312e+01 1.914675048828125000e+03 4.297565002441406250e+02
8.000000000000000000e+03 1.657363075989806700e-13 1.716384315490722656e+01 1.914743286132812500e+03 4.307168273925781250e+02 1.657363075989806700e-13 1.716384315490722656e+01 1.914743286132812500e+03 4.307168273925781250e+02
9.000000000000000000e+03 4.970807429950999112e-14 1.642522048950195312e+01 1.914294921875000000e+03 4.299123229980468750e+02 4.970807429950999112e-14 1.642522048950195312e+01 1.914294921875000000e+03 4.299123229980468750e+02
1.000000000000000000e+04 1.653985820103832244e-14 1.642736244201660156e+01 1.914290527343750000e+03 4.299146423339843750e+02 1.653985820103832244e-14 1.642736244201660156e+01 1.914290527343750000e+03 4.299146423339843750e+02
1.100000000000000000e+04 6.035014034463850180e-15 1.642486381530761719e+01 1.914295776367187500e+03 4.299118957519531250e+02 6.035014034463850180e-15 1.642486381530761719e+01 1.914295776367187500e+03 4.299118957519531250e+02
1.200000000000000000e+04 2.341812741581171878e-15 1.670572090148925781e+01 1.914008422851562500e+03 4.302174682617187500e+02 2.341812741581171878e-15 1.670572090148925781e+01 1.914008422851562500e+03 4.302174682617187500e+02
1.300000000000000000e+04 9.340094666519241015e-16 1.634637069702148438e+01 1.914483886718750000e+03 4.298265991210937500e+02 9.340094666519241015e-16 1.634637069702148438e+01 1.914483886718750000e+03 4.298265991210937500e+02
1.400000000000000000e+04 3.808592591287131637e-16 1.672226715087890625e+01 1.914009521484375000e+03 4.302355041503906250e+02 3.808592591287131637e-16 1.672226715087890625e+01 1.914009521484375000e+03 4.302355041503906250e+02
1.500000000000000000e+04 1.643062202636377009e-16 1.119985389709472656e+01 2.248421630859375000e+03 4.244533691406250000e+02 1.643062202636377009e-16 1.119985389709472656e+01 2.248421630859375000e+03 4.244533691406250000e+02
1.600000000000000000e+04 6.670894664629437878e-17 1.794090270996093750e+01 1.918998657226562500e+03 4.315657348632812500e+02 6.670894664629437878e-17 1.794090270996093750e+01 1.918998657226562500e+03 4.315657348632812500e+02
1.700000000000000000e+04 2.879769414727017011e-17 1.633910751342773438e+01 1.914503784179687500e+03 4.298186645507812500e+02 2.879769414727017011e-17 1.633910751342773438e+01 1.914503784179687500e+03 4.298186645507812500e+02
1.800000000000000000e+04 1.226542750549139394e-17 1.636704254150390625e+01 1.914429687500000000e+03 4.298490600585937500e+02 1.226542750549139394e-17 1.636704254150390625e+01 1.914429687500000000e+03 4.298490600585937500e+02
1.900000000000000000e+04 5.275779867149443166e-18 1.544708061218261719e+01 1.920448974609375000e+03 4.288516235351562500e+02 5.275779867149443166e-18 1.544708061218261719e+01 1.920448974609375000e+03 4.288516235351562500e+02
2.000000000000000000e+04 2.265890475292527115e-18 1.641818809509277344e+01 1.914309692382812500e+03 4.299046936035156250e+02 2.265890475292527115e-18 1.641818809509277344e+01 1.914309692382812500e+03 4.299046936035156250e+02
