# step, loss_train, loss_test, metrics_test
0.000000000000000000e+00 2.461620569229125977e+00 2.144377517700195312e+01 7.775630859375000000e+03 1.110860366821289062e+02 2.461620569229125977e+00 2.144377517700195312e+01 7.775630859375000000e+03 1.110860366821289062e+02
1.000000000000000000e+03 1.493499875068664551e+00 2.427255821228027344e+01 1.024133086204528809e+00 1.043514328002929688e+02 1.493499875068664551e+00 2.427255821228027344e+01 1.024133086204528809e+00 1.043514328002929688e+02
2.000000000000000000e+03 4.909108281135559082e-01 1.992168235778808594e+01 5.163135528564453125e-01 1.023740234375000000e+02 4.909108281135559082e-01 1.992168235778808594e+01 5.163135528564453125e-01 1.023740234375000000e+02
3.000000000000000000e+03 6.386066675186157227e-01 1.126899051666259766e+01 2.463400363922119141e-01 1.007630462646484375e+02 6.386066675186157227e-01 1.126899051666259766e+01 2.463400363922119141e-01 1.007630462646484375e+02
4.000000000000000000e+03 6.187468171119689941e-01 4.785759925842285156e+00 1.496642976999282837e-01 1.003859329223632812e+02 6.187468171119689941e-01 4.785759925842285156e+00 1.496642976999282837e-01 1.003859329223632812e+02
5.000000000000000000e+03 3.939087688922882080e-01 3.747424364089965820e+00 3.043777644634246826e-01 9.958989715576171875e+01 3.939087688922882080e-01 3.747424364089965820e+00 3.043777644634246826e-01 9.958989715576171875e+01
6.000000000000000000e+03 3.455192446708679199e-01 3.614887237548828125e+00 8.881809562444686890e-02 9.837878417968750000e+01 3.455192446708679199e-01 3.614887237548828125e+00 8.881809562444686890e-02 9.837878417968750000e+01
7.000000000000000000e+03 3.927516341209411621e-01 3.655699253082275391e+00 8.823065459728240967e-02 9.627626037597656250e+01 3.927516341209411621e-01 3.655699253082275391e+00 8.823065459728240967e-02 9.627626037597656250e+01
8.000000000000000000e+03 5.972238779067993164e-01 3.956929206848144531e+00 1.645619124174118042e-01 9.235225677490234375e+01 5.972238779067993164e-01 3.956929206848144531e+00 1.645619124174118042e-01 9.235225677490234375e+01
9.000000000000000000e+03 1.008035421371459961e+00 4.375936985015869141e+00 2.002511471509933472e-01 8.657549285888671875e+01 1.008035421371459961e+00 4.375936985015869141e+00 2.002511471509933472e-01 8.657549285888671875e+01
1.000000000000000000e+04 2.080913543701171875e+00 5.107023239135742188e+00 1.836573183536529541e-01 7.733010864257812500e+01 2.080913543701171875e+00 5.107023239135742188e+00 1.836573183536529541e-01 7.733010864257812500e+01
1.100000000000000000e+04 3.687908172607421875e+00 3.892298460006713867e+00 1.974546909332275391e-01 6.152224731445312500e+01 3.687908172607421875e+00 3.892298460006713867e+00 1.974546909332275391e-01 6.152224731445312500e+01
1.200000000000000000e+04 5.405933856964111328e+00 2.469112157821655273e+00 3.414630889892578125e-01 4.191262817382812500e+01 5.405933856964111328e+00 2.469112157821655273e+00 3.414630889892578125e-01 4.191262817382812500e+01
1.300000000000000000e+04 6.746173858642578125e+00 1.377915620803833008e+00 3.141499459743499756e-01 2.564313316345214844e+01 6.746173858642578125e+00 1.377915620803833008e+00 3.141499459743499756e-01 2.564313316345214844e+01
1.400000000000000000e+04 6.240740776062011719e+00 7.963181734085083008e-01 1.291128754615783691e+00 1.397263336181640625e+01 6.240740776062011719e+00 7.963181734085083008e-01 1.291128754615783691e+00 1.397263336181640625e+01
1.500000000000000000e+04 4.574019432067871094e+00 5.358109474182128906e-01 1.866698116064071655e-01 7.160432338714599609e+00 4.574019432067871094e+00 5.358109474182128906e-01 1.866698116064071655e-01 7.160432338714599609e+00
1.600000000000000000e+04 3.362945079803466797e+00 3.831480741500854492e-01 1.327665746212005615e-01 4.059608936309814453e+00 3.362945079803466797e+00 3.831480741500854492e-01 1.327665746212005615e-01 4.059608936309814453e+00
1.700000000000000000e+04 2.561347961425781250e+00 3.067679703235626221e-01 9.224380552768707275e-02 2.882718086242675781e+00 2.561347961425781250e+00 3.067679703235626221e-01 9.224380552768707275e-02 2.882718086242675781e+00
1.800000000000000000e+04 1.992525339126586914e+00 2.625598311424255371e-01 6.229612603783607483e-02 2.374984264373779297e+00 1.992525339126586914e+00 2.625598311424255371e-01 6.229612603783607483e-02 2.374984264373779297e+00
1.900000000000000000e+04 1.595676064491271973e+00 2.327829897403717041e-01 2.776504993438720703e+00 2.124239206314086914e+00 1.595676064491271973e+00 2.327829897403717041e-01 2.776504993438720703e+00 2.124239206314086914e+00
2.000000000000000000e+04 1.295199513435363770e+00 2.106446623802185059e-01 3.034413233399391174e-02 1.976733922958374023e+00 1.295199513435363770e+00 2.106446623802185059e-01 3.034413233399391174e-02 1.976733922958374023e+00
