# step, loss_train, loss_test, metrics_test
0.000000000000000000e+00 1.131643676757812500e+03 2.657874679565429688e+01 8.259340820312500000e+03 3.147685852050781250e+02 1.131643676757812500e+03 2.657874679565429688e+01 8.259340820312500000e+03 3.147685852050781250e+02
1.000000000000000000e+03 1.343967914581298828e+01 1.452041339874267578e+01 3.217422723770141602e+00 2.308553314208984375e+02 1.343967914581298828e+01 1.452041339874267578e+01 3.217422723770141602e+00 2.308553314208984375e+02
2.000000000000000000e+03 2.148682022094726562e+01 2.306338787078857422e+00 9.590215682983398438e+00 5.748164367675781250e+01 2.148682022094726562e+01 2.306338787078857422e+00 9.590215682983398438e+00 5.748164367675781250e+01
3.000000000000000000e+03 1.053299713134765625e+01 5.403627157211303711e-01 1.060381126403808594e+01 1.880246543884277344e+01 1.053299713134765625e+01 5.403627157211303711e-01 1.060381126403808594e+01 1.880246543884277344e+01
4.000000000000000000e+03 1.409037470817565918e+00 8.767727017402648926e-01 1.421228885650634766e+00 3.055712938308715820e+00 1.409037470817565918e+00 8.767727017402648926e-01 1.421228885650634766e+00 3.055712938308715820e+00
5.000000000000000000e+03 1.091822862625122070e+00 1.065408885478973389e-01 2.934566259384155273e+00 2.455844163894653320e+00 1.091822862625122070e+00 1.065408885478973389e-01 2.934566259384155273e+00 2.455844163894653320e+00
6.000000000000000000e+03 3.457909584045410156e+00 1.406246721744537354e-01 1.948828339576721191e+00 1.356790184974670410e+00 3.457909584045410156e+00 1.406246721744537354e-01 1.948828339576721191e+00 1.356790184974670410e+00
7.000000000000000000e+03 9.159927368164062500e+00 3.346112728118896484e+00 1.922292785644531250e+02 2.677095031738281250e+01 9.159927368164062500e+00 3.346112728118896484e+00 1.922292785644531250e+02 2.677095031738281250e+01
8.000000000000000000e+03 2.775939702987670898e-01 1.210477203130722046e-02 7.085483074188232422e-01 2.221844434738159180e+00 2.775939702987670898e-01 1.210477203130722046e-02 7.085483074188232422e-01 2.221844434738159180e+00
9.000000000000000000e+03 4.263789653778076172e-01 7.133307866752147675e-03 7.903788685798645020e-01 1.225512981414794922e+00 4.263789653778076172e-01 7.133307866752147675e-03 7.903788685798645020e-01 1.225512981414794922e+00
1.000000000000000000e+04 1.171268373727798462e-01 6.940208375453948975e-03 4.187214076519012451e-01 1.720649957656860352e+00 1.171268373727798462e-01 6.940208375453948975e-03 4.187214076519012451e-01 1.720649957656860352e+00
1.100000000000000000e+04 2.236724197864532471e-01 4.004933685064315796e-02 6.193187832832336426e-01 1.956106185913085938e+00 2.236724197864532471e-01 4.004933685064315796e-02 6.193187832832336426e-01 1.956106185913085938e+00
1.200000000000000000e+04 9.623444080352783203e-02 5.816667340695858002e-03 4.488373696804046631e-01 1.762297511100769043e+00 9.623444080352783203e-02 5.816667340695858002e-03 4.488373696804046631e-01 1.762297511100769043e+00
1.300000000000000000e+04 3.877020776271820068e-01 2.883758209645748138e-02 2.388632297515869141e-01 8.864461183547973633e-01 3.877020776271820068e-01 2.883758209645748138e-02 2.388632297515869141e-01 8.864461183547973633e-01
1.400000000000000000e+04 2.373413890600204468e-01 7.213741191662847996e-04 3.041468560695648193e-01 5.856272578239440918e-01 2.373413890600204468e-01 7.213741191662847996e-04 3.041468560695648193e-01 5.856272578239440918e-01
1.500000000000000000e+04 1.801305711269378662e-01 6.238272413611412048e-02 5.405451059341430664e-01 1.720424056053161621e+00 1.801305711269378662e-01 6.238272413611412048e-02 5.405451059341430664e-01 1.720424056053161621e+00
1.600000000000000000e+04 6.461070477962493896e-02 3.838372882455587387e-03 6.142070293426513672e-01 6.923890709877014160e-01 6.461070477962493896e-02 3.838372882455587387e-03 6.142070293426513672e-01 6.923890709877014160e-01
1.700000000000000000e+04 2.477187663316726685e-01 1.112585072405636311e-03 8.975163698196411133e-01 6.502078175544738770e-01 2.477187663316726685e-01 1.112585072405636311e-03 8.975163698196411133e-01 6.502078175544738770e-01
1.800000000000000000e+04 3.283218443393707275e-01 8.915642392821609974e-04 8.541724830865859985e-02 4.350738525390625000e-01 3.283218443393707275e-01 8.915642392821609974e-04 8.541724830865859985e-02 4.350738525390625000e-01
1.900000000000000000e+04 5.781557783484458923e-02 5.155262537300586700e-03 1.563431173563003540e-01 8.225471973419189453e-01 5.781557783484458923e-02 5.155262537300586700e-03 1.563431173563003540e-01 8.225471973419189453e-01
2.000000000000000000e+04 3.903174400329589844e-01 8.761519566178321838e-04 9.690684080123901367e-01 8.255285024642944336e-01 3.903174400329589844e-01 8.761519566178321838e-04 9.690684080123901367e-01 8.255285024642944336e-01
