# step, loss_train, loss_test, metrics_test
0.000000000000000000e+00 8.120049238204956055e-01 3.905957794189453125e+01 5.151715820312500000e+03 4.428199462890625000e+02 8.120049238204956055e-01 3.905957794189453125e+01 5.151715820312500000e+03 4.428199462890625000e+02
1.000000000000000000e+03 2.894585609436035156e+00 3.289860534667968750e+01 4.548161621093750000e+03 4.378070068359375000e+02 2.894585609436035156e+00 3.289860534667968750e+01 4.548161621093750000e+03 4.378070068359375000e+02
2.000000000000000000e+03 1.773385429382324219e+01 2.644690322875976562e+01 3.820343505859375000e+03 4.324828796386718750e+02 1.773385429382324219e+01 2.644690322875976562e+01 3.820343505859375000e+03 4.324828796386718750e+02
3.000000000000000000e+03 6.687274169921875000e+01 2.058896636962890625e+01 2.982909179687500000e+03 4.273494262695312500e+02 6.687274169921875000e+01 2.058896636962890625e+01 2.982909179687500000e+03 4.273494262695312500e+02
4.000000000000000000e+03 1.291997375488281250e+02 1.718321990966796875e+01 2.186088867187500000e+03 4.239481506347656250e+02 1.291997375488281250e+02 1.718321990966796875e+01 2.186088867187500000e+03 4.239481506347656250e+02
5.000000000000000000e+03 1.270465545654296875e+02 1.760285377502441406e+01 1.618301757812500000e+03 4.238139953613281250e+02 1.270465545654296875e+02 1.760285377502441406e+01 1.618301757812500000e+03 4.238139953613281250e+02
6.000000000000000000e+03 8.140385437011718750e+01 2.060027503967285156e+01 1.324745483398437500e+03 4.267860717773437500e+02 8.140385437011718750e+01 2.060027503967285156e+01 1.324745483398437500e+03 4.267860717773437500e+02
7.000000000000000000e+03 3.753451156616210938e+01 2.290163993835449219e+01 1.200720458984375000e+03 4.298543701171875000e+02 3.753451156616210938e+01 2.290163993835449219e+01 1.200720458984375000e+03 4.298543701171875000e+02
8.000000000000000000e+03 2.078196334838867188e+01 2.403158950805664062e+01 1.121360839843750000e+03 4.317158508300781250e+02 2.078196334838867188e+01 2.403158950805664062e+01 1.121360839843750000e+03 4.317158508300781250e+02
9.000000000000000000e+03 1.748105812072753906e+01 2.490577697753906250e+01 1.068521728515625000e+03 4.329215698242187500e+02 1.748105812072753906e+01 2.490577697753906250e+01 1.068521728515625000e+03 4.329215698242187500e+02
1.000000000000000000e+04 1.552567100524902344e+01 2.555084609985351562e+01 1.032718872070312500e+03 4.336219177246093750e+02 1.552567100524902344e+01 2.555084609985351562e+01 1.032718872070312500e+03 4.336219177246093750e+02
1.100000000000000000e+04 1.362799263000488281e+01 2.598148345947265625e+01 1.001369262695312500e+03 4.337520141601562500e+02 1.362799263000488281e+01 2.598148345947265625e+01 1.001369262695312500e+03 4.337520141601562500e+02
1.200000000000000000e+04 1.241013431549072266e+01 2.637504959106445312e+01 9.624130249023437500e+02 4.335455627441406250e+02 1.241013431549072266e+01 2.637504959106445312e+01 9.624130249023437500e+02 4.335455627441406250e+02
1.300000000000000000e+04 1.285291957855224609e+01 2.682436943054199219e+01 9.011177368164062500e+02 4.332181701660156250e+02 1.285291957855224609e+01 2.682436943054199219e+01 9.011177368164062500e+02 4.332181701660156250e+02
1.400000000000000000e+04 1.583220767974853516e+01 2.747933197021484375e+01 7.968231811523437500e+02 4.329726867675781250e+02 1.583220767974853516e+01 2.747933197021484375e+01 7.968231811523437500e+02 4.329726867675781250e+02
1.500000000000000000e+04 2.054034042358398438e+01 2.923562812805175781e+01 6.679913940429687500e+02 4.331762390136718750e+02 2.054034042358398438e+01 2.923562812805175781e+01 6.679913940429687500e+02 4.331762390136718750e+02
1.600000000000000000e+04 1.876738929748535156e+01 3.152471542358398438e+01 5.884667968750000000e+02 4.341347351074218750e+02 1.876738929748535156e+01 3.152471542358398438e+01 5.884667968750000000e+02 4.341347351074218750e+02
1.700000000000000000e+04 1.274395179748535156e+01 3.228898239135742188e+01 5.453110961914062500e+02 4.335639648437500000e+02 1.274395179748535156e+01 3.228898239135742188e+01 5.453110961914062500e+02 4.335639648437500000e+02
1.800000000000000000e+04 9.180710792541503906e+00 3.193526458740234375e+01 4.997421875000000000e+02 4.312820434570312500e+02 9.180710792541503906e+00 3.193526458740234375e+01 4.997421875000000000e+02 4.312820434570312500e+02
1.900000000000000000e+04 7.719469070434570312e+00 3.160904884338378906e+01 4.356754455566406250e+02 4.277708435058593750e+02 7.719469070434570312e+00 3.160904884338378906e+01 4.356754455566406250e+02 4.277708435058593750e+02
2.000000000000000000e+04 7.285313606262207031e+00 3.145431709289550781e+01 3.423385620117187500e+02 4.225851440429687500e+02 7.285313606262207031e+00 3.145431709289550781e+01 3.423385620117187500e+02 4.225851440429687500e+02
