# step, loss_train, loss_test, metrics_test
0.000000000000000000e+00 7.345835113525390625e+01 2.458122444152832031e+01 5.334616699218750000e+03 2.995366821289062500e+02 7.345835113525390625e+01 2.458122444152832031e+01 5.334616699218750000e+03 2.995366821289062500e+02
1.000000000000000000e+03 2.429077529907226562e+01 1.949888038635253906e+01 4.399421875000000000e+03 2.943184814453125000e+02 2.429077529907226562e+01 1.949888038635253906e+01 4.399421875000000000e+03 2.943184814453125000e+02
2.000000000000000000e+03 2.539477348327636719e+01 1.504914760589599609e+01 3.461269531250000000e+03 2.892004089355468750e+02 2.539477348327636719e+01 1.504914760589599609e+01 3.461269531250000000e+03 2.892004089355468750e+02
3.000000000000000000e+03 2.108003997802734375e+01 1.196798419952392578e+01 2.415402343750000000e+03 2.844951782226562500e+02 2.108003997802734375e+01 1.196798419952392578e+01 2.415402343750000000e+03 2.844951782226562500e+02
4.000000000000000000e+03 3.551465606689453125e+01 1.155887126922607422e+01 1.536850708007812500e+03 2.820339965820312500e+02 3.551465606689453125e+01 1.155887126922607422e+01 1.536850708007812500e+03 2.820339965820312500e+02
5.000000000000000000e+03 5.545960617065429688e+01 1.335885715484619141e+01 1.081249511718750000e+03 2.821962890625000000e+02 5.545960617065429688e+01 1.335885715484619141e+01 1.081249511718750000e+03 2.821962890625000000e+02
6.000000000000000000e+03 4.434076690673828125e+01 1.574689483642578125e+01 8.827394409179687500e+02 2.832131042480468750e+02 4.434076690673828125e+01 1.574689483642578125e+01 8.827394409179687500e+02 2.832131042480468750e+02
7.000000000000000000e+03 3.584228515625000000e+01 1.769297981262207031e+01 7.519311523437500000e+02 2.833176269531250000e+02 3.584228515625000000e+01 1.769297981262207031e+01 7.519311523437500000e+02 2.833176269531250000e+02
8.000000000000000000e+03 3.182368087768554688e+01 1.943889236450195312e+01 6.189109497070312500e+02 2.818270568847656250e+02 3.182368087768554688e+01 1.943889236450195312e+01 6.189109497070312500e+02 2.818270568847656250e+02
9.000000000000000000e+03 2.738732910156250000e+01 2.266997337341308594e+01 4.380906066894531250e+02 2.781626892089843750e+02 2.738732910156250000e+01 2.266997337341308594e+01 4.380906066894531250e+02 2.781626892089843750e+02
1.000000000000000000e+04 2.071655464172363281e+01 2.998668479919433594e+01 2.384527282714843750e+02 2.741049804687500000e+02 2.071655464172363281e+01 2.998668479919433594e+01 2.384527282714843750e+02 2.741049804687500000e+02
1.100000000000000000e+04 1.263682842254638672e+01 3.644111633300781250e+01 1.142685317993164062e+02 2.711592102050781250e+02 1.263682842254638672e+01 3.644111633300781250e+01 1.142685317993164062e+02 2.711592102050781250e+02
1.200000000000000000e+04 7.291009902954101562e+00 3.958131790161132812e+01 4.221948623657226562e+01 2.679227294921875000e+02 7.291009902954101562e+00 3.958131790161132812e+01 4.221948623657226562e+01 2.679227294921875000e+02
1.300000000000000000e+04 4.085663795471191406e+00 4.051528167724609375e+01 1.333923912048339844e+01 2.655850219726562500e+02 4.085663795471191406e+00 4.051528167724609375e+01 1.333923912048339844e+01 2.655850219726562500e+02
1.400000000000000000e+04 2.285381555557250977e+00 3.896747589111328125e+01 6.651731967926025391e+00 2.647888183593750000e+02 2.285381555557250977e+00 3.896747589111328125e+01 6.651731967926025391e+00 2.647888183593750000e+02
1.500000000000000000e+04 1.532015085220336914e+00 3.597845840454101562e+01 4.335893630981445312e+00 2.648570556640625000e+02 1.532015085220336914e+00 3.597845840454101562e+01 4.335893630981445312e+00 2.648570556640625000e+02
1.600000000000000000e+04 1.205824375152587891e+00 3.266852188110351562e+01 3.144242048263549805e+00 2.650436401367187500e+02 1.205824375152587891e+00 3.266852188110351562e+01 3.144242048263549805e+00 2.650436401367187500e+02
1.700000000000000000e+04 1.047575712203979492e+00 2.973553466796875000e+01 2.812370538711547852e+00 2.650816345214843750e+02 1.047575712203979492e+00 2.973553466796875000e+01 2.812370538711547852e+00 2.650816345214843750e+02
1.800000000000000000e+04 1.006246328353881836e+00 2.751033401489257812e+01 2.829649448394775391e+00 2.649520874023437500e+02 1.006246328353881836e+00 2.751033401489257812e+01 2.829649448394775391e+00 2.649520874023437500e+02
1.900000000000000000e+04 1.015560746192932129e+00 2.581837844848632812e+01 2.782800197601318359e+00 2.647032470703125000e+02 1.015560746192932129e+00 2.581837844848632812e+01 2.782800197601318359e+00 2.647032470703125000e+02
2.000000000000000000e+04 1.018941760063171387e+00 2.428553009033203125e+01 2.582827091217041016e+00 2.643593139648437500e+02 1.018941760063171387e+00 2.428553009033203125e+01 2.582827091217041016e+00 2.643593139648437500e+02
