# step, loss_train, loss_test, metrics_test
0.000000000000000000e+00 0.000000000000000000e+00 2.310169601440429688e+01 6.949871582031250000e+03 4.266667480468750000e+02 0.000000000000000000e+00 2.310169601440429688e+01 6.949871582031250000e+03 4.266667480468750000e+02
1.000000000000000000e+03 0.000000000000000000e+00 1.464154529571533203e+01 2.596708251953125000e+03 4.158292236328125000e+02 0.000000000000000000e+00 1.464154529571533203e+01 2.596708251953125000e+03 4.158292236328125000e+02
2.000000000000000000e+03 0.000000000000000000e+00 1.464154529571533203e+01 2.596708251953125000e+03 4.158292236328125000e+02 0.000000000000000000e+00 1.464154529571533203e+01 2.596708251953125000e+03 4.158292236328125000e+02
3.000000000000000000e+03 0.000000000000000000e+00 1.464154529571533203e+01 2.596708251953125000e+03 4.158292236328125000e+02 0.000000000000000000e+00 1.464154529571533203e+01 2.596708251953125000e+03 4.158292236328125000e+02
4.000000000000000000e+03 0.000000000000000000e+00 1.464154529571533203e+01 2.596708251953125000e+03 4.158292236328125000e+02 0.000000000000000000e+00 1.464154529571533203e+01 2.596708251953125000e+03 4.158292236328125000e+02
5.000000000000000000e+03 0.000000000000000000e+00 1.464154529571533203e+01 2.596708251953125000e+03 4.158292236328125000e+02 0.000000000000000000e+00 1.464154529571533203e+01 2.596708251953125000e+03 4.158292236328125000e+02
6.000000000000000000e+03 0.000000000000000000e+00 1.464148330688476562e+01 2.596708251953125000e+03 4.158291625976562500e+02 0.000000000000000000e+00 1.464148330688476562e+01 2.596708251953125000e+03 4.158291625976562500e+02
7.000000000000000000e+03 0.000000000000000000e+00 1.464154529571533203e+01 2.596708251953125000e+03 4.158292236328125000e+02 0.000000000000000000e+00 1.464154529571533203e+01 2.596708251953125000e+03 4.158292236328125000e+02
8.000000000000000000e+03 0.000000000000000000e+00 1.464154529571533203e+01 2.596708251953125000e+03 4.158292236328125000e+02 0.000000000000000000e+00 1.464154529571533203e+01 2.596708251953125000e+03 4.158292236328125000e+02
9.000000000000000000e+03 0.000000000000000000e+00 1.464154529571533203e+01 2.596708251953125000e+03 4.158292236328125000e+02 0.000000000000000000e+00 1.464154529571533203e+01 2.596708251953125000e+03 4.158292236328125000e+02
1.000000000000000000e+04 0.000000000000000000e+00 1.464154529571533203e+01 2.596708251953125000e+03 4.158292236328125000e+02 0.000000000000000000e+00 1.464154529571533203e+01 2.596708251953125000e+03 4.158292236328125000e+02
1.100000000000000000e+04 0.000000000000000000e+00 1.464154529571533203e+01 2.596708251953125000e+03 4.158292236328125000e+02 0.000000000000000000e+00 1.464154529571533203e+01 2.596708251953125000e+03 4.158292236328125000e+02
1.200000000000000000e+04 0.000000000000000000e+00 1.464154529571533203e+01 2.596708251953125000e+03 4.158292236328125000e+02 0.000000000000000000e+00 1.464154529571533203e+01 2.596708251953125000e+03 4.158292236328125000e+02
1.300000000000000000e+04 0.000000000000000000e+00 1.464154529571533203e+01 2.596708251953125000e+03 4.158292236328125000e+02 0.000000000000000000e+00 1.464154529571533203e+01 2.596708251953125000e+03 4.158292236328125000e+02
1.400000000000000000e+04 0.000000000000000000e+00 1.464154529571533203e+01 2.596708251953125000e+03 4.158292236328125000e+02 0.000000000000000000e+00 1.464154529571533203e+01 2.596708251953125000e+03 4.158292236328125000e+02
1.500000000000000000e+04 0.000000000000000000e+00 1.464154529571533203e+01 2.596708251953125000e+03 4.158292236328125000e+02 0.000000000000000000e+00 1.464154529571533203e+01 2.596708251953125000e+03 4.158292236328125000e+02
1.600000000000000000e+04 0.000000000000000000e+00 1.464154529571533203e+01 2.596708251953125000e+03 4.158292236328125000e+02 0.000000000000000000e+00 1.464154529571533203e+01 2.596708251953125000e+03 4.158292236328125000e+02
1.700000000000000000e+04 0.000000000000000000e+00 1.464154529571533203e+01 2.596708251953125000e+03 4.158292236328125000e+02 0.000000000000000000e+00 1.464154529571533203e+01 2.596708251953125000e+03 4.158292236328125000e+02
1.800000000000000000e+04 0.000000000000000000e+00 1.464154529571533203e+01 2.596708251953125000e+03 4.158292236328125000e+02 0.000000000000000000e+00 1.464154529571533203e+01 2.596708251953125000e+03 4.158292236328125000e+02
1.900000000000000000e+04 0.000000000000000000e+00 1.464154529571533203e+01 2.596708251953125000e+03 4.158292236328125000e+02 0.000000000000000000e+00 1.464154529571533203e+01 2.596708251953125000e+03 4.158292236328125000e+02
2.000000000000000000e+04 0.000000000000000000e+00 1.464154529571533203e+01 2.596708251953125000e+03 4.158292236328125000e+02 0.000000000000000000e+00 1.464154529571533203e+01 2.596708251953125000e+03 4.158292236328125000e+02
