# step, loss_train, loss_test, metrics_test
0.000000000000000000e+00 0.000000000000000000e+00 1.039142379760742188e+02 1.468525195312500000e+04 4.938974914550781250e+02 0.000000000000000000e+00 1.039142379760742188e+02 1.468525195312500000e+04 4.938974914550781250e+02
1.000000000000000000e+03 0.000000000000000000e+00 2.816687011718750000e+01 1.146554077148437500e+03 4.166257324218750000e+02 0.000000000000000000e+00 2.816687011718750000e+01 1.146554077148437500e+03 4.166257324218750000e+02
2.000000000000000000e+03 0.000000000000000000e+00 2.860451126098632812e+01 1.114811401367187500e+03 4.169578552246093750e+02 0.000000000000000000e+00 2.860451126098632812e+01 1.114811401367187500e+03 4.169578552246093750e+02
3.000000000000000000e+03 0.000000000000000000e+00 2.870101356506347656e+01 1.114095214843750000e+03 4.165681457519531250e+02 0.000000000000000000e+00 2.870101356506347656e+01 1.114095214843750000e+03 4.165681457519531250e+02
4.000000000000000000e+03 0.000000000000000000e+00 2.870362854003906250e+01 1.114084472656250000e+03 4.172707519531250000e+02 0.000000000000000000e+00 2.870362854003906250e+01 1.114084472656250000e+03 4.172707519531250000e+02
5.000000000000000000e+03 0.000000000000000000e+00 3.023198127746582031e+01 1.114297485351562500e+03 4.095287170410156250e+02 0.000000000000000000e+00 3.023198127746582031e+01 1.114297485351562500e+03 4.095287170410156250e+02
6.000000000000000000e+03 0.000000000000000000e+00 2.973101234436035156e+01 1.465980346679687500e+03 4.385234375000000000e+02 0.000000000000000000e+00 2.973101234436035156e+01 1.465980346679687500e+03 4.385234375000000000e+02
7.000000000000000000e+03 0.000000000000000000e+00 1.648075103759765625e+01 1.354814453125000000e+03 4.303233032226562500e+02 0.000000000000000000e+00 1.648075103759765625e+01 1.354814453125000000e+03 4.303233032226562500e+02
8.000000000000000000e+03 0.000000000000000000e+00 1.537055492401123047e+01 1.368091796875000000e+03 4.280007019042968750e+02 0.000000000000000000e+00 1.537055492401123047e+01 1.368091796875000000e+03 4.280007019042968750e+02
9.000000000000000000e+03 0.000000000000000000e+00 1.681826591491699219e+01 1.354604980468750000e+03 4.285204467773437500e+02 0.000000000000000000e+00 1.681826591491699219e+01 1.354604980468750000e+03 4.285204467773437500e+02
1.000000000000000000e+04 0.000000000000000000e+00 1.654555511474609375e+01 1.354660644531250000e+03 4.277361145019531250e+02 0.000000000000000000e+00 1.654555511474609375e+01 1.354660644531250000e+03 4.277361145019531250e+02
1.100000000000000000e+04 0.000000000000000000e+00 1.654721069335937500e+01 1.354656860351562500e+03 4.273964233398437500e+02 0.000000000000000000e+00 1.654721069335937500e+01 1.354656860351562500e+03 4.273964233398437500e+02
1.200000000000000000e+04 0.000000000000000000e+00 1.655467414855957031e+01 1.354642333984375000e+03 4.271841430664062500e+02 0.000000000000000000e+00 1.655467414855957031e+01 1.354642333984375000e+03 4.271841430664062500e+02
1.300000000000000000e+04 0.000000000000000000e+00 1.651906776428222656e+01 1.354719238281250000e+03 4.349237060546875000e+02 0.000000000000000000e+00 1.651906776428222656e+01 1.354719238281250000e+03 4.349237060546875000e+02
1.400000000000000000e+04 0.000000000000000000e+00 1.659557151794433594e+01 1.354590576171875000e+03 4.350035400390625000e+02 0.000000000000000000e+00 1.659557151794433594e+01 1.354590576171875000e+03 4.350035400390625000e+02
1.500000000000000000e+04 0.000000000000000000e+00 1.653004837036132812e+01 1.354696655273437500e+03 4.349343261718750000e+02 0.000000000000000000e+00 1.653004837036132812e+01 1.354696655273437500e+03 4.349343261718750000e+02
1.600000000000000000e+04 0.000000000000000000e+00 1.650552940368652344e+01 1.354750732421875000e+03 4.349084167480468750e+02 0.000000000000000000e+00 1.650552940368652344e+01 1.354750732421875000e+03 4.349084167480468750e+02
1.700000000000000000e+04 0.000000000000000000e+00 1.866589927673339844e+01 1.373341064453125000e+03 4.372029418945312500e+02 0.000000000000000000e+00 1.866589927673339844e+01 1.373341064453125000e+03 4.372029418945312500e+02
1.800000000000000000e+04 0.000000000000000000e+00 3.896369140625000000e+03 3.079168750000000000e+05 4.704953613281250000e+03 0.000000000000000000e+00 3.896369140625000000e+03 3.079168750000000000e+05 4.704953613281250000e+03
1.900000000000000000e+04 0.000000000000000000e+00 1.652955627441406250e+01 1.354697631835937500e+03 4.349337158203125000e+02 0.000000000000000000e+00 1.652955627441406250e+01 1.354697631835937500e+03 4.349337158203125000e+02
2.000000000000000000e+04 0.000000000000000000e+00 1.652968215942382812e+01 1.354697387695312500e+03 4.349338989257812500e+02 0.000000000000000000e+00 1.652968215942382812e+01 1.354697387695312500e+03 4.349338989257812500e+02
