# step, loss_train, loss_test, metrics_test
0.000000000000000000e+00 2.212352812500000000e+05 2.967024841308593750e+02 3.063872265625000000e+04 1.646937103271484375e+02 2.212352812500000000e+05 2.967024841308593750e+02 3.063872265625000000e+04 1.646937103271484375e+02
1.000000000000000000e+03 1.419874145507812500e+03 3.528369140625000000e+01 1.777064361572265625e+02 1.139368133544921875e+02 1.419874145507812500e+03 3.528369140625000000e+01 1.777064361572265625e+02 1.139368133544921875e+02
2.000000000000000000e+03 5.901413574218750000e+02 3.565357208251953125e+01 4.820895767211914062e+01 1.144784774780273438e+02 5.901413574218750000e+02 3.565357208251953125e+01 4.820895767211914062e+01 1.144784774780273438e+02
3.000000000000000000e+03 3.184172668457031250e+02 3.135912322998046875e+01 2.506915855407714844e+01 1.136849594116210938e+02 3.184172668457031250e+02 3.135912322998046875e+01 2.506915855407714844e+01 1.136849594116210938e+02
4.000000000000000000e+03 2.095372924804687500e+02 2.958684539794921875e+01 1.273312568664550781e+01 1.122275772094726562e+02 2.095372924804687500e+02 2.958684539794921875e+01 1.273312568664550781e+01 1.122275772094726562e+02
5.000000000000000000e+03 1.242184066772460938e+02 2.452766036987304688e+01 6.455682277679443359e+00 1.103527450561523438e+02 1.242184066772460938e+02 2.452766036987304688e+01 6.455682277679443359e+00 1.103527450561523438e+02
6.000000000000000000e+03 8.886998748779296875e+01 1.846223258972167969e+01 3.766921520233154297e+00 1.083298034667968750e+02 8.886998748779296875e+01 1.846223258972167969e+01 3.766921520233154297e+00 1.083298034667968750e+02
7.000000000000000000e+03 6.062561416625976562e+01 1.143686771392822266e+01 1.595127463340759277e+00 1.062394561767578125e+02 6.062561416625976562e+01 1.143686771392822266e+01 1.595127463340759277e+00 1.062394561767578125e+02
8.000000000000000000e+03 4.713893890380859375e+01 7.378161907196044922e+00 9.935534596443176270e-01 1.041292877197265625e+02 4.713893890380859375e+01 7.378161907196044922e+00 9.935534596443176270e-01 1.041292877197265625e+02
9.000000000000000000e+03 3.055400085449218750e+01 4.096034049987792969e+00 4.672659039497375488e-01 1.017498474121093750e+02 3.055400085449218750e+01 4.096034049987792969e+00 4.672659039497375488e-01 1.017498474121093750e+02
1.000000000000000000e+04 2.088988304138183594e+01 3.143382072448730469e+00 1.513752490282058716e-01 9.992525482177734375e+01 2.088988304138183594e+01 3.143382072448730469e+00 1.513752490282058716e-01 9.992525482177734375e+01
1.100000000000000000e+04 1.533522701263427734e+01 2.964597702026367188e+00 1.029768660664558411e-01 9.799723815917968750e+01 1.533522701263427734e+01 2.964597702026367188e+00 1.029768660664558411e-01 9.799723815917968750e+01
1.200000000000000000e+04 1.226307964324951172e+01 2.719853162765502930e+00 4.900590181350708008e-01 9.580329895019531250e+01 1.226307964324951172e+01 2.719853162765502930e+00 4.900590181350708008e-01 9.580329895019531250e+01
1.300000000000000000e+04 9.887812614440917969e+00 2.654811859130859375e+00 1.157269358634948730e+00 9.331025695800781250e+01 9.887812614440917969e+00 2.654811859130859375e+00 1.157269358634948730e+00 9.331025695800781250e+01
1.400000000000000000e+04 8.593607902526855469e+00 2.499798774719238281e+00 3.075993359088897705e-01 9.035338592529296875e+01 8.593607902526855469e+00 2.499798774719238281e+00 3.075993359088897705e-01 9.035338592529296875e+01
1.500000000000000000e+04 9.228097915649414062e+00 2.218594074249267578e+00 9.246917963027954102e-01 8.720298004150390625e+01 9.228097915649414062e+00 2.218594074249267578e+00 9.246917963027954102e-01 8.720298004150390625e+01
1.600000000000000000e+04 9.713370323181152344e+00 1.947529554367065430e+00 1.781176209449768066e+00 8.475179290771484375e+01 9.713370323181152344e+00 1.947529554367065430e+00 1.781176209449768066e+00 8.475179290771484375e+01
1.700000000000000000e+04 8.747468948364257812e+00 1.907480716705322266e+00 6.027368307113647461e-01 8.166565704345703125e+01 8.747468948364257812e+00 1.907480716705322266e+00 6.027368307113647461e-01 8.166565704345703125e+01
1.800000000000000000e+04 9.721546173095703125e+00 1.925524353981018066e+00 3.428269624710083008e-01 7.872156524658203125e+01 9.721546173095703125e+00 1.925524353981018066e+00 3.428269624710083008e-01 7.872156524658203125e+01
1.900000000000000000e+04 1.096019554138183594e+01 1.938057422637939453e+00 1.799676775932312012e+00 7.513977813720703125e+01 1.096019554138183594e+01 1.938057422637939453e+00 1.799676775932312012e+00 7.513977813720703125e+01
2.000000000000000000e+04 1.124845886230468750e+01 1.420310854911804199e+00 1.832916855812072754e+00 7.162644958496093750e+01 1.124845886230468750e+01 1.420310854911804199e+00 1.832916855812072754e+00 7.162644958496093750e+01
