# step, loss_train, loss_test, metrics_test
0.000000000000000000e+00 2.890067443847656250e+02 3.203872680664062500e+01 1.463926269531250000e+03 2.345297851562500000e+02 2.890067443847656250e+02 3.203872680664062500e+01 1.463926269531250000e+03 2.345297851562500000e+02
1.000000000000000000e+03 1.546026992797851562e+01 4.046601772308349609e+00 1.230856895446777344e+00 1.567620391845703125e+02 1.546026992797851562e+01 4.046601772308349609e+00 1.230856895446777344e+00 1.567620391845703125e+02
2.000000000000000000e+03 2.057635116577148438e+01 2.665776014328002930e-01 7.663824558258056641e+00 1.756553840637207031e+01 2.057635116577148438e+01 2.665776014328002930e-01 7.663824558258056641e+00 1.756553840637207031e+01
3.000000000000000000e+03 9.063346862792968750e+00 2.156170271337032318e-02 9.725207090377807617e-01 5.034541606903076172e+00 9.063346862792968750e+00 2.156170271337032318e-02 9.725207090377807617e-01 5.034541606903076172e+00
4.000000000000000000e+03 7.207779407501220703e+00 3.151039183139801025e-01 9.627545475959777832e-01 4.030443668365478516e+00 7.207779407501220703e+00 3.151039183139801025e-01 9.627545475959777832e-01 4.030443668365478516e+00
5.000000000000000000e+03 6.642483711242675781e+00 6.547114849090576172e-01 2.301347017288208008e+00 3.979549407958984375e+00 6.642483711242675781e+00 6.547114849090576172e-01 2.301347017288208008e+00 3.979549407958984375e+00
6.000000000000000000e+03 5.066287040710449219e+00 1.338459700345993042e-01 1.202207326889038086e+00 1.789053559303283691e+00 5.066287040710449219e+00 1.338459700345993042e-01 1.202207326889038086e+00 1.789053559303283691e+00
7.000000000000000000e+03 3.433392524719238281e+00 2.982357889413833618e-02 9.140502214431762695e-01 1.438293457031250000e+00 3.433392524719238281e+00 2.982357889413833618e-02 9.140502214431762695e-01 1.438293457031250000e+00
8.000000000000000000e+03 2.231122970581054688e+00 1.913908869028091431e-01 1.418483853340148926e+00 1.325832247734069824e+00 2.231122970581054688e+00 1.913908869028091431e-01 1.418483853340148926e+00 1.325832247734069824e+00
9.000000000000000000e+03 9.833553314208984375e+00 1.159646511077880859e-01 1.835887145996093750e+01 1.249767684936523438e+01 9.833553314208984375e+00 1.159646511077880859e-01 1.835887145996093750e+01 1.249767684936523438e+01
1.000000000000000000e+04 1.660621881484985352e+00 1.382662355899810791e-01 1.569666028022766113e+00 8.943704962730407715e-01 1.660621881484985352e+00 1.382662355899810791e-01 1.569666028022766113e+00 8.943704962730407715e-01
1.100000000000000000e+04 3.409423112869262695e+00 8.712732046842575073e-02 1.415121197700500488e+00 3.967794656753540039e+00 3.409423112869262695e+00 8.712732046842575073e-02 1.415121197700500488e+00 3.967794656753540039e+00
1.200000000000000000e+04 1.259707450866699219e+00 2.436792291700839996e-02 9.294023513793945312e-01 6.646183729171752930e-01 1.259707450866699219e+00 2.436792291700839996e-02 9.294023513793945312e-01 6.646183729171752930e-01
1.300000000000000000e+04 2.432294130325317383e+00 1.112736314535140991e-01 3.650440275669097900e-01 5.992931723594665527e-01 2.432294130325317383e+00 1.112736314535140991e-01 3.650440275669097900e-01 5.992931723594665527e-01
1.400000000000000000e+04 7.901113033294677734e-01 3.634964581578969955e-03 3.080362379550933838e-01 4.257186055183410645e-01 7.901113033294677734e-01 3.634964581578969955e-03 3.080362379550933838e-01 4.257186055183410645e-01
1.500000000000000000e+04 2.300157546997070312e+00 3.280977252870798111e-03 4.548883140087127686e-01 3.341797292232513428e-01 2.300157546997070312e+00 3.280977252870798111e-03 4.548883140087127686e-01 3.341797292232513428e-01
1.600000000000000000e+04 8.866355419158935547e-01 3.858345746994018555e-02 4.854518473148345947e-01 4.151687622070312500e-01 8.866355419158935547e-01 3.858345746994018555e-02 4.854518473148345947e-01 4.151687622070312500e-01
1.700000000000000000e+04 9.930971264839172363e-01 1.060915458947420120e-02 2.572259306907653809e-01 3.267752826213836670e-01 9.930971264839172363e-01 1.060915458947420120e-02 2.572259306907653809e-01 3.267752826213836670e-01
1.800000000000000000e+04 6.813509464263916016e-01 5.612963810563087463e-03 4.338999390602111816e-01 2.600182294845581055e-01 6.813509464263916016e-01 5.612963810563087463e-03 4.338999390602111816e-01 2.600182294845581055e-01
1.900000000000000000e+04 5.704475641250610352e-01 3.961288835853338242e-03 1.256224215030670166e-01 3.042683303356170654e-01 5.704475641250610352e-01 3.961288835853338242e-03 1.256224215030670166e-01 3.042683303356170654e-01
2.000000000000000000e+04 1.852376013994216919e-01 1.616524416022002697e-03 3.529953062534332275e-01 1.945241242647171021e-01 1.852376013994216919e-01 1.616524416022002697e-03 3.529953062534332275e-01 1.945241242647171021e-01
