# step, loss_train, loss_test, metrics_test
0.000000000000000000e+00 1.042922687530517578e+01 3.770578765869140625e+01 7.719308593750000000e+03 4.421454467773437500e+02 1.042922687530517578e+01 3.770578765869140625e+01 7.719308593750000000e+03 4.421454467773437500e+02
1.000000000000000000e+03 1.597476452589035034e-01 5.304190826416015625e+01 3.513197898864746094e+00 3.394065551757812500e+02 1.597476452589035034e-01 5.304190826416015625e+01 3.513197898864746094e+00 3.394065551757812500e+02
2.000000000000000000e+03 3.353516459465026855e-01 5.268560791015625000e+01 3.291159152984619141e+00 3.164686889648437500e+02 3.353516459465026855e-01 5.268560791015625000e+01 3.291159152984619141e+00 3.164686889648437500e+02
3.000000000000000000e+03 1.227988004684448242e+00 5.182159423828125000e+01 5.544748306274414062e+00 3.124509277343750000e+02 1.227988004684448242e+00 5.182159423828125000e+01 5.544748306274414062e+00 3.124509277343750000e+02
4.000000000000000000e+03 1.720799565315246582e+00 5.308740234375000000e+01 1.195550823211669922e+01 2.942709960937500000e+02 1.720799565315246582e+00 5.308740234375000000e+01 1.195550823211669922e+01 2.942709960937500000e+02
5.000000000000000000e+03 3.574260175228118896e-01 2.271569252014160156e+01 2.412623882293701172e+00 2.838892517089843750e+02 3.574260175228118896e-01 2.271569252014160156e+01 2.412623882293701172e+00 2.838892517089843750e+02
6.000000000000000000e+03 7.550698518753051758e-02 9.739380836486816406e+00 2.385963678359985352e+00 3.363568725585937500e+02 7.550698518753051758e-02 9.739380836486816406e+00 2.385963678359985352e+00 3.363568725585937500e+02
7.000000000000000000e+03 6.977933645248413086e-01 1.055126667022705078e+01 4.120491981506347656e+00 2.836382446289062500e+02 6.977933645248413086e-01 1.055126667022705078e+01 4.120491981506347656e+00 2.836382446289062500e+02
8.000000000000000000e+03 3.898529529571533203e+00 7.596736907958984375e+00 2.047066116333007812e+01 2.534463348388671875e+02 3.898529529571533203e+00 7.596736907958984375e+00 2.047066116333007812e+01 2.534463348388671875e+02
9.000000000000000000e+03 6.762120246887207031e+00 7.241582870483398438e+00 9.939914703369140625e+00 2.373172912597656250e+02 6.762120246887207031e+00 7.241582870483398438e+00 9.939914703369140625e+00 2.373172912597656250e+02
1.000000000000000000e+04 1.613832712173461914e+00 8.287524223327636719e+00 2.076371192932128906e+00 2.259671478271484375e+02 1.613832712173461914e+00 8.287524223327636719e+00 2.076371192932128906e+00 2.259671478271484375e+02
1.100000000000000000e+04 5.340257287025451660e-01 8.104470252990722656e+00 2.895164966583251953e+00 2.233427429199218750e+02 5.340257287025451660e-01 8.104470252990722656e+00 2.895164966583251953e+00 2.233427429199218750e+02
1.200000000000000000e+04 6.390932202339172363e-01 1.100282955169677734e+01 4.854580402374267578e+00 2.912697753906250000e+02 6.390932202339172363e-01 1.100282955169677734e+01 4.854580402374267578e+00 2.912697753906250000e+02
1.300000000000000000e+04 1.505769371986389160e+00 1.216807174682617188e+01 2.191968345642089844e+01 2.847186584472656250e+02 1.505769371986389160e+00 1.216807174682617188e+01 2.191968345642089844e+01 2.847186584472656250e+02
1.400000000000000000e+04 5.357556343078613281e+00 8.984503746032714844e+00 1.850570106506347656e+01 2.245386810302734375e+02 5.357556343078613281e+00 8.984503746032714844e+00 1.850570106506347656e+01 2.245386810302734375e+02
1.500000000000000000e+04 2.720494866371154785e-01 2.939616680145263672e+00 3.704597711563110352e+00 2.004559326171875000e+02 2.720494866371154785e-01 2.939616680145263672e+00 3.704597711563110352e+00 2.004559326171875000e+02
1.600000000000000000e+04 7.076419830322265625e+00 3.606146812438964844e+00 8.082903861999511719e+00 1.758972320556640625e+02 7.076419830322265625e+00 3.606146812438964844e+00 8.082903861999511719e+00 1.758972320556640625e+02
1.700000000000000000e+04 4.522394180297851562e+01 3.180811405181884766e+00 1.358920745849609375e+02 1.671803283691406250e+02 4.522394180297851562e+01 3.180811405181884766e+00 1.358920745849609375e+02 1.671803283691406250e+02
1.800000000000000000e+04 5.655749887228012085e-02 7.809109210968017578e+00 8.556200027465820312e+00 3.474582824707031250e+02 5.655749887228012085e-02 7.809109210968017578e+00 8.556200027465820312e+00 3.474582824707031250e+02
1.900000000000000000e+04 2.921657077968120575e-02 2.150079011917114258e+00 3.496275663375854492e+00 1.908152465820312500e+02 2.921657077968120575e-02 2.150079011917114258e+00 3.496275663375854492e+00 1.908152465820312500e+02
2.000000000000000000e+04 2.314499473571777344e+01 4.915313243865966797e+00 5.544264221191406250e+01 1.195846099853515625e+02 2.314499473571777344e+01 4.915313243865966797e+00 5.544264221191406250e+01 1.195846099853515625e+02
