# step, loss_train, loss_test, metrics_test
0.000000000000000000e+00 0.000000000000000000e+00 2.474510002136230469e+01 1.272100952148437500e+03 4.432168884277343750e+02 0.000000000000000000e+00 2.474510002136230469e+01 1.272100952148437500e+03 4.432168884277343750e+02
1.000000000000000000e+03 0.000000000000000000e+00 1.673606872558593750e+01 2.176238250732421875e+02 4.129089355468750000e+02 0.000000000000000000e+00 1.673606872558593750e+01 2.176238250732421875e+02 4.129089355468750000e+02
2.000000000000000000e+03 0.000000000000000000e+00 2.622928810119628906e+01 3.061118507385253906e+01 3.826177673339843750e+02 0.000000000000000000e+00 2.622928810119628906e+01 3.061118507385253906e+01 3.826177673339843750e+02
3.000000000000000000e+03 0.000000000000000000e+00 2.704862785339355469e+01 7.077561378479003906e+00 3.684000549316406250e+02 0.000000000000000000e+00 2.704862785339355469e+01 7.077561378479003906e+00 3.684000549316406250e+02
4.000000000000000000e+03 0.000000000000000000e+00 3.028764152526855469e+01 1.004235076904296875e+01 3.298023071289062500e+02 0.000000000000000000e+00 3.028764152526855469e+01 1.004235076904296875e+01 3.298023071289062500e+02
5.000000000000000000e+03 0.000000000000000000e+00 2.991625976562500000e+01 1.443130207061767578e+01 2.236207122802734375e+02 0.000000000000000000e+00 2.991625976562500000e+01 1.443130207061767578e+01 2.236207122802734375e+02
6.000000000000000000e+03 0.000000000000000000e+00 1.925984382629394531e+01 1.083085060119628906e+01 1.691080017089843750e+02 0.000000000000000000e+00 1.925984382629394531e+01 1.083085060119628906e+01 1.691080017089843750e+02
7.000000000000000000e+03 0.000000000000000000e+00 1.111636257171630859e+01 6.199010848999023438e+00 1.062627334594726562e+02 0.000000000000000000e+00 1.111636257171630859e+01 6.199010848999023438e+00 1.062627334594726562e+02
8.000000000000000000e+03 0.000000000000000000e+00 8.783102989196777344e+00 2.615411281585693359e+00 5.947490310668945312e+01 0.000000000000000000e+00 8.783102989196777344e+00 2.615411281585693359e+00 5.947490310668945312e+01
9.000000000000000000e+03 0.000000000000000000e+00 1.471719741821289062e+00 7.038932442665100098e-01 2.850236892700195312e+01 0.000000000000000000e+00 1.471719741821289062e+00 7.038932442665100098e-01 2.850236892700195312e+01
1.000000000000000000e+04 0.000000000000000000e+00 3.133069574832916260e-01 1.243926957249641418e-01 1.370724678039550781e+01 0.000000000000000000e+00 3.133069574832916260e-01 1.243926957249641418e-01 1.370724678039550781e+01
1.100000000000000000e+04 0.000000000000000000e+00 2.296195775270462036e-01 4.568373039364814758e-02 7.098496437072753906e+00 0.000000000000000000e+00 2.296195775270462036e-01 4.568373039364814758e-02 7.098496437072753906e+00
1.200000000000000000e+04 0.000000000000000000e+00 1.494033187627792358e-01 1.176284067332744598e-02 3.996993064880371094e+00 0.000000000000000000e+00 1.494033187627792358e-01 1.176284067332744598e-02 3.996993064880371094e+00
1.300000000000000000e+04 0.000000000000000000e+00 6.647043675184249878e-02 5.003497935831546783e-03 2.758987665176391602e+00 0.000000000000000000e+00 6.647043675184249878e-02 5.003497935831546783e-03 2.758987665176391602e+00
1.400000000000000000e+04 0.000000000000000000e+00 1.601733453571796417e-02 2.495992230251431465e-03 1.973037958145141602e+00 0.000000000000000000e+00 1.601733453571796417e-02 2.495992230251431465e-03 1.973037958145141602e+00
1.500000000000000000e+04 0.000000000000000000e+00 4.295641090720891953e-03 1.320270122960209846e-03 1.461506485939025879e+00 0.000000000000000000e+00 4.295641090720891953e-03 1.320270122960209846e-03 1.461506485939025879e+00
1.600000000000000000e+04 0.000000000000000000e+00 1.829415792599320412e-03 1.067669014446437359e-03 1.079653739929199219e+00 0.000000000000000000e+00 1.829415792599320412e-03 1.067669014446437359e-03 1.079653739929199219e+00
1.700000000000000000e+04 0.000000000000000000e+00 8.895448991097509861e-04 7.975202752277255058e-04 7.971704006195068359e-01 0.000000000000000000e+00 8.895448991097509861e-04 7.975202752277255058e-04 7.971704006195068359e-01
1.800000000000000000e+04 0.000000000000000000e+00 5.632122047245502472e-04 6.236376939341425896e-04 6.000365614891052246e-01 0.000000000000000000e+00 5.632122047245502472e-04 6.236376939341425896e-04 6.000365614891052246e-01
1.900000000000000000e+04 0.000000000000000000e+00 4.678872937802225351e-04 4.367005312815308571e-04 4.666684567928314209e-01 0.000000000000000000e+00 4.678872937802225351e-04 4.367005312815308571e-04 4.666684567928314209e-01
2.000000000000000000e+04 0.000000000000000000e+00 4.606205038726329803e-04 3.339878167025744915e-04 3.771799802780151367e-01 0.000000000000000000e+00 4.606205038726329803e-04 3.339878167025744915e-04 3.771799802780151367e-01
