# step, loss_train, loss_test, metrics_test
0.000000000000000000e+00 1.046157226562500000e+04 3.552632522583007812e+01 8.740196289062500000e+03 0.000000000000000000e+00 1.046157226562500000e+04 3.552632522583007812e+01 8.740196289062500000e+03 0.000000000000000000e+00
1.000000000000000000e+03 1.442032836914062500e+03 2.855491256713867188e+01 5.850822265625000000e+03 0.000000000000000000e+00 1.442032836914062500e+03 2.855491256713867188e+01 5.850822265625000000e+03 0.000000000000000000e+00
2.000000000000000000e+03 5.241365356445312500e+02 2.339161300659179688e+01 3.851829589843750000e+03 0.000000000000000000e+00 5.241365356445312500e+02 2.339161300659179688e+01 3.851829589843750000e+03 0.000000000000000000e+00
3.000000000000000000e+03 2.445100250244140625e+02 2.043242073059082031e+01 2.718310302734375000e+03 0.000000000000000000e+00 2.445100250244140625e+02 2.043242073059082031e+01 2.718310302734375000e+03 0.000000000000000000e+00
4.000000000000000000e+03 1.055148010253906250e+02 1.953229904174804688e+01 2.164705078125000000e+03 0.000000000000000000e+00 1.055148010253906250e+02 1.953229904174804688e+01 2.164705078125000000e+03 0.000000000000000000e+00
5.000000000000000000e+03 6.098617553710937500e+01 2.032523536682128906e+01 1.952482666015625000e+03 0.000000000000000000e+00 6.098617553710937500e+01 2.032523536682128906e+01 1.952482666015625000e+03 0.000000000000000000e+00
6.000000000000000000e+03 5.080715560913085938e+01 2.129399108886718750e+01 1.842600219726562500e+03 0.000000000000000000e+00 5.080715560913085938e+01 2.129399108886718750e+01 1.842600219726562500e+03 0.000000000000000000e+00
7.000000000000000000e+03 4.603244400024414062e+01 2.199151229858398438e+01 1.738676879882812500e+03 0.000000000000000000e+00 4.603244400024414062e+01 2.199151229858398438e+01 1.738676879882812500e+03 0.000000000000000000e+00
8.000000000000000000e+03 4.562044525146484375e+01 2.253419685363769531e+01 1.629634521484375000e+03 0.000000000000000000e+00 4.562044525146484375e+01 2.253419685363769531e+01 1.629634521484375000e+03 0.000000000000000000e+00
9.000000000000000000e+03 5.380986022949218750e+01 2.293526649475097656e+01 1.507008911132812500e+03 0.000000000000000000e+00 5.380986022949218750e+01 2.293526649475097656e+01 1.507008911132812500e+03 0.000000000000000000e+00
1.000000000000000000e+04 6.626667022705078125e+01 2.314886474609375000e+01 1.349844848632812500e+03 0.000000000000000000e+00 6.626667022705078125e+01 2.314886474609375000e+01 1.349844848632812500e+03 0.000000000000000000e+00
1.100000000000000000e+04 8.344395446777343750e+01 2.478166961669921875e+01 1.107671752929687500e+03 0.000000000000000000e+00 8.344395446777343750e+01 2.478166961669921875e+01 1.107671752929687500e+03 0.000000000000000000e+00
1.200000000000000000e+04 1.176339111328125000e+02 3.305300521850585938e+01 7.185441894531250000e+02 0.000000000000000000e+00 1.176339111328125000e+02 3.305300521850585938e+01 7.185441894531250000e+02 0.000000000000000000e+00
1.300000000000000000e+04 1.283968963623046875e+02 5.247742462158203125e+01 3.252854919433593750e+02 0.000000000000000000e+00 1.283968963623046875e+02 5.247742462158203125e+01 3.252854919433593750e+02 0.000000000000000000e+00
1.400000000000000000e+04 9.939356231689453125e+01 6.736045074462890625e+01 1.425218353271484375e+02 0.000000000000000000e+00 9.939356231689453125e+01 6.736045074462890625e+01 1.425218353271484375e+02 0.000000000000000000e+00
1.500000000000000000e+04 6.905257415771484375e+01 6.986447906494140625e+01 7.899113464355468750e+01 0.000000000000000000e+00 6.905257415771484375e+01 6.986447906494140625e+01 7.899113464355468750e+01 0.000000000000000000e+00
1.600000000000000000e+04 4.816713714599609375e+01 6.652825164794921875e+01 5.039546966552734375e+01 0.000000000000000000e+00 4.816713714599609375e+01 6.652825164794921875e+01 5.039546966552734375e+01 0.000000000000000000e+00
1.700000000000000000e+04 3.591999435424804688e+01 6.156526565551757812e+01 3.409414672851562500e+01 0.000000000000000000e+00 3.591999435424804688e+01 6.156526565551757812e+01 3.409414672851562500e+01 0.000000000000000000e+00
1.800000000000000000e+04 2.624605178833007812e+01 5.654717254638671875e+01 2.303125190734863281e+01 0.000000000000000000e+00 2.624605178833007812e+01 5.654717254638671875e+01 2.303125190734863281e+01 0.000000000000000000e+00
1.900000000000000000e+04 1.824534988403320312e+01 5.182790374755859375e+01 1.419214057922363281e+01 0.000000000000000000e+00 1.824534988403320312e+01 5.182790374755859375e+01 1.419214057922363281e+01 0.000000000000000000e+00
2.000000000000000000e+04 1.215417385101318359e+01 4.780155563354492188e+01 8.828707695007324219e+00 0.000000000000000000e+00 1.215417385101318359e+01 4.780155563354492188e+01 8.828707695007324219e+00 0.000000000000000000e+00
