# step, loss_train, loss_test, metrics_test
0.000000000000000000e+00 0.000000000000000000e+00 3.919147491455078125e+01 0.000000000000000000e+00 4.670657653808593750e+02 0.000000000000000000e+00 3.919147491455078125e+01 0.000000000000000000e+00 4.670657653808593750e+02
1.000000000000000000e+03 0.000000000000000000e+00 2.406092453002929688e+01 0.000000000000000000e+00 4.349947814941406250e+02 0.000000000000000000e+00 2.406092453002929688e+01 0.000000000000000000e+00 4.349947814941406250e+02
2.000000000000000000e+03 0.000000000000000000e+00 1.475178909301757812e+01 0.000000000000000000e+00 4.122242126464843750e+02 0.000000000000000000e+00 1.475178909301757812e+01 0.000000000000000000e+00 4.122242126464843750e+02
3.000000000000000000e+03 0.000000000000000000e+00 1.246796512603759766e+01 0.000000000000000000e+00 3.975774230957031250e+02 0.000000000000000000e+00 1.246796512603759766e+01 0.000000000000000000e+00 3.975774230957031250e+02
4.000000000000000000e+03 0.000000000000000000e+00 1.290344429016113281e+01 0.000000000000000000e+00 3.768714599609375000e+02 0.000000000000000000e+00 1.290344429016113281e+01 0.000000000000000000e+00 3.768714599609375000e+02
5.000000000000000000e+03 0.000000000000000000e+00 1.478192710876464844e+01 0.000000000000000000e+00 3.455763549804687500e+02 0.000000000000000000e+00 1.478192710876464844e+01 0.000000000000000000e+00 3.455763549804687500e+02
6.000000000000000000e+03 0.000000000000000000e+00 1.800599288940429688e+01 0.000000000000000000e+00 3.071063537597656250e+02 0.000000000000000000e+00 1.800599288940429688e+01 0.000000000000000000e+00 3.071063537597656250e+02
7.000000000000000000e+03 0.000000000000000000e+00 2.226207923889160156e+01 0.000000000000000000e+00 2.675104675292968750e+02 0.000000000000000000e+00 2.226207923889160156e+01 0.000000000000000000e+00 2.675104675292968750e+02
8.000000000000000000e+03 0.000000000000000000e+00 2.713786315917968750e+01 0.000000000000000000e+00 2.313922576904296875e+02 0.000000000000000000e+00 2.713786315917968750e+01 0.000000000000000000e+00 2.313922576904296875e+02
9.000000000000000000e+03 0.000000000000000000e+00 3.202726364135742188e+01 0.000000000000000000e+00 2.011230926513671875e+02 0.000000000000000000e+00 3.202726364135742188e+01 0.000000000000000000e+00 2.011230926513671875e+02
1.000000000000000000e+04 0.000000000000000000e+00 3.551328277587890625e+01 0.000000000000000000e+00 1.771364593505859375e+02 0.000000000000000000e+00 3.551328277587890625e+01 0.000000000000000000e+00 1.771364593505859375e+02
1.100000000000000000e+04 0.000000000000000000e+00 3.698507308959960938e+01 0.000000000000000000e+00 1.583303680419921875e+02 0.000000000000000000e+00 3.698507308959960938e+01 0.000000000000000000e+00 1.583303680419921875e+02
1.200000000000000000e+04 0.000000000000000000e+00 3.692979812622070312e+01 0.000000000000000000e+00 1.432984161376953125e+02 0.000000000000000000e+00 3.692979812622070312e+01 0.000000000000000000e+00 1.432984161376953125e+02
1.300000000000000000e+04 0.000000000000000000e+00 3.628742599487304688e+01 0.000000000000000000e+00 1.309770965576171875e+02 0.000000000000000000e+00 3.628742599487304688e+01 0.000000000000000000e+00 1.309770965576171875e+02
1.400000000000000000e+04 0.000000000000000000e+00 3.540377426147460938e+01 0.000000000000000000e+00 1.205019836425781250e+02 0.000000000000000000e+00 3.540377426147460938e+01 0.000000000000000000e+00 1.205019836425781250e+02
1.500000000000000000e+04 0.000000000000000000e+00 3.446102523803710938e+01 0.000000000000000000e+00 1.107129058837890625e+02 0.000000000000000000e+00 3.446102523803710938e+01 0.000000000000000000e+00 1.107129058837890625e+02
1.600000000000000000e+04 0.000000000000000000e+00 3.359255599975585938e+01 0.000000000000000000e+00 1.010395431518554688e+02 0.000000000000000000e+00 3.359255599975585938e+01 0.000000000000000000e+00 1.010395431518554688e+02
1.700000000000000000e+04 0.000000000000000000e+00 3.261228561401367188e+01 0.000000000000000000e+00 9.176142120361328125e+01 0.000000000000000000e+00 3.261228561401367188e+01 0.000000000000000000e+00 9.176142120361328125e+01
1.800000000000000000e+04 0.000000000000000000e+00 3.134933662414550781e+01 0.000000000000000000e+00 8.322906494140625000e+01 0.000000000000000000e+00 3.134933662414550781e+01 0.000000000000000000e+00 8.322906494140625000e+01
1.900000000000000000e+04 0.000000000000000000e+00 2.977788734436035156e+01 0.000000000000000000e+00 7.544411468505859375e+01 0.000000000000000000e+00 2.977788734436035156e+01 0.000000000000000000e+00 7.544411468505859375e+01
2.000000000000000000e+04 0.000000000000000000e+00 2.795635032653808594e+01 0.000000000000000000e+00 6.842549133300781250e+01 0.000000000000000000e+00 2.795635032653808594e+01 0.000000000000000000e+00 6.842549133300781250e+01
