# step, loss_train, loss_test, metrics_test
0.000000000000000000e+00 1.431684218750000000e+05 2.692666931152343750e+02 1.246910058593750000e+04 3.909381713867187500e+02 1.431684218750000000e+05 2.692666931152343750e+02 1.246910058593750000e+04 3.909381713867187500e+02
1.000000000000000000e+03 2.477293090820312500e+02 2.189052200317382812e+01 1.291490020751953125e+02 2.936166687011718750e+02 2.477293090820312500e+02 2.189052200317382812e+01 1.291490020751953125e+02 2.936166687011718750e+02
2.000000000000000000e+03 1.049824905395507812e+02 1.819701194763183594e+01 1.035530757904052734e+01 2.867933959960937500e+02 1.049824905395507812e+02 1.819701194763183594e+01 1.035530757904052734e+01 2.867933959960937500e+02
3.000000000000000000e+03 4.635427474975585938e+01 1.636910820007324219e+01 3.108552932739257812e+00 2.817339477539062500e+02 4.635427474975585938e+01 1.636910820007324219e+01 3.108552932739257812e+00 2.817339477539062500e+02
4.000000000000000000e+03 2.444562339782714844e+01 1.502364921569824219e+01 1.355014443397521973e+00 2.752951660156250000e+02 2.444562339782714844e+01 1.502364921569824219e+01 1.355014443397521973e+00 2.752951660156250000e+02
5.000000000000000000e+03 1.733456420898437500e+01 1.310060882568359375e+01 6.563933491706848145e-01 2.678582458496093750e+02 1.733456420898437500e+01 1.310060882568359375e+01 6.563933491706848145e-01 2.678582458496093750e+02
6.000000000000000000e+03 1.167703914642333984e+01 1.022555732727050781e+01 4.806785881519317627e-01 2.612305908203125000e+02 1.167703914642333984e+01 1.022555732727050781e+01 4.806785881519317627e-01 2.612305908203125000e+02
7.000000000000000000e+03 1.122858619689941406e+01 8.963791847229003906e+00 1.576472163200378418e+00 2.447197113037109375e+02 1.122858619689941406e+01 8.963791847229003906e+00 1.576472163200378418e+00 2.447197113037109375e+02
8.000000000000000000e+03 1.311798095703125000e+01 1.003417873382568359e+01 1.083666563034057617e+00 2.209477081298828125e+02 1.311798095703125000e+01 1.003417873382568359e+01 1.083666563034057617e+00 2.209477081298828125e+02
9.000000000000000000e+03 1.839714241027832031e+01 9.750841140747070312e+00 4.406418204307556152e-01 1.971037445068359375e+02 1.839714241027832031e+01 9.750841140747070312e+00 4.406418204307556152e-01 1.971037445068359375e+02
1.000000000000000000e+04 2.172623252868652344e+01 9.598618507385253906e+00 2.771733999252319336e+00 1.809657745361328125e+02 2.172623252868652344e+01 9.598618507385253906e+00 2.771733999252319336e+00 1.809657745361328125e+02
1.100000000000000000e+04 2.582650756835937500e+01 8.758140563964843750e+00 2.116517066955566406e+01 1.583472900390625000e+02 2.582650756835937500e+01 8.758140563964843750e+00 2.116517066955566406e+01 1.583472900390625000e+02
1.200000000000000000e+04 3.347553634643554688e+01 7.971525192260742188e+00 7.312242984771728516e+00 1.383853607177734375e+02 3.347553634643554688e+01 7.971525192260742188e+00 7.312242984771728516e+00 1.383853607177734375e+02
1.300000000000000000e+04 3.496306991577148438e+01 6.644344329833984375e+00 1.594644784927368164e+00 1.117002258300781250e+02 3.496306991577148438e+01 6.644344329833984375e+00 1.594644784927368164e+00 1.117002258300781250e+02
1.400000000000000000e+04 3.785538482666015625e+01 4.798443317413330078e+00 2.175381660461425781e+00 8.663153839111328125e+01 3.785538482666015625e+01 4.798443317413330078e+00 2.175381660461425781e+00 8.663153839111328125e+01
1.500000000000000000e+04 3.370382308959960938e+01 3.559272289276123047e+00 1.133900260925292969e+01 6.045557785034179688e+01 3.370382308959960938e+01 3.559272289276123047e+00 1.133900260925292969e+01 6.045557785034179688e+01
1.600000000000000000e+04 3.196482086181640625e+01 3.017634630203247070e+00 2.098482322692871094e+01 4.055704879760742188e+01 3.196482086181640625e+01 3.017634630203247070e+00 2.098482322692871094e+01 4.055704879760742188e+01
1.700000000000000000e+04 2.953250312805175781e+01 2.042871713638305664e+00 2.982228755950927734e+00 3.145092201232910156e+01 2.953250312805175781e+01 2.042871713638305664e+00 2.982228755950927734e+00 3.145092201232910156e+01
1.800000000000000000e+04 2.584984970092773438e+01 1.581779718399047852e+00 1.195915460586547852e+00 2.411266136169433594e+01 2.584984970092773438e+01 1.581779718399047852e+00 1.195915460586547852e+00 2.411266136169433594e+01
1.900000000000000000e+04 2.520664405822753906e+01 1.307944655418395996e+00 2.348937034606933594e+00 1.963123321533203125e+01 2.520664405822753906e+01 1.307944655418395996e+00 2.348937034606933594e+00 1.963123321533203125e+01
2.000000000000000000e+04 2.311849975585937500e+01 1.569107294082641602e+00 5.684338212013244629e-01 1.645922088623046875e+01 2.311849975585937500e+01 1.569107294082641602e+00 5.684338212013244629e-01 1.645922088623046875e+01
