# step, loss_train, loss_test, metrics_test
0.000000000000000000e+00 0.000000000000000000e+00 1.220673084259033203e+01 4.248043945312500000e+03 3.567930908203125000e+02 0.000000000000000000e+00 1.220673084259033203e+01 4.248043945312500000e+03 3.567930908203125000e+02
1.000000000000000000e+03 0.000000000000000000e+00 1.455442523956298828e+01 2.656025634765625000e+03 3.567797546386718750e+02 0.000000000000000000e+00 1.455442523956298828e+01 2.656025634765625000e+03 3.567797546386718750e+02
2.000000000000000000e+03 0.000000000000000000e+00 1.455442523956298828e+01 2.656025634765625000e+03 3.567797546386718750e+02 0.000000000000000000e+00 1.455442523956298828e+01 2.656025634765625000e+03 3.567797546386718750e+02
3.000000000000000000e+03 0.000000000000000000e+00 1.455442523956298828e+01 2.656025634765625000e+03 3.567797546386718750e+02 0.000000000000000000e+00 1.455442523956298828e+01 2.656025634765625000e+03 3.567797546386718750e+02
4.000000000000000000e+03 0.000000000000000000e+00 1.455442523956298828e+01 2.656025634765625000e+03 3.567797546386718750e+02 0.000000000000000000e+00 1.455442523956298828e+01 2.656025634765625000e+03 3.567797546386718750e+02
5.000000000000000000e+03 0.000000000000000000e+00 1.455447483062744141e+01 2.656025634765625000e+03 3.567797851562500000e+02 0.000000000000000000e+00 1.455447483062744141e+01 2.656025634765625000e+03 3.567797851562500000e+02
6.000000000000000000e+03 0.000000000000000000e+00 2.244236946105957031e+01 2.884387939453125000e+03 3.649660339355468750e+02 0.000000000000000000e+00 2.244236946105957031e+01 2.884387939453125000e+03 3.649660339355468750e+02
7.000000000000000000e+03 0.000000000000000000e+00 1.454784965515136719e+01 2.656039306640625000e+03 3.567729797363281250e+02 0.000000000000000000e+00 1.454784965515136719e+01 2.656039306640625000e+03 3.567729797363281250e+02
8.000000000000000000e+03 0.000000000000000000e+00 1.216211318969726562e+01 2.714019775390625000e+03 3.543493041992187500e+02 0.000000000000000000e+00 1.216211318969726562e+01 2.714019775390625000e+03 3.543493041992187500e+02
9.000000000000000000e+03 0.000000000000000000e+00 1.454996585845947266e+01 2.656034912109375000e+03 3.567751464843750000e+02 0.000000000000000000e+00 1.454996585845947266e+01 2.656034912109375000e+03 3.567751464843750000e+02
1.000000000000000000e+04 0.000000000000000000e+00 1.455454730987548828e+01 2.656025390625000000e+03 3.567798156738281250e+02 0.000000000000000000e+00 1.455454730987548828e+01 2.656025390625000000e+03 3.567798156738281250e+02
1.100000000000000000e+04 0.000000000000000000e+00 1.455136775970458984e+01 2.656031494140625000e+03 3.567766113281250000e+02 0.000000000000000000e+00 1.455136775970458984e+01 2.656031494140625000e+03 3.567766113281250000e+02
1.200000000000000000e+04 0.000000000000000000e+00 1.454288673400878906e+01 2.656050292968750000e+03 3.567678833007812500e+02 0.000000000000000000e+00 1.454288673400878906e+01 2.656050292968750000e+03 3.567678833007812500e+02
1.300000000000000000e+04 0.000000000000000000e+00 1.455542564392089844e+01 2.656023681640625000e+03 3.567807617187500000e+02 0.000000000000000000e+00 1.455542564392089844e+01 2.656023681640625000e+03 3.567807617187500000e+02
1.400000000000000000e+04 0.000000000000000000e+00 1.455447483062744141e+01 2.656025634765625000e+03 3.567797851562500000e+02 0.000000000000000000e+00 1.455447483062744141e+01 2.656025634765625000e+03 3.567797851562500000e+02
1.500000000000000000e+04 0.000000000000000000e+00 2.203333091735839844e+01 2.865023193359375000e+03 3.645384216308593750e+02 0.000000000000000000e+00 2.203333091735839844e+01 2.865023193359375000e+03 3.645384216308593750e+02
1.600000000000000000e+04 0.000000000000000000e+00 1.475078201293945312e+01 2.655884033203125000e+03 3.569811401367187500e+02 0.000000000000000000e+00 1.475078201293945312e+01 2.655884033203125000e+03 3.569811401367187500e+02
1.700000000000000000e+04 0.000000000000000000e+00 1.653904914855957031e+01 2.674270751953125000e+03 3.588232727050781250e+02 0.000000000000000000e+00 1.653904914855957031e+01 2.674270751953125000e+03 3.588232727050781250e+02
1.800000000000000000e+04 0.000000000000000000e+00 1.455425739288330078e+01 2.656025878906250000e+03 3.567795410156250000e+02 0.000000000000000000e+00 1.455425739288330078e+01 2.656025878906250000e+03 3.567795410156250000e+02
1.900000000000000000e+04 0.000000000000000000e+00 1.455449676513671875e+01 2.656025634765625000e+03 3.567797851562500000e+02 0.000000000000000000e+00 1.455449676513671875e+01 2.656025634765625000e+03 3.567797851562500000e+02
2.000000000000000000e+04 0.000000000000000000e+00 1.455430698394775391e+01 2.656025878906250000e+03 3.567795715332031250e+02 0.000000000000000000e+00 1.455430698394775391e+01 2.656025878906250000e+03 3.567795715332031250e+02
