# step, loss_train, loss_test, metrics_test
0.000000000000000000e+00 0.000000000000000000e+00 4.757401275634765625e+01 1.765482543945312500e+03 4.474331970214843750e+02 0.000000000000000000e+00 4.757401275634765625e+01 1.765482543945312500e+03 4.474331970214843750e+02
1.000000000000000000e+03 0.000000000000000000e+00 4.191589355468750000e+00 5.367873191833496094e+00 1.558778667449951172e+01 0.000000000000000000e+00 4.191589355468750000e+00 5.367873191833496094e+00 1.558778667449951172e+01
2.000000000000000000e+03 0.000000000000000000e+00 5.245214700698852539e-01 2.382892370223999023e-01 6.129791259765625000e+00 0.000000000000000000e+00 5.245214700698852539e-01 2.382892370223999023e-01 6.129791259765625000e+00
3.000000000000000000e+03 0.000000000000000000e+00 2.424396133422851562e+01 6.243775634765625000e+02 4.291619567871093750e+02 0.000000000000000000e+00 2.424396133422851562e+01 6.243775634765625000e+02 4.291619567871093750e+02
4.000000000000000000e+03 0.000000000000000000e+00 2.424395179748535156e+01 6.243775634765625000e+02 4.291619567871093750e+02 0.000000000000000000e+00 2.424395179748535156e+01 6.243775634765625000e+02 4.291619567871093750e+02
5.000000000000000000e+03 0.000000000000000000e+00 2.424395179748535156e+01 6.243775634765625000e+02 4.291619567871093750e+02 0.000000000000000000e+00 2.424395179748535156e+01 6.243775634765625000e+02 4.291619567871093750e+02
6.000000000000000000e+03 0.000000000000000000e+00 2.424395179748535156e+01 6.243775634765625000e+02 4.291619567871093750e+02 0.000000000000000000e+00 2.424395179748535156e+01 6.243775634765625000e+02 4.291619567871093750e+02
7.000000000000000000e+03 0.000000000000000000e+00 2.424395179748535156e+01 6.243775634765625000e+02 4.291619567871093750e+02 0.000000000000000000e+00 2.424395179748535156e+01 6.243775634765625000e+02 4.291619567871093750e+02
8.000000000000000000e+03 0.000000000000000000e+00 2.424395179748535156e+01 6.243775634765625000e+02 4.291619567871093750e+02 0.000000000000000000e+00 2.424395179748535156e+01 6.243775634765625000e+02 4.291619567871093750e+02
9.000000000000000000e+03 0.000000000000000000e+00 2.424394226074218750e+01 6.243775634765625000e+02 4.291618652343750000e+02 0.000000000000000000e+00 2.424394226074218750e+01 6.243775634765625000e+02 4.291618652343750000e+02
1.000000000000000000e+04 0.000000000000000000e+00 2.424395179748535156e+01 6.243775634765625000e+02 4.291619567871093750e+02 0.000000000000000000e+00 2.424395179748535156e+01 6.243775634765625000e+02 4.291619567871093750e+02
1.100000000000000000e+04 0.000000000000000000e+00 2.424395179748535156e+01 6.243775634765625000e+02 4.291619567871093750e+02 0.000000000000000000e+00 2.424395179748535156e+01 6.243775634765625000e+02 4.291619567871093750e+02
1.200000000000000000e+04 0.000000000000000000e+00 2.424394607543945312e+01 6.243775634765625000e+02 4.291619567871093750e+02 0.000000000000000000e+00 2.424394607543945312e+01 6.243775634765625000e+02 4.291619567871093750e+02
1.300000000000000000e+04 0.000000000000000000e+00 2.424391746520996094e+01 6.243776855468750000e+02 4.291618652343750000e+02 0.000000000000000000e+00 2.424391746520996094e+01 6.243776855468750000e+02 4.291618652343750000e+02
1.400000000000000000e+04 0.000000000000000000e+00 2.424352645874023438e+01 6.243782958984375000e+02 4.291616516113281250e+02 0.000000000000000000e+00 2.424352645874023438e+01 6.243782958984375000e+02 4.291616516113281250e+02
1.500000000000000000e+04 0.000000000000000000e+00 2.426041030883789062e+01 6.243497314453125000e+02 4.291734619140625000e+02 0.000000000000000000e+00 2.426041030883789062e+01 6.243497314453125000e+02 4.291734619140625000e+02
1.600000000000000000e+04 0.000000000000000000e+00 2.424404144287109375e+01 6.243774414062500000e+02 4.291619873046875000e+02 0.000000000000000000e+00 2.424404144287109375e+01 6.243774414062500000e+02 4.291619873046875000e+02
1.700000000000000000e+04 0.000000000000000000e+00 2.424465179443359375e+01 6.243763427734375000e+02 4.291624145507812500e+02 0.000000000000000000e+00 2.424465179443359375e+01 6.243763427734375000e+02 4.291624145507812500e+02
1.800000000000000000e+04 0.000000000000000000e+00 2.423876762390136719e+01 6.243864135742187500e+02 4.291582641601562500e+02 0.000000000000000000e+00 2.423876762390136719e+01 6.243864135742187500e+02 4.291582641601562500e+02
1.900000000000000000e+04 0.000000000000000000e+00 2.426418495178222656e+01 6.243434448242187500e+02 4.291761474609375000e+02 0.000000000000000000e+00 2.426418495178222656e+01 6.243434448242187500e+02 4.291761474609375000e+02
2.000000000000000000e+04 0.000000000000000000e+00 2.424391746520996094e+01 6.243776855468750000e+02 4.291618652343750000e+02 0.000000000000000000e+00 2.424391746520996094e+01 6.243776855468750000e+02 4.291618652343750000e+02
