# step, loss_train, loss_test, metrics_test
0.000000000000000000e+00 3.732469177246093750e+01 3.970080614089965820e-01 5.080544921875000000e+03 1.679653167724609375e+01 3.732469177246093750e+01 3.970080614089965820e-01 5.080544921875000000e+03 1.679653167724609375e+01
1.000000000000000000e+03 1.685556769371032715e-01 9.444224834442138672e-01 1.876109391450881958e-01 1.839903640747070312e+01 1.685556769371032715e-01 9.444224834442138672e-01 1.876109391450881958e-01 1.839903640747070312e+01
2.000000000000000000e+03 7.716214656829833984e-02 7.680668830871582031e-01 1.043969541788101196e-01 1.697951507568359375e+01 7.716214656829833984e-02 7.680668830871582031e-01 1.043969541788101196e-01 1.697951507568359375e+01
3.000000000000000000e+03 7.806410640478134155e-02 7.250689864158630371e-01 1.311140209436416626e-01 1.625814819335937500e+01 7.806410640478134155e-02 7.250689864158630371e-01 1.311140209436416626e-01 1.625814819335937500e+01
4.000000000000000000e+03 6.340622901916503906e-02 7.042814493179321289e-01 8.509559929370880127e-02 1.585240745544433594e+01 6.340622901916503906e-02 7.042814493179321289e-01 8.509559929370880127e-02 1.585240745544433594e+01
5.000000000000000000e+03 5.745517835021018982e-02 6.657261848449707031e-01 6.861422210931777954e-02 1.563792133331298828e+01 5.745517835021018982e-02 6.657261848449707031e-01 6.861422210931777954e-02 1.563792133331298828e+01
6.000000000000000000e+03 5.299440026283264160e-02 6.237075924873352051e-01 5.566773563623428345e-02 1.548209857940673828e+01 5.299440026283264160e-02 6.237075924873352051e-01 5.566773563623428345e-02 1.548209857940673828e+01
7.000000000000000000e+03 5.609174817800521851e-02 5.774167776107788086e-01 2.674776017665863037e-01 1.533954620361328125e+01 5.609174817800521851e-02 5.774167776107788086e-01 2.674776017665863037e-01 1.533954620361328125e+01
8.000000000000000000e+03 3.911754488945007324e-02 5.747054219245910645e-01 2.541076764464378357e-02 1.509524917602539062e+01 3.911754488945007324e-02 5.747054219245910645e-01 2.541076764464378357e-02 1.509524917602539062e+01
9.000000000000000000e+03 3.933243826031684875e-02 5.442500114440917969e-01 2.284585684537887573e-02 1.497612762451171875e+01 3.933243826031684875e-02 5.442500114440917969e-01 2.284585684537887573e-02 1.497612762451171875e+01
1.000000000000000000e+04 3.963149711489677429e-02 5.262545347213745117e-01 2.021765522658824921e-02 1.485706710815429688e+01 3.963149711489677429e-02 5.262545347213745117e-01 2.021765522658824921e-02 1.485706710815429688e+01
1.100000000000000000e+04 4.849473536014556885e-01 5.598463416099548340e-01 4.934719562530517578e+00 1.474291896820068359e+01 4.849473536014556885e-01 5.598463416099548340e-01 4.934719562530517578e+00 1.474291896820068359e+01
1.200000000000000000e+04 5.491580814123153687e-02 6.103690862655639648e-01 1.110167242586612701e-02 1.441801834106445312e+01 5.491580814123153687e-02 6.103690862655639648e-01 1.110167242586612701e-02 1.441801834106445312e+01
1.300000000000000000e+04 6.481246650218963623e-02 6.557327508926391602e-01 9.560336358845233917e-03 1.421909523010253906e+01 6.481246650218963623e-02 6.557327508926391602e-01 9.560336358845233917e-03 1.421909523010253906e+01
1.400000000000000000e+04 7.361841946840286255e-02 6.796763539314270020e-01 1.057858206331729889e-02 1.402355670928955078e+01 7.361841946840286255e-02 6.796763539314270020e-01 1.057858206331729889e-02 1.402355670928955078e+01
1.500000000000000000e+04 2.967744469642639160e-01 6.818647384643554688e-01 3.642050325870513916e-01 1.387188911437988281e+01 2.967744469642639160e-01 6.818647384643554688e-01 3.642050325870513916e-01 1.387188911437988281e+01
1.600000000000000000e+04 1.379847824573516846e-01 6.305890679359436035e-01 1.352318655699491501e-02 1.352973461151123047e+01 1.379847824573516846e-01 6.305890679359436035e-01 1.352318655699491501e-02 1.352973461151123047e+01
1.700000000000000000e+04 1.278645694255828857e-01 4.987879693508148193e-01 1.995326392352581024e-02 1.299894905090332031e+01 1.278645694255828857e-01 4.987879693508148193e-01 1.995326392352581024e-02 1.299894905090332031e+01
1.800000000000000000e+04 1.353361308574676514e-01 4.091039299964904785e-01 3.501935629174113274e-03 1.248552989959716797e+01 1.353361308574676514e-01 4.091039299964904785e-01 3.501935629174113274e-03 1.248552989959716797e+01
1.900000000000000000e+04 3.119885206222534180e+00 3.924529552459716797e-01 4.028812348842620850e-01 1.129084587097167969e+01 3.119885206222534180e+00 3.924529552459716797e-01 4.028812348842620850e-01 1.129084587097167969e+01
2.000000000000000000e+04 1.592410951852798462e-01 2.984187901020050049e-01 4.012576304376125336e-03 1.093297576904296875e+01 1.592410951852798462e-01 2.984187901020050049e-01 4.012576304376125336e-03 1.093297576904296875e+01
