# step, loss_train, loss_test, metrics_test
0.000000000000000000e+00 3.091935546875000000e+03 3.804108428955078125e+01 2.221624511718750000e+03 3.449869995117187500e+02 3.091935546875000000e+03 3.804108428955078125e+01 2.221624511718750000e+03 3.449869995117187500e+02
1.000000000000000000e+03 7.282689571380615234e+00 5.323432159423828125e+01 6.044475078582763672e+00 3.325623168945312500e+02 7.282689571380615234e+00 5.323432159423828125e+01 6.044475078582763672e+00 3.325623168945312500e+02
2.000000000000000000e+03 3.178647756576538086e+00 5.464867401123046875e+01 4.038171291351318359e+00 3.254271240234375000e+02 3.178647756576538086e+00 5.464867401123046875e+01 4.038171291351318359e+00 3.254271240234375000e+02
3.000000000000000000e+03 2.726715803146362305e+00 5.247864913940429688e+01 3.320025205612182617e+00 3.216903076171875000e+02 2.726715803146362305e+00 5.247864913940429688e+01 3.320025205612182617e+00 3.216903076171875000e+02
4.000000000000000000e+03 3.529346227645874023e+00 4.561336517333984375e+01 2.712994575500488281e+00 3.173086853027343750e+02 3.529346227645874023e+00 4.561336517333984375e+01 2.712994575500488281e+00 3.173086853027343750e+02
5.000000000000000000e+03 4.469908905029296875e+01 3.245719146728515625e+01 2.354926347732543945e+00 3.081248474121093750e+02 4.469908905029296875e+01 3.245719146728515625e+01 2.354926347732543945e+00 3.081248474121093750e+02
6.000000000000000000e+03 6.470690250396728516e+00 1.547144508361816406e+01 1.192864894866943359e+00 2.936882629394531250e+02 6.470690250396728516e+00 1.547144508361816406e+01 1.192864894866943359e+00 2.936882629394531250e+02
7.000000000000000000e+03 4.728831768035888672e+00 1.465375423431396484e+01 1.927286386489868164e+00 2.699891052246093750e+02 4.728831768035888672e+00 1.465375423431396484e+01 1.927286386489868164e+00 2.699891052246093750e+02
8.000000000000000000e+03 1.472790813446044922e+01 1.300932788848876953e+01 4.590350627899169922e+00 1.655989532470703125e+02 1.472790813446044922e+01 1.300932788848876953e+01 4.590350627899169922e+00 1.655989532470703125e+02
9.000000000000000000e+03 1.141970539093017578e+01 1.153742790222167969e+01 3.614173889160156250e+00 7.431542968750000000e+01 1.141970539093017578e+01 1.153742790222167969e+01 3.614173889160156250e+00 7.431542968750000000e+01
1.000000000000000000e+04 9.968749046325683594e+00 9.747574806213378906e+00 2.944649457931518555e+00 3.951401901245117188e+01 9.968749046325683594e+00 9.747574806213378906e+00 2.944649457931518555e+00 3.951401901245117188e+01
1.100000000000000000e+04 8.004946708679199219e+00 8.282016754150390625e+00 2.543917655944824219e+00 2.385408020019531250e+01 8.004946708679199219e+00 8.282016754150390625e+00 2.543917655944824219e+00 2.385408020019531250e+01
1.200000000000000000e+04 6.419335365295410156e+00 6.914985179901123047e+00 2.249286890029907227e+00 1.476791572570800781e+01 6.419335365295410156e+00 6.914985179901123047e+00 2.249286890029907227e+00 1.476791572570800781e+01
1.300000000000000000e+04 4.565451145172119141e+00 5.699091911315917969e+00 1.795596599578857422e+00 1.231821727752685547e+01 4.565451145172119141e+00 5.699091911315917969e+00 1.795596599578857422e+00 1.231821727752685547e+01
1.400000000000000000e+04 3.578626394271850586e+00 4.810074806213378906e+00 1.512667179107666016e+00 1.062920856475830078e+01 3.578626394271850586e+00 4.810074806213378906e+00 1.512667179107666016e+00 1.062920856475830078e+01
1.500000000000000000e+04 3.133900165557861328e+00 4.085221767425537109e+00 1.361254692077636719e+00 8.368715286254882812e+00 3.133900165557861328e+00 4.085221767425537109e+00 1.361254692077636719e+00 8.368715286254882812e+00
1.600000000000000000e+04 6.807324218750000000e+01 3.356178522109985352e+00 2.758351802825927734e+00 8.548143386840820312e+00 6.807324218750000000e+01 3.356178522109985352e+00 2.758351802825927734e+00 8.548143386840820312e+00
1.700000000000000000e+04 4.244733810424804688e+01 3.136085987091064453e+00 2.751310110092163086e+00 7.336323261260986328e+00 4.244733810424804688e+01 3.136085987091064453e+00 2.751310110092163086e+00 7.336323261260986328e+00
1.800000000000000000e+04 2.288064479827880859e+00 2.993739604949951172e+00 1.045768022537231445e+00 5.908473968505859375e+00 2.288064479827880859e+00 2.993739604949951172e+00 1.045768022537231445e+00 5.908473968505859375e+00
1.900000000000000000e+04 2.017382860183715820e+00 2.804529666900634766e+00 9.548597335815429688e-01 6.055641174316406250e+00 2.017382860183715820e+00 2.804529666900634766e+00 9.548597335815429688e-01 6.055641174316406250e+00
2.000000000000000000e+04 1.885874271392822266e+00 2.666163444519042969e+00 8.805232644081115723e-01 6.463834762573242188e+00 1.885874271392822266e+00 2.666163444519042969e+00 8.805232644081115723e-01 6.463834762573242188e+00
