# step, loss_train, loss_test, metrics_test
0.000000000000000000e+00 8.027914062500000000e+04 2.354527587890625000e+02 7.740646875000000000e+04 2.114490478515625000e+03 8.027914062500000000e+04 2.354527587890625000e+02 7.740646875000000000e+04 2.114490478515625000e+03
1.000000000000000000e+03 5.337256250000000000e+04 1.975861053466796875e+02 6.273338281250000000e+04 1.785182983398437500e+03 5.337256250000000000e+04 1.975861053466796875e+02 6.273338281250000000e+04 1.785182983398437500e+03
2.000000000000000000e+03 3.515908984375000000e+04 1.631913452148437500e+02 4.959072265625000000e+04 1.507812133789062500e+03 3.515908984375000000e+04 1.631913452148437500e+02 4.959072265625000000e+04 1.507812133789062500e+03
3.000000000000000000e+03 2.225177148437500000e+04 1.342931823730468750e+02 3.852407031250000000e+04 1.283465698242187500e+03 2.225177148437500000e+04 1.342931823730468750e+02 3.852407031250000000e+04 1.283465698242187500e+03
4.000000000000000000e+03 1.401597363281250000e+04 1.099056701660156250e+02 2.920848242187500000e+04 1.102903808593750000e+03 1.401597363281250000e+04 1.099056701660156250e+02 2.920848242187500000e+04 1.102903808593750000e+03
5.000000000000000000e+03 8.984674804687500000e+03 8.950414276123046875e+01 2.150089843750000000e+04 9.605025024414062500e+02 8.984674804687500000e+03 8.950414276123046875e+01 2.150089843750000000e+04 9.605025024414062500e+02
6.000000000000000000e+03 6.210814941406250000e+03 7.242006683349609375e+01 1.541762792968750000e+04 8.506628417968750000e+02 6.210814941406250000e+03 7.242006683349609375e+01 1.541762792968750000e+04 8.506628417968750000e+02
7.000000000000000000e+03 5.475272460937500000e+03 5.846703720092773438e+01 1.077384472656250000e+04 7.702036743164062500e+02 5.475272460937500000e+03 5.846703720092773438e+01 1.077384472656250000e+04 7.702036743164062500e+02
8.000000000000000000e+03 5.229700195312500000e+03 4.736677932739257812e+01 7.622027343750000000e+03 7.130735473632812500e+02 5.229700195312500000e+03 4.736677932739257812e+01 7.622027343750000000e+03 7.130735473632812500e+02
9.000000000000000000e+03 4.732156250000000000e+03 3.955955886840820312e+01 5.846546386718750000e+03 6.744561157226562500e+02 4.732156250000000000e+03 3.955955886840820312e+01 5.846546386718750000e+03 6.744561157226562500e+02
1.000000000000000000e+04 4.222232421875000000e+03 3.373017883300781250e+01 4.757999511718750000e+03 6.451320190429687500e+02 4.222232421875000000e+03 3.373017883300781250e+01 4.757999511718750000e+03 6.451320190429687500e+02
1.100000000000000000e+04 3.692288818359375000e+03 2.928124046325683594e+01 3.941001464843750000e+03 6.195645141601562500e+02 3.692288818359375000e+03 2.928124046325683594e+01 3.941001464843750000e+03 6.195645141601562500e+02
1.200000000000000000e+04 3.594732421875000000e+03 2.558914184570312500e+01 3.120546142578125000e+03 5.956058349609375000e+02 3.594732421875000000e+03 2.558914184570312500e+01 3.120546142578125000e+03 5.956058349609375000e+02
1.300000000000000000e+04 3.842506347656250000e+03 2.227852630615234375e+01 2.568549072265625000e+03 5.728492431640625000e+02 3.842506347656250000e+03 2.227852630615234375e+01 2.568549072265625000e+03 5.728492431640625000e+02
1.400000000000000000e+04 3.829550537109375000e+03 1.860845565795898438e+01 2.229838378906250000e+03 5.484411621093750000e+02 3.829550537109375000e+03 1.860845565795898438e+01 2.229838378906250000e+03 5.484411621093750000e+02
1.500000000000000000e+04 3.326605468750000000e+03 1.509190750122070312e+01 1.971709350585937500e+03 5.244072875976562500e+02 3.326605468750000000e+03 1.509190750122070312e+01 1.971709350585937500e+03 5.244072875976562500e+02
1.600000000000000000e+04 3.139484375000000000e+03 1.188019466400146484e+01 1.787093750000000000e+03 5.004536132812500000e+02 3.139484375000000000e+03 1.188019466400146484e+01 1.787093750000000000e+03 5.004536132812500000e+02
1.700000000000000000e+04 3.038455322265625000e+03 9.162515640258789062e+00 1.647208862304687500e+03 4.770893859863281250e+02 3.038455322265625000e+03 9.162515640258789062e+00 1.647208862304687500e+03 4.770893859863281250e+02
1.800000000000000000e+04 2.773537841796875000e+03 7.340383529663085938e+00 1.508737915039062500e+03 4.562321166992187500e+02 2.773537841796875000e+03 7.340383529663085938e+00 1.508737915039062500e+03 4.562321166992187500e+02
1.900000000000000000e+04 2.474032958984375000e+03 6.269434452056884766e+00 1.360719604492187500e+03 4.390364990234375000e+02 2.474032958984375000e+03 6.269434452056884766e+00 1.360719604492187500e+03 4.390364990234375000e+02
2.000000000000000000e+04 2.410220947265625000e+03 5.753404617309570312e+00 1.259574707031250000e+03 4.273475036621093750e+02 2.410220947265625000e+03 5.753404617309570312e+00 1.259574707031250000e+03 4.273475036621093750e+02
