# step, loss_train, loss_test, metrics_test
0.000000000000000000e+00 8.476031494140625000e+02 2.587452888488769531e+01 7.243057617187500000e+03 4.317855834960937500e+02 8.476031494140625000e+02 2.587452888488769531e+01 7.243057617187500000e+03 4.317855834960937500e+02
1.000000000000000000e+03 5.415476322174072266e+00 1.761366271972656250e+01 4.329627990722656250e+00 3.122821044921875000e+02 5.415476322174072266e+00 1.761366271972656250e+01 4.329627990722656250e+00 3.122821044921875000e+02
2.000000000000000000e+03 1.070367717742919922e+01 1.753837013244628906e+01 1.925617575645446777e+00 2.520180816650390625e+02 1.070367717742919922e+01 1.753837013244628906e+01 1.925617575645446777e+00 2.520180816650390625e+02
3.000000000000000000e+03 9.035278320312500000e+00 1.792998886108398438e+01 1.598586559295654297e+00 2.277784881591796875e+02 9.035278320312500000e+00 1.792998886108398438e+01 1.598586559295654297e+00 2.277784881591796875e+02
4.000000000000000000e+03 6.090863037109375000e+02 9.488619804382324219e+00 2.470210418701171875e+02 2.498505249023437500e+02 6.090863037109375000e+02 9.488619804382324219e+00 2.470210418701171875e+02 2.498505249023437500e+02
5.000000000000000000e+03 1.399328994750976562e+01 8.059529304504394531e+00 1.688494086265563965e+00 1.405193023681640625e+02 1.399328994750976562e+01 8.059529304504394531e+00 1.688494086265563965e+00 1.405193023681640625e+02
6.000000000000000000e+03 1.473108100891113281e+01 9.351933479309082031e+00 6.896487712860107422e+00 1.478530426025390625e+02 1.473108100891113281e+01 9.351933479309082031e+00 6.896487712860107422e+00 1.478530426025390625e+02
7.000000000000000000e+03 2.815259552001953125e+01 1.442323970794677734e+01 1.052966976165771484e+01 1.656392059326171875e+02 2.815259552001953125e+01 1.442323970794677734e+01 1.052966976165771484e+01 1.656392059326171875e+02
8.000000000000000000e+03 4.068837642669677734e+00 7.946151494979858398e-01 1.285954356193542480e+00 8.584892272949218750e+00 4.068837642669677734e+00 7.946151494979858398e-01 1.285954356193542480e+00 8.584892272949218750e+00
9.000000000000000000e+03 3.725752592086791992e+00 2.875474989414215088e-01 7.289634346961975098e-01 2.995690107345581055e+00 3.725752592086791992e+00 2.875474989414215088e-01 7.289634346961975098e-01 2.995690107345581055e+00
1.000000000000000000e+04 4.668366909027099609e+00 3.775121569633483887e-01 2.256708860397338867e+00 3.361200094223022461e+00 4.668366909027099609e+00 3.775121569633483887e-01 2.256708860397338867e+00 3.361200094223022461e+00
1.100000000000000000e+04 2.040357828140258789e+00 1.629047393798828125e-01 7.161504626274108887e-01 2.538540124893188477e+00 2.040357828140258789e+00 1.629047393798828125e-01 7.161504626274108887e-01 2.538540124893188477e+00
1.200000000000000000e+04 3.159554004669189453e+00 1.113276258111000061e-01 1.622357964515686035e+00 2.067246913909912109e+00 3.159554004669189453e+00 1.113276258111000061e-01 1.622357964515686035e+00 2.067246913909912109e+00
1.300000000000000000e+04 1.127035236358642578e+01 4.627060294151306152e-01 2.117494964599609375e+01 2.857784032821655273e+00 1.127035236358642578e+01 4.627060294151306152e-01 2.117494964599609375e+01 2.857784032821655273e+00
1.400000000000000000e+04 1.706947898864746094e+01 1.336020976305007935e-01 3.241233587265014648e+00 3.275483846664428711e+00 1.706947898864746094e+01 1.336020976305007935e-01 3.241233587265014648e+00 3.275483846664428711e+00
1.500000000000000000e+04 4.089254379272460938e+00 3.529380634427070618e-02 1.205507397651672363e+00 1.424718499183654785e+00 4.089254379272460938e+00 3.529380634427070618e-02 1.205507397651672363e+00 1.424718499183654785e+00
1.600000000000000000e+04 2.495965003967285156e+00 4.325473681092262268e-02 1.303388714790344238e+00 2.282801866531372070e+00 2.495965003967285156e+00 4.325473681092262268e-02 1.303388714790344238e+00 2.282801866531372070e+00
1.700000000000000000e+04 1.772917270660400391e+00 4.047777876257896423e-02 1.669881701469421387e+00 1.345915555953979492e+00 1.772917270660400391e+00 4.047777876257896423e-02 1.669881701469421387e+00 1.345915555953979492e+00
1.800000000000000000e+04 3.033675670623779297e+00 2.269386500120162964e-02 4.843773245811462402e-01 9.268942475318908691e-01 3.033675670623779297e+00 2.269386500120162964e-02 4.843773245811462402e-01 9.268942475318908691e-01
1.900000000000000000e+04 1.411684155464172363e+00 1.075877528637647629e-02 6.114098429679870605e-01 6.102590560913085938e-01 1.411684155464172363e+00 1.075877528637647629e-02 6.114098429679870605e-01 6.102590560913085938e-01
2.000000000000000000e+04 2.940189170837402344e+01 1.897993385791778564e-01 2.586725997924804688e+01 7.580934166908264160e-01 2.940189170837402344e+01 1.897993385791778564e-01 2.586725997924804688e+01 7.580934166908264160e-01
