# step, loss_train, loss_test, metrics_test
0.000000000000000000e+00 0.000000000000000000e+00 1.115911178588867188e+02 0.000000000000000000e+00 4.622812194824218750e+02 0.000000000000000000e+00 1.115911178588867188e+02 0.000000000000000000e+00 4.622812194824218750e+02
1.000000000000000000e+03 0.000000000000000000e+00 5.627326202392578125e+01 0.000000000000000000e+00 1.221469192504882812e+02 0.000000000000000000e+00 5.627326202392578125e+01 0.000000000000000000e+00 1.221469192504882812e+02
2.000000000000000000e+03 0.000000000000000000e+00 6.392191314697265625e+01 0.000000000000000000e+00 1.457423400878906250e+02 0.000000000000000000e+00 6.392191314697265625e+01 0.000000000000000000e+00 1.457423400878906250e+02
3.000000000000000000e+03 0.000000000000000000e+00 2.642885017395019531e+01 0.000000000000000000e+00 3.452844238281250000e+02 0.000000000000000000e+00 2.642885017395019531e+01 0.000000000000000000e+00 3.452844238281250000e+02
4.000000000000000000e+03 0.000000000000000000e+00 1.366524600982666016e+01 0.000000000000000000e+00 3.989413757324218750e+02 0.000000000000000000e+00 1.366524600982666016e+01 0.000000000000000000e+00 3.989413757324218750e+02
5.000000000000000000e+03 0.000000000000000000e+00 1.388243579864501953e+01 0.000000000000000000e+00 3.993767089843750000e+02 0.000000000000000000e+00 1.388243579864501953e+01 0.000000000000000000e+00 3.993767089843750000e+02
6.000000000000000000e+03 0.000000000000000000e+00 1.712876319885253906e+01 0.000000000000000000e+00 3.969584350585937500e+02 0.000000000000000000e+00 1.712876319885253906e+01 0.000000000000000000e+00 3.969584350585937500e+02
7.000000000000000000e+03 0.000000000000000000e+00 1.436590290069580078e+01 0.000000000000000000e+00 3.981863708496093750e+02 0.000000000000000000e+00 1.436590290069580078e+01 0.000000000000000000e+00 3.981863708496093750e+02
8.000000000000000000e+03 0.000000000000000000e+00 1.415971660614013672e+01 0.000000000000000000e+00 3.985781860351562500e+02 0.000000000000000000e+00 1.415971660614013672e+01 0.000000000000000000e+00 3.985781860351562500e+02
9.000000000000000000e+03 0.000000000000000000e+00 1.708288002014160156e+01 0.000000000000000000e+00 4.197370300292968750e+02 0.000000000000000000e+00 1.708288002014160156e+01 0.000000000000000000e+00 4.197370300292968750e+02
1.000000000000000000e+04 0.000000000000000000e+00 1.708365440368652344e+01 0.000000000000000000e+00 4.197363281250000000e+02 0.000000000000000000e+00 1.708365440368652344e+01 0.000000000000000000e+00 4.197363281250000000e+02
1.100000000000000000e+04 0.000000000000000000e+00 1.708307647705078125e+01 0.000000000000000000e+00 4.197368774414062500e+02 0.000000000000000000e+00 1.708307647705078125e+01 0.000000000000000000e+00 4.197368774414062500e+02
1.200000000000000000e+04 0.000000000000000000e+00 1.708291053771972656e+01 0.000000000000000000e+00 4.197369995117187500e+02 0.000000000000000000e+00 1.708291053771972656e+01 0.000000000000000000e+00 4.197369995117187500e+02
1.300000000000000000e+04 0.000000000000000000e+00 1.708283615112304688e+01 0.000000000000000000e+00 4.197370910644531250e+02 0.000000000000000000e+00 1.708283615112304688e+01 0.000000000000000000e+00 4.197370910644531250e+02
1.400000000000000000e+04 0.000000000000000000e+00 1.708288192749023438e+01 0.000000000000000000e+00 4.197370300292968750e+02 0.000000000000000000e+00 1.708288192749023438e+01 0.000000000000000000e+00 4.197370300292968750e+02
1.500000000000000000e+04 0.000000000000000000e+00 1.708288764953613281e+01 0.000000000000000000e+00 4.197370300292968750e+02 0.000000000000000000e+00 1.708288764953613281e+01 0.000000000000000000e+00 4.197370300292968750e+02
1.600000000000000000e+04 0.000000000000000000e+00 1.708290290832519531e+01 0.000000000000000000e+00 4.197369995117187500e+02 0.000000000000000000e+00 1.708290290832519531e+01 0.000000000000000000e+00 4.197369995117187500e+02
1.700000000000000000e+04 0.000000000000000000e+00 1.708293533325195312e+01 0.000000000000000000e+00 4.197369995117187500e+02 0.000000000000000000e+00 1.708293533325195312e+01 0.000000000000000000e+00 4.197369995117187500e+02
1.800000000000000000e+04 0.000000000000000000e+00 1.713618850708007812e+01 0.000000000000000000e+00 4.197386169433593750e+02 0.000000000000000000e+00 1.713618850708007812e+01 0.000000000000000000e+00 4.197386169433593750e+02
1.900000000000000000e+04 0.000000000000000000e+00 1.708264732360839844e+01 0.000000000000000000e+00 4.197372436523437500e+02 0.000000000000000000e+00 1.708264732360839844e+01 0.000000000000000000e+00 4.197372436523437500e+02
2.000000000000000000e+04 0.000000000000000000e+00 1.708300399780273438e+01 0.000000000000000000e+00 4.197369079589843750e+02 0.000000000000000000e+00 1.708300399780273438e+01 0.000000000000000000e+00 4.197369079589843750e+02
