# step, loss_train, loss_test, metrics_test
0.000000000000000000e+00 4.489261718750000000e+04 9.553827667236328125e+01 2.407347656250000000e+04 4.114379882812500000e+01 4.489261718750000000e+04 9.553827667236328125e+01 2.407347656250000000e+04 4.114379882812500000e+01
1.000000000000000000e+03 3.564393023406080000e+14 4.136407859200000000e+10 1.419406580121600000e+13 1.295179468800000000e+10 3.564393023406080000e+14 4.136407859200000000e+10 1.419406580121600000e+13 1.295179468800000000e+10
2.000000000000000000e+03 5.238913530593280000e+14 2.470558310400000000e+10 8.261117935616000000e+12 7.507719168000000000e+09 5.238913530593280000e+14 2.470558310400000000e+10 8.261117935616000000e+12 7.507719168000000000e+09
3.000000000000000000e+03 5.097327853305856000e+15 6.773985280000000000e+10 7.623381876736000000e+12 3.593662464000000000e+10 5.097327853305856000e+15 6.773985280000000000e+10 7.623381876736000000e+12 3.593662464000000000e+10
4.000000000000000000e+03 4.867452546580480000e+14 5.135283814400000000e+10 4.640446873600000000e+12 9.400764416000000000e+09 4.867452546580480000e+14 5.135283814400000000e+10 4.640446873600000000e+12 9.400764416000000000e+09
5.000000000000000000e+03 2.056358702612480000e+14 4.051886489600000000e+10 4.376263131136000000e+12 5.220118528000000000e+09 2.056358702612480000e+14 4.051886489600000000e+10 4.376263131136000000e+12 5.220118528000000000e+09
6.000000000000000000e+03 1.968565242560512000e+15 1.993350735462400000e+13 3.197754549469184000e+15 2.219576393728000000e+12 1.968565242560512000e+15 1.993350735462400000e+13 3.197754549469184000e+15 2.219576393728000000e+12
7.000000000000000000e+03 1.066397262151680000e+14 2.596509900800000000e+10 3.964213919744000000e+12 6.085284864000000000e+09 1.066397262151680000e+14 2.596509900800000000e+10 3.964213919744000000e+12 6.085284864000000000e+09
8.000000000000000000e+03 7.692901312102400000e+13 2.281214156800000000e+10 3.026634670080000000e+12 5.290516480000000000e+09 7.692901312102400000e+13 2.281214156800000000e+10 3.026634670080000000e+12 5.290516480000000000e+09
9.000000000000000000e+03 7.187945698099200000e+13 9.597408256000000000e+09 4.784027860992000000e+12 2.643826432000000000e+09 7.187945698099200000e+13 9.597408256000000000e+09 4.784027860992000000e+12 2.643826432000000000e+09
1.000000000000000000e+04 9.135489391001600000e+13 1.323930419200000000e+10 2.764227739648000000e+12 2.831172608000000000e+09 9.135489391001600000e+13 1.323930419200000000e+10 2.764227739648000000e+12 2.831172608000000000e+09
1.100000000000000000e+04 6.874000365977600000e+13 9.319489536000000000e+09 2.494464786432000000e+12 2.313066752000000000e+09 6.874000365977600000e+13 9.319489536000000000e+09 2.494464786432000000e+12 2.313066752000000000e+09
1.200000000000000000e+04 5.119352294604800000e+13 6.397204480000000000e+09 2.263136075776000000e+12 1.864746240000000000e+09 5.119352294604800000e+13 6.397204480000000000e+09 2.263136075776000000e+12 1.864746240000000000e+09
1.300000000000000000e+04 3.904922189824000000e+13 4.731748352000000000e+09 2.060327059456000000e+12 1.517181824000000000e+09 3.904922189824000000e+13 4.731748352000000000e+09 2.060327059456000000e+12 1.517181824000000000e+09
1.400000000000000000e+04 3.006093957529600000e+13 4.038431232000000000e+09 1.866007576576000000e+12 1.273760000000000000e+09 3.006093957529600000e+13 4.038431232000000000e+09 1.866007576576000000e+12 1.273760000000000000e+09
1.500000000000000000e+04 2.235794089574400000e+13 3.451020544000000000e+09 1.578669441024000000e+12 1.044066624000000000e+09 2.235794089574400000e+13 3.451020544000000000e+09 1.578669441024000000e+12 1.044066624000000000e+09
1.600000000000000000e+04 1.563170544025600000e+13 3.211026688000000000e+09 1.398205841408000000e+12 9.378545280000000000e+08 1.563170544025600000e+13 3.211026688000000000e+09 1.398205841408000000e+12 9.378545280000000000e+08
1.700000000000000000e+04 8.957659709440000000e+12 1.898495872000000000e+09 8.837212405760000000e+11 5.661176960000000000e+08 8.957659709440000000e+12 1.898495872000000000e+09 8.837212405760000000e+11 5.661176960000000000e+08
1.800000000000000000e+04 1.070471734886400000e+13 5.923568844800000000e+10 9.873194483712000000e+12 7.440169984000000000e+09 1.070471734886400000e+13 5.923568844800000000e+10 9.873194483712000000e+12 7.440169984000000000e+09
1.900000000000000000e+04 2.951256473600000000e+12 8.542164480000000000e+08 4.250803896320000000e+11 2.604826240000000000e+08 2.951256473600000000e+12 8.542164480000000000e+08 4.250803896320000000e+11 2.604826240000000000e+08
2.000000000000000000e+04 2.416154538774477071e+23 1.674125063105806336e+18 6.122040633272586732e+20 2.437618481370234880e+17 2.416154538774477071e+23 1.674125063105806336e+18 6.122040633272586732e+20 2.437618481370234880e+17
