# step, loss_train, loss_test, metrics_test
0.000000000000000000e+00 0.000000000000000000e+00 4.007649230957031250e+01 9.156396484375000000e+03 4.812012023925781250e+02 0.000000000000000000e+00 4.007649230957031250e+01 9.156396484375000000e+03 4.812012023925781250e+02
1.000000000000000000e+03 0.000000000000000000e+00 2.373813629150390625e+01 2.938057861328125000e+03 4.299739379882812500e+02 0.000000000000000000e+00 2.373813629150390625e+01 2.938057861328125000e+03 4.299739379882812500e+02
2.000000000000000000e+03 0.000000000000000000e+00 2.373849105834960938e+01 2.938056884765625000e+03 4.299742431640625000e+02 0.000000000000000000e+00 2.373849105834960938e+01 2.938056884765625000e+03 4.299742431640625000e+02
3.000000000000000000e+03 0.000000000000000000e+00 2.373847389221191406e+01 2.938056884765625000e+03 4.299742431640625000e+02 0.000000000000000000e+00 2.373847389221191406e+01 2.938056884765625000e+03 4.299742431640625000e+02
4.000000000000000000e+03 0.000000000000000000e+00 2.373846244812011719e+01 2.938056884765625000e+03 4.299742431640625000e+02 0.000000000000000000e+00 2.373846244812011719e+01 2.938056884765625000e+03 4.299742431640625000e+02
5.000000000000000000e+03 0.000000000000000000e+00 2.373845481872558594e+01 2.938056884765625000e+03 4.299742126464843750e+02 0.000000000000000000e+00 2.373845481872558594e+01 2.938056884765625000e+03 4.299742126464843750e+02
6.000000000000000000e+03 0.000000000000000000e+00 2.373845481872558594e+01 2.938056884765625000e+03 4.299742126464843750e+02 0.000000000000000000e+00 2.373845481872558594e+01 2.938056884765625000e+03 4.299742126464843750e+02
7.000000000000000000e+03 0.000000000000000000e+00 2.373845481872558594e+01 2.938056884765625000e+03 4.299742126464843750e+02 0.000000000000000000e+00 2.373845481872558594e+01 2.938056884765625000e+03 4.299742126464843750e+02
8.000000000000000000e+03 0.000000000000000000e+00 2.373845481872558594e+01 2.938056884765625000e+03 4.299742126464843750e+02 0.000000000000000000e+00 2.373845481872558594e+01 2.938056884765625000e+03 4.299742126464843750e+02
9.000000000000000000e+03 0.000000000000000000e+00 2.373844337463378906e+01 2.938056884765625000e+03 4.299742431640625000e+02 0.000000000000000000e+00 2.373844337463378906e+01 2.938056884765625000e+03 4.299742431640625000e+02
1.000000000000000000e+04 0.000000000000000000e+00 2.373845481872558594e+01 2.938056884765625000e+03 4.299742126464843750e+02 0.000000000000000000e+00 2.373845481872558594e+01 2.938056884765625000e+03 4.299742126464843750e+02
1.100000000000000000e+04 0.000000000000000000e+00 2.373844337463378906e+01 2.938056884765625000e+03 4.299742431640625000e+02 0.000000000000000000e+00 2.373844337463378906e+01 2.938056884765625000e+03 4.299742431640625000e+02
1.200000000000000000e+04 0.000000000000000000e+00 2.373840141296386719e+01 2.938056884765625000e+03 4.299741821289062500e+02 0.000000000000000000e+00 2.373840141296386719e+01 2.938056884765625000e+03 4.299741821289062500e+02
1.300000000000000000e+04 0.000000000000000000e+00 2.420902061462402344e+01 2.937841064453125000e+03 4.303298645019531250e+02 0.000000000000000000e+00 2.420902061462402344e+01 2.937841064453125000e+03 4.303298645019531250e+02
1.400000000000000000e+04 0.000000000000000000e+00 2.373821067810058594e+01 2.938057861328125000e+03 4.299740295410156250e+02 0.000000000000000000e+00 2.373821067810058594e+01 2.938057861328125000e+03 4.299740295410156250e+02
1.500000000000000000e+04 0.000000000000000000e+00 2.985514831542968750e+01 3.005072509765625000e+03 4.346282043457031250e+02 0.000000000000000000e+00 2.985514831542968750e+01 3.005072509765625000e+03 4.346282043457031250e+02
1.600000000000000000e+04 0.000000000000000000e+00 2.370296096801757812e+01 2.938122802734375000e+03 4.299474487304687500e+02 0.000000000000000000e+00 2.370296096801757812e+01 2.938122802734375000e+03 4.299474487304687500e+02
1.700000000000000000e+04 0.000000000000000000e+00 2.373830032348632812e+01 2.938057373046875000e+03 4.299741210937500000e+02 0.000000000000000000e+00 2.373830032348632812e+01 2.938057373046875000e+03 4.299741210937500000e+02
1.800000000000000000e+04 0.000000000000000000e+00 2.373837852478027344e+01 2.938056884765625000e+03 4.299741210937500000e+02 0.000000000000000000e+00 2.373837852478027344e+01 2.938056884765625000e+03 4.299741210937500000e+02
1.900000000000000000e+04 0.000000000000000000e+00 2.373858642578125000e+01 2.938056884765625000e+03 4.299743041992187500e+02 0.000000000000000000e+00 2.373858642578125000e+01 2.938056884765625000e+03 4.299743041992187500e+02
2.000000000000000000e+04 0.000000000000000000e+00 2.373840141296386719e+01 2.938056884765625000e+03 4.299741821289062500e+02 0.000000000000000000e+00 2.373840141296386719e+01 2.938056884765625000e+03 4.299741821289062500e+02
