# step, loss_train, loss_test, metrics_test
0.000000000000000000e+00 5.398171386718750000e+03 3.412627029418945312e+01 2.959643310546875000e+03 4.812012023925781250e+02 5.398171386718750000e+03 3.412627029418945312e+01 2.959643310546875000e+03 4.812012023925781250e+02
1.000000000000000000e+03 6.630934448242187500e+02 2.758557128906250000e+01 2.087621826171875000e+03 4.542456359863281250e+02 6.630934448242187500e+02 2.758557128906250000e+01 2.087621826171875000e+03 4.542456359863281250e+02
2.000000000000000000e+03 2.099894714355468750e+02 2.192176437377929688e+01 1.413855346679687500e+03 4.406943054199218750e+02 2.099894714355468750e+02 2.192176437377929688e+01 1.413855346679687500e+03 4.406943054199218750e+02
3.000000000000000000e+03 9.037402343750000000e+01 1.872019004821777344e+01 1.002058532714843750e+03 4.339066772460937500e+02 9.037402343750000000e+01 1.872019004821777344e+01 1.002058532714843750e+03 4.339066772460937500e+02
4.000000000000000000e+03 3.876403808593750000e+01 1.776752853393554688e+01 7.826763305664062500e+02 4.314443054199218750e+02 3.876403808593750000e+01 1.776752853393554688e+01 7.826763305664062500e+02 4.314443054199218750e+02
5.000000000000000000e+03 2.186898422241210938e+01 1.828772163391113281e+01 6.913896484375000000e+02 4.316827697753906250e+02 2.186898422241210938e+01 1.828772163391113281e+01 6.913896484375000000e+02 4.316827697753906250e+02
6.000000000000000000e+03 1.728464508056640625e+01 1.921595954895019531e+01 6.530728149414062500e+02 4.331089477539062500e+02 1.728464508056640625e+01 1.921595954895019531e+01 6.530728149414062500e+02 4.331089477539062500e+02
7.000000000000000000e+03 1.532198143005371094e+01 1.989153289794921875e+01 6.198170166015625000e+02 4.345888061523437500e+02 1.532198143005371094e+01 1.989153289794921875e+01 6.198170166015625000e+02 4.345888061523437500e+02
8.000000000000000000e+03 1.501978969573974609e+01 2.044559288024902344e+01 5.864574584960937500e+02 4.360495910644531250e+02 1.501978969573974609e+01 2.044559288024902344e+01 5.864574584960937500e+02 4.360495910644531250e+02
9.000000000000000000e+03 1.623554039001464844e+01 2.094778633117675781e+01 5.503519897460937500e+02 4.375352478027343750e+02 1.623554039001464844e+01 2.094778633117675781e+01 5.503519897460937500e+02 4.375352478027343750e+02
1.000000000000000000e+04 1.982743453979492188e+01 2.132722282409667969e+01 5.069053649902343750e+02 4.382578735351562500e+02 1.982743453979492188e+01 2.132722282409667969e+01 5.069053649902343750e+02 4.382578735351562500e+02
1.100000000000000000e+04 2.504462051391601562e+01 2.178124237060546875e+01 4.486032714843750000e+02 4.366272583007812500e+02 2.504462051391601562e+01 2.178124237060546875e+01 4.486032714843750000e+02 4.366272583007812500e+02
1.200000000000000000e+04 3.231744766235351562e+01 2.480900764465332031e+01 3.568838806152343750e+02 4.303692932128906250e+02 3.231744766235351562e+01 2.480900764465332031e+01 3.568838806152343750e+02 4.303692932128906250e+02
1.300000000000000000e+04 4.362242507934570312e+01 3.486144638061523438e+01 2.237722473144531250e+02 4.197434692382812500e+02 4.362242507934570312e+01 3.486144638061523438e+01 2.237722473144531250e+02 4.197434692382812500e+02
1.400000000000000000e+04 4.285713577270507812e+01 5.302654266357421875e+01 1.033097457885742188e+02 4.078784790039062500e+02 4.285713577270507812e+01 5.302654266357421875e+01 1.033097457885742188e+02 4.078784790039062500e+02
1.500000000000000000e+04 3.287477493286132812e+01 6.181410980224609375e+01 5.225096511840820312e+01 4.038796386718750000e+02 3.287477493286132812e+01 6.181410980224609375e+01 5.225096511840820312e+01 4.038796386718750000e+02
1.600000000000000000e+04 2.337857055664062500e+01 6.158329010009765625e+01 3.246332550048828125e+01 4.030669860839843750e+02 2.337857055664062500e+01 6.158329010009765625e+01 3.246332550048828125e+01 4.030669860839843750e+02
1.700000000000000000e+04 1.665168952941894531e+01 5.873718643188476562e+01 2.264424896240234375e+01 4.018725585937500000e+02 1.665168952941894531e+01 5.873718643188476562e+01 2.264424896240234375e+01 4.018725585937500000e+02
1.800000000000000000e+04 1.207415008544921875e+01 5.555304336547851562e+01 1.768831253051757812e+01 3.996654663085937500e+02 1.207415008544921875e+01 5.555304336547851562e+01 1.768831253051757812e+01 3.996654663085937500e+02
1.900000000000000000e+04 9.180986404418945312e+00 5.241154479980468750e+01 1.528667926788330078e+01 3.974248352050781250e+02 9.180986404418945312e+00 5.241154479980468750e+01 1.528667926788330078e+01 3.974248352050781250e+02
2.000000000000000000e+04 6.896055698394775391e+00 4.933167266845703125e+01 1.346224880218505859e+01 3.956108093261718750e+02 6.896055698394775391e+00 4.933167266845703125e+01 1.346224880218505859e+01 3.956108093261718750e+02
