# step, loss_train, loss_test, metrics_test
0.000000000000000000e+00 3.437830078125000000e+03 2.904511642456054688e+01 3.615364501953125000e+03 1.822754516601562500e+02 3.437830078125000000e+03 2.904511642456054688e+01 3.615364501953125000e+03 1.822754516601562500e+02
1.000000000000000000e+03 5.837707519531250000e+00 4.721854019165039062e+01 3.959894418716430664e+00 1.752266082763671875e+02 5.837707519531250000e+00 4.721854019165039062e+01 3.959894418716430664e+00 1.752266082763671875e+02
2.000000000000000000e+03 3.677813053131103516e+00 3.238368606567382812e+01 3.798805475234985352e+00 1.676916809082031250e+02 3.677813053131103516e+00 3.238368606567382812e+01 3.798805475234985352e+00 1.676916809082031250e+02
3.000000000000000000e+03 4.412953376770019531e+00 9.396450996398925781e+00 8.578098297119140625e+00 1.616590728759765625e+02 4.412953376770019531e+00 9.396450996398925781e+00 8.578098297119140625e+00 1.616590728759765625e+02
4.000000000000000000e+03 9.086688756942749023e-01 5.744817733764648438e+00 3.665423393249511719e-01 1.537287292480468750e+02 9.086688756942749023e-01 5.744817733764648438e+00 3.665423393249511719e-01 1.537287292480468750e+02
5.000000000000000000e+03 1.303005337715148926e+00 4.371956348419189453e+00 7.841077446937561035e-01 1.474229736328125000e+02 1.303005337715148926e+00 4.371956348419189453e+00 7.841077446937561035e-01 1.474229736328125000e+02
6.000000000000000000e+03 2.009425926208496094e+01 2.749083042144775391e+00 3.582156658172607422e+00 1.415952758789062500e+02 2.009425926208496094e+01 2.749083042144775391e+00 3.582156658172607422e+00 1.415952758789062500e+02
7.000000000000000000e+03 1.510228514671325684e+00 3.571857929229736328e+00 6.133628487586975098e-01 1.327811737060546875e+02 1.510228514671325684e+00 3.571857929229736328e+00 6.133628487586975098e-01 1.327811737060546875e+02
8.000000000000000000e+03 1.897803115844726562e+01 1.255772209167480469e+01 1.417052173614501953e+01 1.638613586425781250e+02 1.897803115844726562e+01 1.255772209167480469e+01 1.417052173614501953e+01 1.638613586425781250e+02
9.000000000000000000e+03 4.077991485595703125e+00 6.470274448394775391e+00 3.067129850387573242e-01 1.608349761962890625e+02 4.077991485595703125e+00 6.470274448394775391e+00 3.067129850387573242e-01 1.608349761962890625e+02
1.000000000000000000e+04 3.851419925689697266e+00 5.897943973541259766e+00 3.503034710884094238e-01 1.584552459716796875e+02 3.851419925689697266e+00 5.897943973541259766e+00 3.503034710884094238e-01 1.584552459716796875e+02
1.100000000000000000e+04 3.137947797775268555e+00 4.827494144439697266e+00 1.606954574584960938e+01 1.559080200195312500e+02 3.137947797775268555e+00 4.827494144439697266e+00 1.606954574584960938e+01 1.559080200195312500e+02
1.200000000000000000e+04 1.106047153472900391e+00 3.921953439712524414e+00 7.271291315555572510e-02 1.518336181640625000e+02 1.106047153472900391e+00 3.921953439712524414e+00 7.271291315555572510e-02 1.518336181640625000e+02
1.300000000000000000e+04 1.130713343620300293e+00 3.197368860244750977e+00 8.106360584497451782e-02 1.448968505859375000e+02 1.130713343620300293e+00 3.197368860244750977e+00 8.106360584497451782e-02 1.448968505859375000e+02
1.400000000000000000e+04 1.627686619758605957e+00 2.632686853408813477e+00 1.628055274486541748e-01 1.282472534179687500e+02 1.627686619758605957e+00 2.632686853408813477e+00 1.628055274486541748e-01 1.282472534179687500e+02
1.500000000000000000e+04 5.256978607177734375e+01 6.104648113250732422e+00 7.517209053039550781e+00 1.118580627441406250e+02 5.256978607177734375e+01 6.104648113250732422e+00 7.517209053039550781e+00 1.118580627441406250e+02
1.600000000000000000e+04 3.316059350967407227e+00 2.937034606933593750e+00 6.499375402927398682e-02 1.171355819702148438e+02 3.316059350967407227e+00 2.937034606933593750e+00 6.499375402927398682e-02 1.171355819702148438e+02
1.700000000000000000e+04 2.866855144500732422e+00 3.623776197433471680e+00 3.413582444190979004e-01 1.311321105957031250e+02 2.866855144500732422e+00 3.623776197433471680e+00 3.413582444190979004e-01 1.311321105957031250e+02
1.800000000000000000e+04 5.264655590057373047e+00 3.924908638000488281e+00 1.506466746330261230e+00 1.333701477050781250e+02 5.264655590057373047e+00 3.924908638000488281e+00 1.506466746330261230e+00 1.333701477050781250e+02
1.900000000000000000e+04 3.578347206115722656e+00 1.319967746734619141e+00 5.456200987100601196e-02 8.364099884033203125e+01 3.578347206115722656e+00 1.319967746734619141e+00 5.456200987100601196e-02 8.364099884033203125e+01
2.000000000000000000e+04 2.804811954498291016e+00 1.615286946296691895e+00 2.450987100601196289e-01 8.902412414550781250e+01 2.804811954498291016e+00 1.615286946296691895e+00 2.450987100601196289e-01 8.902412414550781250e+01
