# step, loss_train, loss_test, metrics_test
0.000000000000000000e+00 2.099975585937500000e+04 3.174343872070312500e+01 8.673875976562500000e+03 3.747291259765625000e+02 2.099975585937500000e+04 3.174343872070312500e+01 8.673875976562500000e+03 3.747291259765625000e+02
1.000000000000000000e+03 1.272090625762939453e+01 3.303686141967773438e+01 5.295550823211669922e+00 3.366871337890625000e+02 1.272090625762939453e+01 3.303686141967773438e+01 5.295550823211669922e+00 3.366871337890625000e+02
2.000000000000000000e+03 5.444845676422119141e+00 3.882875061035156250e+01 2.648643493652343750e+00 3.248885803222656250e+02 5.444845676422119141e+00 3.882875061035156250e+01 2.648643493652343750e+00 3.248885803222656250e+02
3.000000000000000000e+03 3.155064105987548828e+00 3.931892395019531250e+01 2.025858640670776367e+00 3.219573974609375000e+02 3.155064105987548828e+00 3.931892395019531250e+01 2.025858640670776367e+00 3.219573974609375000e+02
4.000000000000000000e+03 2.339500665664672852e+00 3.942737960815429688e+01 1.423527121543884277e+00 3.188899230957031250e+02 2.339500665664672852e+00 3.942737960815429688e+01 1.423527121543884277e+00 3.188899230957031250e+02
5.000000000000000000e+03 2.185522079467773438e+00 3.766404724121093750e+01 1.248645782470703125e+00 3.169826354980468750e+02 2.185522079467773438e+00 3.766404724121093750e+01 1.248645782470703125e+00 3.169826354980468750e+02
6.000000000000000000e+03 2.343269348144531250e+00 3.433225631713867188e+01 1.159460425376892090e+00 3.152787475585937500e+02 2.343269348144531250e+00 3.433225631713867188e+01 1.159460425376892090e+00 3.152787475585937500e+02
7.000000000000000000e+03 2.587275266647338867e+00 3.166733551025390625e+01 1.062997817993164062e+00 3.104995422363281250e+02 2.587275266647338867e+00 3.166733551025390625e+01 1.062997817993164062e+00 3.104995422363281250e+02
8.000000000000000000e+03 2.777661085128784180e+00 2.669884490966796875e+01 1.007586002349853516e+00 3.066197509765625000e+02 2.777661085128784180e+00 2.669884490966796875e+01 1.007586002349853516e+00 3.066197509765625000e+02
9.000000000000000000e+03 5.359352111816406250e+00 1.950020790100097656e+01 1.387664794921875000e+00 3.029989318847656250e+02 5.359352111816406250e+00 1.950020790100097656e+01 1.387664794921875000e+00 3.029989318847656250e+02
1.000000000000000000e+04 1.349438323974609375e+02 1.320889282226562500e+01 1.172618675231933594e+01 2.920625000000000000e+02 1.349438323974609375e+02 1.320889282226562500e+01 1.172618675231933594e+01 2.920625000000000000e+02
1.100000000000000000e+04 1.462477016448974609e+01 1.499941635131835938e+01 3.135198354721069336e+00 2.423800659179687500e+02 1.462477016448974609e+01 1.499941635131835938e+01 3.135198354721069336e+00 2.423800659179687500e+02
1.200000000000000000e+04 1.448193454742431641e+01 1.019637775421142578e+01 4.484541893005371094e+00 1.204016342163085938e+02 1.448193454742431641e+01 1.019637775421142578e+01 4.484541893005371094e+00 1.204016342163085938e+02
1.300000000000000000e+04 1.289212608337402344e+01 9.911394119262695312e+00 4.340241432189941406e+00 5.312666702270507812e+01 1.289212608337402344e+01 9.911394119262695312e+00 4.340241432189941406e+00 5.312666702270507812e+01
1.400000000000000000e+04 9.261448860168457031e+00 8.182139396667480469e+00 3.779373884201049805e+00 2.457838439941406250e+01 9.261448860168457031e+00 8.182139396667480469e+00 3.779373884201049805e+00 2.457838439941406250e+01
1.500000000000000000e+04 6.961569309234619141e+00 6.887045383453369141e+00 3.179691314697265625e+00 1.432500648498535156e+01 6.961569309234619141e+00 6.887045383453369141e+00 3.179691314697265625e+00 1.432500648498535156e+01
1.600000000000000000e+04 1.569867515563964844e+01 5.601628780364990234e+00 3.504107475280761719e+00 9.972148895263671875e+00 1.569867515563964844e+01 5.601628780364990234e+00 3.504107475280761719e+00 9.972148895263671875e+00
1.700000000000000000e+04 6.071069335937500000e+01 4.924244403839111328e+00 6.074971199035644531e+00 7.896002292633056641e+00 6.071069335937500000e+01 4.924244403839111328e+00 6.074971199035644531e+00 7.896002292633056641e+00
1.800000000000000000e+04 2.010895919799804688e+01 4.074296474456787109e+00 3.543825149536132812e+00 7.250720024108886719e+00 2.010895919799804688e+01 4.074296474456787109e+00 3.543825149536132812e+00 7.250720024108886719e+00
1.900000000000000000e+04 1.319942474365234375e+01 3.658023834228515625e+00 1.759330153465270996e+00 6.166700363159179688e+00 1.319942474365234375e+01 3.658023834228515625e+00 1.759330153465270996e+00 6.166700363159179688e+00
2.000000000000000000e+04 3.091179609298706055e+00 3.268546819686889648e+00 1.554415345191955566e+00 5.462002277374267578e+00 3.091179609298706055e+00 3.268546819686889648e+00 1.554415345191955566e+00 5.462002277374267578e+00
