# step, loss_train, loss_test, metrics_test
0.000000000000000000e+00 8.811803588867187500e+02 3.839165115356445312e+01 1.310438281250000000e+04 1.899058532714843750e+02 8.811803588867187500e+02 3.839165115356445312e+01 1.310438281250000000e+04 1.899058532714843750e+02
1.000000000000000000e+03 2.359797548479036777e-07 1.501371765136718750e+01 2.789492431640625000e+03 1.748668975830078125e+02 2.359797548479036777e-07 1.501371765136718750e+01 2.789492431640625000e+03 1.748668975830078125e+02
2.000000000000000000e+03 3.164456927606806858e-07 1.501444816589355469e+01 2.789491455078125000e+03 1.748672637939453125e+02 3.164456927606806858e-07 1.501444816589355469e+01 2.789491455078125000e+03 1.748672637939453125e+02
3.000000000000000000e+03 7.544280151705606841e-07 1.501441669464111328e+01 2.789491455078125000e+03 1.748672332763671875e+02 7.544280151705606841e-07 1.501441669464111328e+01 2.789491455078125000e+03 1.748672332763671875e+02
4.000000000000000000e+03 9.244810712516482454e-07 1.038463401794433594e+01 3.152440673828125000e+03 1.726740417480468750e+02 9.244810712516482454e-07 1.038463401794433594e+01 3.152440673828125000e+03 1.726740417480468750e+02
5.000000000000000000e+03 4.461057301341497805e-08 1.501364421844482422e+01 2.789490722656250000e+03 1.748668975830078125e+02 4.461057301341497805e-08 1.501364421844482422e+01 2.789490722656250000e+03 1.748668975830078125e+02
6.000000000000000000e+03 0.000000000000000000e+00 1.501366615295410156e+01 2.789491699218750000e+03 1.748668975830078125e+02 0.000000000000000000e+00 1.501366615295410156e+01 2.789491699218750000e+03 1.748668975830078125e+02
7.000000000000000000e+03 0.000000000000000000e+00 1.501370429992675781e+01 2.789491943359375000e+03 1.748669128417968750e+02 0.000000000000000000e+00 1.501370429992675781e+01 2.789491943359375000e+03 1.748669128417968750e+02
8.000000000000000000e+03 0.000000000000000000e+00 1.518851470947265625e+01 2.789430664062500000e+03 1.749523468017578125e+02 0.000000000000000000e+00 1.518851470947265625e+01 2.789430664062500000e+03 1.749523468017578125e+02
9.000000000000000000e+03 0.000000000000000000e+00 1.501272296905517578e+01 2.789493164062500000e+03 1.748664245605468750e+02 0.000000000000000000e+00 1.501272296905517578e+01 2.789493164062500000e+03 1.748664245605468750e+02
1.000000000000000000e+04 0.000000000000000000e+00 1.438391304016113281e+01 2.793241210937500000e+03 1.745597839355468750e+02 0.000000000000000000e+00 1.438391304016113281e+01 2.793241210937500000e+03 1.745597839355468750e+02
1.100000000000000000e+04 0.000000000000000000e+00 1.501421546936035156e+01 2.789490722656250000e+03 1.748671875000000000e+02 0.000000000000000000e+00 1.501421546936035156e+01 2.789490722656250000e+03 1.748671875000000000e+02
1.200000000000000000e+04 0.000000000000000000e+00 1.501350116729736328e+01 2.789491943359375000e+03 1.748668060302734375e+02 0.000000000000000000e+00 1.501350116729736328e+01 2.789491943359375000e+03 1.748668060302734375e+02
1.300000000000000000e+04 0.000000000000000000e+00 1.500204753875732422e+01 2.789510009765625000e+03 1.748612213134765625e+02 0.000000000000000000e+00 1.500204753875732422e+01 2.789510009765625000e+03 1.748612213134765625e+02
1.400000000000000000e+04 0.000000000000000000e+00 1.501260852813720703e+01 2.789493164062500000e+03 1.748663940429687500e+02 0.000000000000000000e+00 1.501260852813720703e+01 2.789493164062500000e+03 1.748663940429687500e+02
1.500000000000000000e+04 0.000000000000000000e+00 1.543948364257812500e+01 2.790012451171875000e+03 1.750751342773437500e+02 0.000000000000000000e+00 1.543948364257812500e+01 2.790012451171875000e+03 1.750751342773437500e+02
1.600000000000000000e+04 0.000000000000000000e+00 1.501452255249023438e+01 2.789490478515625000e+03 1.748673248291015625e+02 0.000000000000000000e+00 1.501452255249023438e+01 2.789490478515625000e+03 1.748673248291015625e+02
1.700000000000000000e+04 0.000000000000000000e+00 1.531006813049316406e+01 2.789616943359375000e+03 1.750117950439453125e+02 0.000000000000000000e+00 1.531006813049316406e+01 2.789616943359375000e+03 1.750117950439453125e+02
1.800000000000000000e+04 0.000000000000000000e+00 1.501308059692382812e+01 2.789492431640625000e+03 1.748666229248046875e+02 0.000000000000000000e+00 1.501308059692382812e+01 2.789492431640625000e+03 1.748666229248046875e+02
1.900000000000000000e+04 0.000000000000000000e+00 1.527856922149658203e+01 2.789551025390625000e+03 1.749963836669921875e+02 0.000000000000000000e+00 1.527856922149658203e+01 2.789551025390625000e+03 1.749963836669921875e+02
2.000000000000000000e+04 0.000000000000000000e+00 1.501284885406494141e+01 2.789492675781250000e+03 1.748664855957031250e+02 0.000000000000000000e+00 1.501284885406494141e+01 2.789492675781250000e+03 1.748664855957031250e+02
