# step, loss_train, loss_test, metrics_test
0.000000000000000000e+00 1.535947322845458984e+01 2.376185035705566406e+01 6.524646972656250000e+03 1.875148468017578125e+02 1.535947322845458984e+01 2.376185035705566406e+01 6.524646972656250000e+03 1.875148468017578125e+02
1.000000000000000000e+03 0.000000000000000000e+00 3.573503417968750000e+02 5.024943359375000000e+04 3.661441955566406250e+02 0.000000000000000000e+00 3.573503417968750000e+02 5.024943359375000000e+04 3.661441955566406250e+02
2.000000000000000000e+03 0.000000000000000000e+00 1.509462833404541016e+01 2.359229980468750000e+03 1.819443359375000000e+02 0.000000000000000000e+00 1.509462833404541016e+01 2.359229980468750000e+03 1.819443359375000000e+02
3.000000000000000000e+03 0.000000000000000000e+00 1.509483432769775391e+01 2.359229492187500000e+03 1.819444427490234375e+02 0.000000000000000000e+00 1.509483432769775391e+01 2.359229492187500000e+03 1.819444427490234375e+02
4.000000000000000000e+03 0.000000000000000000e+00 1.509498977661132812e+01 2.359229492187500000e+03 1.819445190429687500e+02 0.000000000000000000e+00 1.509498977661132812e+01 2.359229492187500000e+03 1.819445190429687500e+02
5.000000000000000000e+03 0.000000000000000000e+00 1.509498977661132812e+01 2.359229492187500000e+03 1.819445190429687500e+02 0.000000000000000000e+00 1.509498977661132812e+01 2.359229492187500000e+03 1.819445190429687500e+02
6.000000000000000000e+03 0.000000000000000000e+00 1.509498977661132812e+01 2.359229492187500000e+03 1.819445190429687500e+02 0.000000000000000000e+00 1.509498977661132812e+01 2.359229492187500000e+03 1.819445190429687500e+02
7.000000000000000000e+03 0.000000000000000000e+00 1.509498977661132812e+01 2.359229492187500000e+03 1.819445190429687500e+02 0.000000000000000000e+00 1.509498977661132812e+01 2.359229492187500000e+03 1.819445190429687500e+02
8.000000000000000000e+03 0.000000000000000000e+00 1.509498977661132812e+01 2.359229492187500000e+03 1.819445190429687500e+02 0.000000000000000000e+00 1.509498977661132812e+01 2.359229492187500000e+03 1.819445190429687500e+02
9.000000000000000000e+03 0.000000000000000000e+00 1.509498977661132812e+01 2.359229492187500000e+03 1.819445190429687500e+02 0.000000000000000000e+00 1.509498977661132812e+01 2.359229492187500000e+03 1.819445190429687500e+02
1.000000000000000000e+04 0.000000000000000000e+00 1.509488582611083984e+01 2.359229492187500000e+03 1.819444580078125000e+02 0.000000000000000000e+00 1.509488582611083984e+01 2.359229492187500000e+03 1.819444580078125000e+02
1.100000000000000000e+04 0.000000000000000000e+00 1.509498977661132812e+01 2.359229492187500000e+03 1.819445190429687500e+02 0.000000000000000000e+00 1.509498977661132812e+01 2.359229492187500000e+03 1.819445190429687500e+02
1.200000000000000000e+04 0.000000000000000000e+00 1.509478282928466797e+01 2.359229736328125000e+03 1.819443969726562500e+02 0.000000000000000000e+00 1.509478282928466797e+01 2.359229736328125000e+03 1.819443969726562500e+02
1.300000000000000000e+04 0.000000000000000000e+00 1.502766990661621094e+01 2.359355957031250000e+03 1.819105377197265625e+02 0.000000000000000000e+00 1.502766990661621094e+01 2.359355957031250000e+03 1.819105377197265625e+02
1.400000000000000000e+04 0.000000000000000000e+00 1.509257888793945312e+01 2.359233154296875000e+03 1.819432983398437500e+02 0.000000000000000000e+00 1.509257888793945312e+01 2.359233154296875000e+03 1.819432983398437500e+02
1.500000000000000000e+04 0.000000000000000000e+00 1.512046051025390625e+01 2.359194580078125000e+03 1.819573669433593750e+02 0.000000000000000000e+00 1.512046051025390625e+01 2.359194580078125000e+03 1.819573669433593750e+02
1.600000000000000000e+04 0.000000000000000000e+00 1.509606552124023438e+01 2.359227783203125000e+03 1.819450378417968750e+02 0.000000000000000000e+00 1.509606552124023438e+01 2.359227783203125000e+03 1.819450378417968750e+02
1.700000000000000000e+04 0.000000000000000000e+00 1.509385871887207031e+01 2.359230957031250000e+03 1.819439392089843750e+02 0.000000000000000000e+00 1.509385871887207031e+01 2.359230957031250000e+03 1.819439392089843750e+02
1.800000000000000000e+04 0.000000000000000000e+00 1.034955310821533203e+01 2.703591064453125000e+03 1.796290283203125000e+02 0.000000000000000000e+00 1.034955310821533203e+01 2.703591064453125000e+03 1.796290283203125000e+02
1.900000000000000000e+04 0.000000000000000000e+00 1.509519290924072266e+01 2.359229003906250000e+03 1.819446105957031250e+02 0.000000000000000000e+00 1.509519290924072266e+01 2.359229003906250000e+03 1.819446105957031250e+02
2.000000000000000000e+04 0.000000000000000000e+00 1.511593532562255859e+01 2.359200439453125000e+03 1.819550933837890625e+02 0.000000000000000000e+00 1.511593532562255859e+01 2.359200439453125000e+03 1.819550933837890625e+02
