# step, loss_train, loss_test, metrics_test
0.000000000000000000e+00 6.461625781250000000e+04 8.723419952392578125e+01 2.192011523437500000e+04 4.394964981079101562e+01 6.461625781250000000e+04 8.723419952392578125e+01 2.192011523437500000e+04 4.394964981079101562e+01
1.000000000000000000e+03 9.462420000000000000e+05 5.231753906250000000e+03 5.531188750000000000e+05 5.327900390625000000e+02 9.462420000000000000e+05 5.231753906250000000e+03 5.531188750000000000e+05 5.327900390625000000e+02
2.000000000000000000e+03 2.499020156250000000e+05 5.831990356445312500e+02 3.919348828125000000e+04 8.487409210205078125e+01 2.499020156250000000e+05 5.831990356445312500e+02 3.919348828125000000e+04 8.487409210205078125e+01
3.000000000000000000e+03 9.208021875000000000e+04 2.826136970520019531e+01 1.683890429687500000e+04 6.105331420898437500e+01 9.208021875000000000e+04 2.826136970520019531e+01 1.683890429687500000e+04 6.105331420898437500e+01
4.000000000000000000e+03 3.577644140625000000e+04 8.972360992431640625e+01 1.059276757812500000e+04 4.602803421020507812e+01 3.577644140625000000e+04 8.972360992431640625e+01 1.059276757812500000e+04 4.602803421020507812e+01
5.000000000000000000e+03 2.372524331499520000e+14 2.514127257600000000e+11 9.004664016076800000e+13 5.175826022400000000e+10 2.372524331499520000e+14 2.514127257600000000e+11 9.004664016076800000e+13 5.175826022400000000e+10
6.000000000000000000e+03 1.119717351751680000e+14 6.022366003200000000e+10 2.299486483251200000e+13 1.278479564800000000e+10 1.119717351751680000e+14 6.022366003200000000e+10 2.299486483251200000e+13 1.278479564800000000e+10
7.000000000000000000e+03 6.706457634406400000e+13 5.929198592000000000e+09 4.067645194240000000e+12 1.695910656000000000e+09 6.706457634406400000e+13 5.929198592000000000e+09 4.067645194240000000e+12 1.695910656000000000e+09
8.000000000000000000e+03 4.092717537689600000e+13 3.754952448000000000e+09 1.638749962240000000e+12 7.885266560000000000e+08 4.092717537689600000e+13 3.754952448000000000e+09 1.638749962240000000e+12 7.885266560000000000e+08
9.000000000000000000e+03 3.123834781696000000e+13 4.519885312000000000e+09 1.045183528960000000e+12 6.752560000000000000e+08 3.123834781696000000e+13 4.519885312000000000e+09 1.045183528960000000e+12 6.752560000000000000e+08
1.000000000000000000e+04 5.589151322944307200e+16 1.257699803136000000e+14 3.332747089569382400e+16 1.391030226124800000e+13 5.589151322944307200e+16 1.257699803136000000e+14 3.332747089569382400e+16 1.391030226124800000e+13
1.100000000000000000e+04 1.629312516096000000e+13 3.512828416000000000e+09 4.404365557760000000e+11 4.831192000000000000e+08 1.629312516096000000e+13 3.512828416000000000e+09 4.404365557760000000e+11 4.831192000000000000e+08
1.200000000000000000e+04 1.094909427712000000e+13 3.288956672000000000e+09 2.897740103680000000e+11 4.037794240000000000e+08 1.094909427712000000e+13 3.288956672000000000e+09 2.897740103680000000e+11 4.037794240000000000e+08
1.300000000000000000e+04 5.776007495680000000e+12 3.513495808000000000e+09 1.495548887040000000e+11 4.068404800000000000e+08 5.776007495680000000e+12 3.513495808000000000e+09 1.495548887040000000e+11 4.068404800000000000e+08
1.400000000000000000e+04 3.443883245568000000e+12 2.431767808000000000e+09 7.298251161600000000e+10 2.696723520000000000e+08 3.443883245568000000e+12 2.431767808000000000e+09 7.298251161600000000e+10 2.696723520000000000e+08
1.500000000000000000e+04 1.263840264192000000e+13 1.157718016000000000e+10 1.061650366464000000e+12 1.294277248000000000e+09 1.263840264192000000e+13 1.157718016000000000e+10 1.061650366464000000e+12 1.294277248000000000e+09
1.600000000000000000e+04 6.273580400640000000e+12 3.815805184000000000e+09 3.351988797440000000e+11 4.031955840000000000e+08 6.273580400640000000e+12 3.815805184000000000e+09 3.351988797440000000e+11 4.031955840000000000e+08
1.700000000000000000e+04 4.216661213184000000e+12 1.663067392000000000e+09 1.231901245440000000e+11 1.506685120000000000e+08 4.216661213184000000e+12 1.663067392000000000e+09 1.231901245440000000e+11 1.506685120000000000e+08
1.800000000000000000e+04 3.651142156288000000e+12 9.857208320000000000e+08 7.532458803200000000e+10 9.470928800000000000e+07 3.651142156288000000e+12 9.857208320000000000e+08 7.532458803200000000e+10 9.470928800000000000e+07
1.900000000000000000e+04 2.905669107712000000e+12 1.389533312000000000e+09 1.126784286720000000e+11 1.551397760000000000e+08 2.905669107712000000e+12 1.389533312000000000e+09 1.126784286720000000e+11 1.551397760000000000e+08
2.000000000000000000e+04 7.251753435136000000e+12 1.392196321280000000e+11 2.113623451238400000e+13 1.541743001600000000e+10 7.251753435136000000e+12 1.392196321280000000e+11 2.113623451238400000e+13 1.541743001600000000e+10
