# step, loss_train, loss_test, metrics_test
0.000000000000000000e+00 1.213873984375000000e+05 5.676910018920898438e+01 3.265752685546875000e+03 1.903242034912109375e+02 1.213873984375000000e+05 5.676910018920898438e+01 3.265752685546875000e+03 1.903242034912109375e+02
1.000000000000000000e+03 1.211429882812500000e+04 2.524841766357421875e+02 1.774783593750000000e+04 3.372052612304687500e+02 1.211429882812500000e+04 2.524841766357421875e+02 1.774783593750000000e+04 3.372052612304687500e+02
2.000000000000000000e+03 3.542874145507812500e+01 1.874875640869140625e+01 2.279385742187500000e+03 1.889452972412109375e+02 3.542874145507812500e+01 1.874875640869140625e+01 2.279385742187500000e+03 1.889452972412109375e+02
3.000000000000000000e+03 8.455752395093441010e-03 1.500352764129638672e+01 2.240440917968750000e+03 1.866809692382812500e+02 8.455752395093441010e-03 1.500352764129638672e+01 2.240440917968750000e+03 1.866809692382812500e+02
4.000000000000000000e+03 5.692980346679687500e+02 1.088220691680908203e+01 2.345573974609375000e+03 1.838748779296875000e+02 5.692980346679687500e+02 1.088220691680908203e+01 2.345573974609375000e+03 1.838748779296875000e+02
5.000000000000000000e+03 3.498555161058902740e-04 1.498370647430419922e+01 2.240513671875000000e+03 1.866674041748046875e+02 3.498555161058902740e-04 1.498370647430419922e+01 2.240513671875000000e+03 1.866674041748046875e+02
6.000000000000000000e+03 2.651855465956032276e-04 1.498514842987060547e+01 2.240505126953125000e+03 1.866679077148437500e+02 2.651855465956032276e-04 1.498514842987060547e+01 2.240505126953125000e+03 1.866679077148437500e+02
7.000000000000000000e+03 2.952884642581921071e-05 1.498358058929443359e+01 2.240540283203125000e+03 1.866667633056640625e+02 2.952884642581921071e-05 1.498358058929443359e+01 2.240540283203125000e+03 1.866667633056640625e+02
8.000000000000000000e+03 2.952884642581921071e-05 1.498358058929443359e+01 2.240540283203125000e+03 1.866667633056640625e+02 2.952884642581921071e-05 1.498358058929443359e+01 2.240540283203125000e+03 1.866667633056640625e+02
9.000000000000000000e+03 2.985082403483829694e-07 1.498321437835693359e+01 2.240533447265625000e+03 1.866663818359375000e+02 2.985082403483829694e-07 1.498321437835693359e+01 2.240533447265625000e+03 1.866663818359375000e+02
1.000000000000000000e+04 4.492810821533203125e+01 1.746925163269042969e+01 2.274719726562500000e+03 1.876449432373046875e+02 4.492810821533203125e+01 1.746925163269042969e+01 2.274719726562500000e+03 1.876449432373046875e+02
1.100000000000000000e+04 2.485615368641447276e-06 1.498312759399414062e+01 2.240536865234375000e+03 1.866662750244140625e+02 2.485615368641447276e-06 1.498312759399414062e+01 2.240536865234375000e+03 1.866662750244140625e+02
1.200000000000000000e+04 2.485615368641447276e-06 1.498312759399414062e+01 2.240536865234375000e+03 1.866662750244140625e+02 2.485615368641447276e-06 1.498312759399414062e+01 2.240536865234375000e+03 1.866662750244140625e+02
1.300000000000000000e+04 2.485615368641447276e-06 1.498312759399414062e+01 2.240536865234375000e+03 1.866662750244140625e+02 2.485615368641447276e-06 1.498312759399414062e+01 2.240536865234375000e+03 1.866662750244140625e+02
1.400000000000000000e+04 0.000000000000000000e+00 1.507364273071289062e+01 2.240443359375000000e+03 1.867135162353515625e+02 0.000000000000000000e+00 1.507364273071289062e+01 2.240443359375000000e+03 1.867135162353515625e+02
1.500000000000000000e+04 0.000000000000000000e+00 1.498319721221923828e+01 2.240537353515625000e+03 1.866663513183593750e+02 0.000000000000000000e+00 1.498319721221923828e+01 2.240537353515625000e+03 1.866663513183593750e+02
1.600000000000000000e+04 0.000000000000000000e+00 1.498319721221923828e+01 2.240537353515625000e+03 1.866663513183593750e+02 0.000000000000000000e+00 1.498319721221923828e+01 2.240537353515625000e+03 1.866663513183593750e+02
1.700000000000000000e+04 0.000000000000000000e+00 1.498319721221923828e+01 2.240537353515625000e+03 1.866663513183593750e+02 0.000000000000000000e+00 1.498319721221923828e+01 2.240537353515625000e+03 1.866663513183593750e+02
1.800000000000000000e+04 0.000000000000000000e+00 1.498322296142578125e+01 2.240537353515625000e+03 1.866663513183593750e+02 0.000000000000000000e+00 1.498322296142578125e+01 2.240537353515625000e+03 1.866663513183593750e+02
1.900000000000000000e+04 0.000000000000000000e+00 1.498332500457763672e+01 2.240537109375000000e+03 1.866664123535156250e+02 0.000000000000000000e+00 1.498332500457763672e+01 2.240537109375000000e+03 1.866664123535156250e+02
2.000000000000000000e+04 0.000000000000000000e+00 1.132836341857910156e+01 2.372009033203125000e+03 1.847927703857421875e+02 0.000000000000000000e+00 1.132836341857910156e+01 2.372009033203125000e+03 1.847927703857421875e+02
