# step, loss_train, loss_test, metrics_test
0.000000000000000000e+00 1.542790312500000000e+05 2.893278503417968750e+02 9.377077148437500000e+03 3.306385498046875000e+02 1.542790312500000000e+05 2.893278503417968750e+02 9.377077148437500000e+03 3.306385498046875000e+02
1.000000000000000000e+03 1.021894226074218750e+03 2.507674789428710938e+01 2.012185516357421875e+02 1.992059020996093750e+02 1.021894226074218750e+03 2.507674789428710938e+01 2.012185516357421875e+02 1.992059020996093750e+02
2.000000000000000000e+03 4.477625122070312500e+02 2.691183662414550781e+01 1.420693511962890625e+02 2.013691558837890625e+02 4.477625122070312500e+02 2.691183662414550781e+01 1.420693511962890625e+02 2.013691558837890625e+02
3.000000000000000000e+03 2.236740570068359375e+02 2.822780990600585938e+01 7.314637756347656250e+01 2.005394287109375000e+02 2.236740570068359375e+02 2.822780990600585938e+01 7.314637756347656250e+01 2.005394287109375000e+02
4.000000000000000000e+03 1.481245880126953125e+02 2.638337516784667969e+01 4.454733276367187500e+01 1.988829803466796875e+02 1.481245880126953125e+02 2.638337516784667969e+01 4.454733276367187500e+01 1.988829803466796875e+02
5.000000000000000000e+03 1.100054397583007812e+02 2.385322761535644531e+01 1.993965721130371094e+01 1.983279113769531250e+02 1.100054397583007812e+02 2.385322761535644531e+01 1.993965721130371094e+01 1.983279113769531250e+02
6.000000000000000000e+03 7.767507934570312500e+01 1.776121711730957031e+01 1.084377574920654297e+01 1.930375366210937500e+02 7.767507934570312500e+01 1.776121711730957031e+01 1.084377574920654297e+01 1.930375366210937500e+02
7.000000000000000000e+03 4.911528015136718750e+01 1.188543796539306641e+01 4.268939971923828125e+00 1.891188659667968750e+02 4.911528015136718750e+01 1.188543796539306641e+01 4.268939971923828125e+00 1.891188659667968750e+02
8.000000000000000000e+03 3.992313003540039062e+01 8.375585556030273438e+00 1.806208491325378418e+00 1.841234130859375000e+02 3.992313003540039062e+01 8.375585556030273438e+00 1.806208491325378418e+00 1.841234130859375000e+02
9.000000000000000000e+03 2.641567611694335938e+01 5.605998516082763672e+00 9.010233283042907715e-01 1.789710845947265625e+02 2.641567611694335938e+01 5.605998516082763672e+00 9.010233283042907715e-01 1.789710845947265625e+02
1.000000000000000000e+04 2.054848670959472656e+01 4.867744445800781250e+00 5.508744716644287109e-01 1.741421356201171875e+02 2.054848670959472656e+01 4.867744445800781250e+00 5.508744716644287109e-01 1.741421356201171875e+02
1.100000000000000000e+04 1.658340644836425781e+01 4.253687858581542969e+00 3.693739771842956543e-01 1.672719879150390625e+02 1.658340644836425781e+01 4.253687858581542969e+00 3.693739771842956543e-01 1.672719879150390625e+02
1.200000000000000000e+04 1.899257850646972656e+01 4.112207412719726562e+00 7.859879732131958008e-01 1.574166107177734375e+02 1.899257850646972656e+01 4.112207412719726562e+00 7.859879732131958008e-01 1.574166107177734375e+02
1.300000000000000000e+04 1.851303100585937500e+01 4.201738357543945312e+00 2.926834523677825928e-01 1.451577148437500000e+02 1.851303100585937500e+01 4.201738357543945312e+00 2.926834523677825928e-01 1.451577148437500000e+02
1.400000000000000000e+04 2.345361900329589844e+01 4.048349857330322266e+00 5.413176417350769043e-01 1.303465576171875000e+02 2.345361900329589844e+01 4.048349857330322266e+00 5.413176417350769043e-01 1.303465576171875000e+02
1.500000000000000000e+04 2.289175224304199219e+01 3.651904821395874023e+00 4.962204098701477051e-01 1.139913864135742188e+02 2.289175224304199219e+01 3.651904821395874023e+00 4.962204098701477051e-01 1.139913864135742188e+02
1.600000000000000000e+04 2.978269577026367188e+01 3.016513347625732422e+00 1.076554894447326660e+00 9.809652709960937500e+01 2.978269577026367188e+01 3.016513347625732422e+00 1.076554894447326660e+00 9.809652709960937500e+01
1.700000000000000000e+04 3.208150482177734375e+01 2.328617811203002930e+00 1.065613031387329102e+00 8.850453948974609375e+01 3.208150482177734375e+01 2.328617811203002930e+00 1.065613031387329102e+00 8.850453948974609375e+01
1.800000000000000000e+04 3.205397033691406250e+01 2.624075651168823242e+00 4.638019204139709473e-01 7.639781951904296875e+01 3.205397033691406250e+01 2.624075651168823242e+00 4.638019204139709473e-01 7.639781951904296875e+01
1.900000000000000000e+04 3.521091079711914062e+01 2.751376628875732422e+00 6.474748849868774414e-01 7.339436340332031250e+01 3.521091079711914062e+01 2.751376628875732422e+00 6.474748849868774414e-01 7.339436340332031250e+01
2.000000000000000000e+04 3.590840911865234375e+01 2.736694574356079102e+00 6.110262274742126465e-01 6.622232818603515625e+01 3.590840911865234375e+01 2.736694574356079102e+00 6.110262274742126465e-01 6.622232818603515625e+01
