# step, loss_train, loss_test, metrics_test
0.000000000000000000e+00 5.311135864257812500e+02 2.954852867126464844e+01 9.761205078125000000e+03 2.808343811035156250e+02 5.311135864257812500e+02 2.954852867126464844e+01 9.761205078125000000e+03 2.808343811035156250e+02
1.000000000000000000e+03 1.683998107910156250e+01 7.833227157592773438e+00 1.867159485816955566e+00 1.982889556884765625e+02 1.683998107910156250e+01 7.833227157592773438e+00 1.867159485816955566e+00 1.982889556884765625e+02
2.000000000000000000e+03 2.114187240600585938e+01 6.636411547660827637e-01 7.677219867706298828e+00 5.575106048583984375e+01 2.114187240600585938e+01 6.636411547660827637e-01 7.677219867706298828e+00 5.575106048583984375e+01
3.000000000000000000e+03 1.362116622924804688e+01 1.778986901044845581e-01 5.508226871490478516e+00 2.150613784790039062e+01 1.362116622924804688e+01 1.778986901044845581e-01 5.508226871490478516e+00 2.150613784790039062e+01
4.000000000000000000e+03 9.725751876831054688e+00 8.191490918397903442e-02 3.207255363464355469e+00 1.335254859924316406e+01 9.725751876831054688e+00 8.191490918397903442e-02 3.207255363464355469e+00 1.335254859924316406e+01
5.000000000000000000e+03 1.041089344024658203e+01 1.933850497007369995e-01 4.336655616760253906e+00 7.985034942626953125e+00 1.041089344024658203e+01 1.933850497007369995e-01 4.336655616760253906e+00 7.985034942626953125e+00
6.000000000000000000e+03 1.488399028778076172e+01 2.529397010803222656e-01 1.099018764495849609e+01 1.593623447418212891e+01 1.488399028778076172e+01 2.529397010803222656e-01 1.099018764495849609e+01 1.593623447418212891e+01
7.000000000000000000e+03 4.701010227203369141e+00 1.414305251091718674e-02 2.064861297607421875e+00 5.117377281188964844e+00 4.701010227203369141e+00 1.414305251091718674e-02 2.064861297607421875e+00 5.117377281188964844e+00
8.000000000000000000e+03 4.281963825225830078e+00 4.164784774184226990e-02 8.356509208679199219e+00 3.743366718292236328e+00 4.281963825225830078e+00 4.164784774184226990e-02 8.356509208679199219e+00 3.743366718292236328e+00
9.000000000000000000e+03 3.289782524108886719e+00 5.493844859302043915e-03 7.365476489067077637e-01 3.324226379394531250e+00 3.289782524108886719e+00 5.493844859302043915e-03 7.365476489067077637e-01 3.324226379394531250e+00
1.000000000000000000e+04 2.376034975051879883e+00 1.476726611144840717e-03 9.377266764640808105e-01 2.647363662719726562e+00 2.376034975051879883e+00 1.476726611144840717e-03 9.377266764640808105e-01 2.647363662719726562e+00
1.100000000000000000e+04 3.075533628463745117e+00 9.894477576017379761e-02 6.338845252990722656e+00 2.660676240921020508e+00 3.075533628463745117e+00 9.894477576017379761e-02 6.338845252990722656e+00 2.660676240921020508e+00
1.200000000000000000e+04 5.418024539947509766e+00 1.334100868552923203e-02 1.339336967468261719e+01 2.606122493743896484e+00 5.418024539947509766e+00 1.334100868552923203e-02 1.339336967468261719e+01 2.606122493743896484e+00
1.300000000000000000e+04 2.186668157577514648e+00 2.850486198440194130e-03 1.386165857315063477e+00 1.688326239585876465e+00 2.186668157577514648e+00 2.850486198440194130e-03 1.386165857315063477e+00 1.688326239585876465e+00
1.400000000000000000e+04 1.687539935111999512e+00 1.665718108415603638e-02 7.721564173698425293e-01 1.416111707687377930e+00 1.687539935111999512e+00 1.665718108415603638e-02 7.721564173698425293e-01 1.416111707687377930e+00
1.500000000000000000e+04 1.547609806060791016e+00 8.455958217382431030e-02 5.704978466033935547e+00 1.127211451530456543e+00 1.547609806060791016e+00 8.455958217382431030e-02 5.704978466033935547e+00 1.127211451530456543e+00
1.600000000000000000e+04 1.551775455474853516e+00 2.207582257688045502e-02 1.605824828147888184e+00 1.069175720214843750e+00 1.551775455474853516e+00 2.207582257688045502e-02 1.605824828147888184e+00 1.069175720214843750e+00
1.700000000000000000e+04 1.130035996437072754e+00 4.791008308529853821e-02 1.049630165100097656e+00 9.809367060661315918e-01 1.130035996437072754e+00 4.791008308529853821e-02 1.049630165100097656e+00 9.809367060661315918e-01
1.800000000000000000e+04 9.057347178459167480e-01 8.481772243976593018e-02 3.714172244071960449e-01 8.342860341072082520e-01 9.057347178459167480e-01 8.481772243976593018e-02 3.714172244071960449e-01 8.342860341072082520e-01
1.900000000000000000e+04 1.112231135368347168e+00 1.085514668375253677e-02 8.667790889739990234e-01 7.363470792770385742e-01 1.112231135368347168e+00 1.085514668375253677e-02 8.667790889739990234e-01 7.363470792770385742e-01
2.000000000000000000e+04 2.092837572097778320e+00 7.319140248000621796e-03 6.480919837951660156e+00 5.918692946434020996e-01 2.092837572097778320e+00 7.319140248000621796e-03 6.480919837951660156e+00 5.918692946434020996e-01
