# step, loss_train, loss_test, metrics_test
0.000000000000000000e+00 2.986501216888427734e+00 3.159682273864746094e+01 1.180142059326171875e+02 2.867539978027343750e+02 2.986501216888427734e+00 3.159682273864746094e+01 1.180142059326171875e+02 2.867539978027343750e+02
1.000000000000000000e+03 5.949564576148986816e-01 1.734325027465820312e+01 7.464757919311523438e+00 2.422401580810546875e+02 5.949564576148986816e-01 1.734325027465820312e+01 7.464757919311523438e+00 2.422401580810546875e+02
2.000000000000000000e+03 9.653954505920410156e+00 8.694167137145996094e+00 8.227448463439941406e+00 2.132825469970703125e+02 9.653954505920410156e+00 8.694167137145996094e+00 8.227448463439941406e+00 2.132825469970703125e+02
3.000000000000000000e+03 2.199475708007812500e+02 1.126722621917724609e+01 6.722186088562011719e+00 1.521912231445312500e+02 2.199475708007812500e+02 1.126722621917724609e+01 6.722186088562011719e+00 1.521912231445312500e+02
4.000000000000000000e+03 5.205592155456542969e+00 8.744213104248046875e+00 3.908046722412109375e+00 5.517212677001953125e+01 5.205592155456542969e+00 8.744213104248046875e+00 3.908046722412109375e+00 5.517212677001953125e+01
5.000000000000000000e+03 3.534232378005981445e+00 5.935543537139892578e+00 4.339006900787353516e+00 2.348692512512207031e+01 3.534232378005981445e+00 5.935543537139892578e+00 4.339006900787353516e+00 2.348692512512207031e+01
6.000000000000000000e+03 2.916721105575561523e+00 4.622908592224121094e+00 3.729465961456298828e+00 1.864952850341796875e+01 2.916721105575561523e+00 4.622908592224121094e+00 3.729465961456298828e+00 1.864952850341796875e+01
7.000000000000000000e+03 5.795455322265625000e+02 3.889142274856567383e+00 3.300975799560546875e+00 8.562178611755371094e+00 5.795455322265625000e+02 3.889142274856567383e+00 3.300975799560546875e+00 8.562178611755371094e+00
8.000000000000000000e+03 2.364674568176269531e+00 2.642074823379516602e+00 2.027186632156372070e+00 7.458706378936767578e+00 2.364674568176269531e+00 2.642074823379516602e+00 2.027186632156372070e+00 7.458706378936767578e+00
9.000000000000000000e+03 1.323611450195312500e+01 2.376745939254760742e+00 1.738057494163513184e+00 7.328048706054687500e+00 1.323611450195312500e+01 2.376745939254760742e+00 1.738057494163513184e+00 7.328048706054687500e+00
1.000000000000000000e+04 1.615383505821228027e+00 2.197432279586791992e+00 1.470030307769775391e+00 6.991204261779785156e+00 1.615383505821228027e+00 2.197432279586791992e+00 1.470030307769775391e+00 6.991204261779785156e+00
1.100000000000000000e+04 4.461678504943847656e+00 2.357424020767211914e+00 1.551873683929443359e+00 8.949180603027343750e+00 4.461678504943847656e+00 2.357424020767211914e+00 1.551873683929443359e+00 8.949180603027343750e+00
1.200000000000000000e+04 1.260657429695129395e+00 1.859166026115417480e+00 1.145763635635375977e+00 5.855799674987792969e+00 1.260657429695129395e+00 1.859166026115417480e+00 1.145763635635375977e+00 5.855799674987792969e+00
1.300000000000000000e+04 1.185851454734802246e+00 1.680905222892761230e+00 9.895806312561035156e-01 5.057902336120605469e+00 1.185851454734802246e+00 1.680905222892761230e+00 9.895806312561035156e-01 5.057902336120605469e+00
1.400000000000000000e+04 1.072989583015441895e+00 1.584457516670227051e+00 8.955647945404052734e-01 4.745889663696289062e+00 1.072989583015441895e+00 1.584457516670227051e+00 8.955647945404052734e-01 4.745889663696289062e+00
1.500000000000000000e+04 4.805255413055419922e+00 1.890485644340515137e+00 1.006313204765319824e+00 6.919428825378417969e+00 4.805255413055419922e+00 1.890485644340515137e+00 1.006313204765319824e+00 6.919428825378417969e+00
1.600000000000000000e+04 5.562575531005859375e+01 1.528379082679748535e+00 9.699347019195556641e-01 4.287289619445800781e+00 5.562575531005859375e+01 1.528379082679748535e+00 9.699347019195556641e-01 4.287289619445800781e+00
1.700000000000000000e+04 7.823275923728942871e-01 1.451351046562194824e+00 6.863414645195007324e-01 4.396065711975097656e+00 7.823275923728942871e-01 1.451351046562194824e+00 6.863414645195007324e-01 4.396065711975097656e+00
1.800000000000000000e+04 7.312015891075134277e-01 1.411530852317810059e+00 6.266982555389404297e-01 4.199135303497314453e+00 7.312015891075134277e-01 1.411530852317810059e+00 6.266982555389404297e-01 4.199135303497314453e+00
1.900000000000000000e+04 6.061202239990234375e+01 1.484267354011535645e+00 2.140903472900390625e+00 5.082849025726318359e+00 6.061202239990234375e+01 1.484267354011535645e+00 2.140903472900390625e+00 5.082849025726318359e+00
2.000000000000000000e+04 6.598479747772216797e-01 1.315735340118408203e+00 5.411965847015380859e-01 3.833967685699462891e+00 6.598479747772216797e-01 1.315735340118408203e+00 5.411965847015380859e-01 3.833967685699462891e+00
