# step, loss_train, loss_test, metrics_test
0.000000000000000000e+00 1.826010864257812500e+03 3.955371093750000000e+01 5.917878906250000000e+03 1.096478576660156250e+02 1.826010864257812500e+03 3.955371093750000000e+01 5.917878906250000000e+03 1.096478576660156250e+02
1.000000000000000000e+03 4.004283905029296875e+01 8.508315086364746094e+00 1.628584136962890625e+02 1.003318252563476562e+02 4.004283905029296875e+01 8.508315086364746094e+00 1.628584136962890625e+02 1.003318252563476562e+02
2.000000000000000000e+03 4.012230932712554932e-01 3.321021080017089844e+00 1.423743218183517456e-01 9.655303955078125000e+01 4.012230932712554932e-01 3.321021080017089844e+00 1.423743218183517456e-01 9.655303955078125000e+01
3.000000000000000000e+03 6.362271904945373535e-01 2.296546459197998047e+00 2.254435271024703979e-01 9.671680450439453125e+01 6.362271904945373535e-01 2.296546459197998047e+00 2.254435271024703979e-01 9.671680450439453125e+01
4.000000000000000000e+03 7.446045875549316406e-01 2.073117971420288086e+00 3.888956904411315918e-01 9.898143005371093750e+01 7.446045875549316406e-01 2.073117971420288086e+00 3.888956904411315918e-01 9.898143005371093750e+01
5.000000000000000000e+03 4.248792622694400000e+13 5.086219726562500000e+03 5.241848750000000000e+05 1.642935424804687500e+03 4.248792622694400000e+13 5.086219726562500000e+03 5.241848750000000000e+05 1.642935424804687500e+03
6.000000000000000000e+03 3.236597334016000000e+12 9.925206184387207031e+00 1.961970117187500000e+04 1.002684020996093750e+02 3.236597334016000000e+12 9.925206184387207031e+00 1.961970117187500000e+04 1.002684020996093750e+02
7.000000000000000000e+03 1.136412196864000000e+12 1.070588684082031250e+01 6.176442871093750000e+03 1.004564590454101562e+02 1.136412196864000000e+12 1.070588684082031250e+01 6.176442871093750000e+03 1.004564590454101562e+02
8.000000000000000000e+03 2.367614143692800000e+15 1.198542118072509766e+01 9.314281000000000000e+06 1.010042495727539062e+02 2.367614143692800000e+15 1.198542118072509766e+01 9.314281000000000000e+06 1.010042495727539062e+02
9.000000000000000000e+03 3.868772270080000000e+11 1.051439571380615234e+01 3.259121582031250000e+03 1.004104766845703125e+02 3.868772270080000000e+11 1.051439571380615234e+01 3.259121582031250000e+03 1.004104766845703125e+02
1.000000000000000000e+04 1.182499880960000000e+11 1.264014339447021484e+01 1.876047729492187500e+03 1.009944992065429688e+02 1.182499880960000000e+11 1.264014339447021484e+01 1.876047729492187500e+03 1.009944992065429688e+02
1.100000000000000000e+04 8.834094087536640000e+14 1.357328224182128906e+01 4.575069000000000000e+06 1.011680908203125000e+02 8.834094087536640000e+14 1.357328224182128906e+01 4.575069000000000000e+06 1.011680908203125000e+02
1.200000000000000000e+04 2.561247436800000000e+10 1.399490642547607422e+01 1.452865356445312500e+03 1.013796310424804688e+02 2.561247436800000000e+10 1.399490642547607422e+01 1.452865356445312500e+03 1.013796310424804688e+02
1.300000000000000000e+04 4.325919744000000000e+09 1.439037227630615234e+01 1.435253906250000000e+03 1.014926452636718750e+02 4.325919744000000000e+09 1.439037227630615234e+01 1.435253906250000000e+03 1.014926452636718750e+02
1.400000000000000000e+04 7.291324160000000000e+08 1.457358837127685547e+01 1.398600708007812500e+03 1.015451965332031250e+02 7.291324160000000000e+08 1.457358837127685547e+01 1.398600708007812500e+03 1.015451965332031250e+02
1.500000000000000000e+04 1.548853888000000000e+09 1.475935649871826172e+01 1.392997070312500000e+03 1.015987548828125000e+02 1.548853888000000000e+09 1.475935649871826172e+01 1.392997070312500000e+03 1.015987548828125000e+02
1.600000000000000000e+04 1.709641600000000000e+09 1.487742805480957031e+01 1.364963989257812500e+03 1.016328048706054688e+02 1.709641600000000000e+09 1.487742805480957031e+01 1.364963989257812500e+03 1.016328048706054688e+02
1.700000000000000000e+04 1.313828736000000000e+09 1.478383064270019531e+01 1.389019897460937500e+03 1.016058349609375000e+02 1.313828736000000000e+09 1.478383064270019531e+01 1.389019897460937500e+03 1.016058349609375000e+02
1.800000000000000000e+04 2.013187520000000000e+08 1.476701068878173828e+01 1.376753662109375000e+03 1.016009063720703125e+02 2.013187520000000000e+08 1.476701068878173828e+01 1.376753662109375000e+03 1.016009063720703125e+02
1.900000000000000000e+04 5.659917000000000000e+06 1.473133850097656250e+01 1.366706787109375000e+03 1.015906066894531250e+02 5.659917000000000000e+06 1.473133850097656250e+01 1.366706787109375000e+03 1.015906066894531250e+02
2.000000000000000000e+04 3.977646562500000000e+05 1.472755050659179688e+01 1.364653076171875000e+03 1.015895080566406250e+02 3.977646562500000000e+05 1.472755050659179688e+01 1.364653076171875000e+03 1.015895080566406250e+02
