# step, loss_train, loss_test, metrics_test
0.000000000000000000e+00 1.440893164062500000e+04 3.717212295532226562e+01 4.530677734375000000e+03 1.720791320800781250e+02 1.440893164062500000e+04 3.717212295532226562e+01 4.530677734375000000e+03 1.720791320800781250e+02
1.000000000000000000e+03 2.145411927575101440e+17 3.988776562500000000e+05 7.236490035200000000e+10 1.364096562500000000e+05 2.145411927575101440e+17 3.988776562500000000e+05 7.236490035200000000e+10 1.364096562500000000e+05
2.000000000000000000e+03 2.150513747427328000e+15 1.695588875000000000e+06 7.338147020800000000e+10 5.781221875000000000e+05 2.150513747427328000e+15 1.695588875000000000e+06 7.338147020800000000e+10 5.781221875000000000e+05
3.000000000000000000e+03 1.363867938586624000e+15 9.105951250000000000e+05 8.722249318400000000e+10 3.071773437500000000e+05 1.363867938586624000e+15 9.105951250000000000e+05 8.722249318400000000e+10 3.071773437500000000e+05
4.000000000000000000e+03 2.048164878090240000e+14 1.058752812500000000e+05 8.740623974400000000e+10 3.535885546875000000e+04 2.048164878090240000e+14 1.058752812500000000e+05 8.740623974400000000e+10 3.535885546875000000e+04
5.000000000000000000e+03 1.350299492653465600e+16 5.580146093750000000e+04 8.133786009600000000e+10 2.029298828125000000e+04 1.350299492653465600e+16 5.580146093750000000e+04 8.133786009600000000e+10 2.029298828125000000e+04
6.000000000000000000e+03 6.126260820377600000e+13 4.745732187500000000e+05 8.260956979200000000e+10 1.647574062500000000e+05 6.126260820377600000e+13 4.745732187500000000e+05 8.260956979200000000e+10 1.647574062500000000e+05
7.000000000000000000e+03 2.210069696688947200e+16 1.990846500000000000e+06 9.551924428800000000e+10 6.835150000000000000e+05 2.210069696688947200e+16 1.990846500000000000e+06 9.551924428800000000e+10 6.835150000000000000e+05
8.000000000000000000e+03 9.598042873266176000e+15 5.288253000000000000e+06 9.355268096000000000e+10 1.807910000000000000e+06 9.598042873266176000e+15 5.288253000000000000e+06 9.355268096000000000e+10 1.807910000000000000e+06
9.000000000000000000e+03 2.884643316102594560e+17 8.959956000000000000e+06 8.554075750400000000e+10 3.058088750000000000e+06 2.884643316102594560e+17 8.959956000000000000e+06 8.554075750400000000e+10 3.058088750000000000e+06
1.000000000000000000e+04 4.258647764054835200e+16 1.251287500000000000e+07 6.504447590400000000e+10 4.267857000000000000e+06 4.258647764054835200e+16 1.251287500000000000e+07 6.504447590400000000e+10 4.267857000000000000e+06
1.100000000000000000e+04 6.158809961594880000e+14 9.190519000000000000e+06 1.029383618560000000e+11 3.133050750000000000e+06 6.158809961594880000e+14 9.190519000000000000e+06 1.029383618560000000e+11 3.133050750000000000e+06
1.200000000000000000e+04 5.957774370406400000e+13 5.877818000000000000e+06 9.701437440000000000e+10 2.006138750000000000e+06 5.957774370406400000e+13 5.877818000000000000e+06 9.701437440000000000e+10 2.006138750000000000e+06
1.300000000000000000e+04 2.341700007540817920e+17 3.566793250000000000e+06 9.757832806400000000e+10 1.219428625000000000e+06 2.341700007540817920e+17 3.566793250000000000e+06 9.757832806400000000e+10 1.219428625000000000e+06
1.400000000000000000e+04 3.588365987348480000e+15 3.712322000000000000e+06 1.444614471680000000e+11 1.263505125000000000e+06 3.588365987348480000e+15 3.712322000000000000e+06 1.444614471680000000e+11 1.263505125000000000e+06
1.500000000000000000e+04 1.360255602655232000e+15 6.463819500000000000e+06 1.426037800960000000e+11 2.198700250000000000e+06 1.360255602655232000e+15 6.463819500000000000e+06 1.426037800960000000e+11 2.198700250000000000e+06
1.600000000000000000e+04 6.751347053512622080e+17 8.998719000000000000e+06 1.536886865920000000e+11 3.060673250000000000e+06 6.751347053512622080e+17 8.998719000000000000e+06 1.536886865920000000e+11 3.060673250000000000e+06
1.700000000000000000e+04 7.014800970219520000e+15 1.632701500000000000e+07 2.098476482560000000e+11 5.557189000000000000e+06 7.014800970219520000e+15 1.632701500000000000e+07 2.098476482560000000e+11 5.557189000000000000e+06
1.800000000000000000e+04 8.936336589324288000e+16 2.357874800000000000e+07 2.041144770560000000e+11 8.022356000000000000e+06 8.936336589324288000e+16 2.357874800000000000e+07 2.041144770560000000e+11 8.022356000000000000e+06
1.900000000000000000e+04 8.917924408123719680e+17 3.080603600000000000e+07 1.955312107520000000e+11 1.047812600000000000e+07 8.917924408123719680e+17 3.080603600000000000e+07 1.955312107520000000e+11 1.047812600000000000e+07
2.000000000000000000e+04 5.523021711487795200e+16 3.650980000000000000e+07 1.376904151040000000e+11 1.240886700000000000e+07 5.523021711487795200e+16 3.650980000000000000e+07 1.376904151040000000e+11 1.240886700000000000e+07
