# step, loss_train, loss_test, metrics_test
0.000000000000000000e+00 5.714637890625000000e+04 1.306931762695312500e+02 3.673639453125000000e+04 3.703885803222656250e+02 5.714637890625000000e+04 1.306931762695312500e+02 3.673639453125000000e+04 3.703885803222656250e+02
1.000000000000000000e+03 9.323802078142762184e-04 1.484719276428222656e+01 2.092208496093750000e+03 2.693422851562500000e+02 9.323802078142762184e-04 1.484719276428222656e+01 2.092208496093750000e+03 2.693422851562500000e+02
2.000000000000000000e+03 6.319243111647665501e-04 1.484716701507568359e+01 2.092208496093750000e+03 2.693422851562500000e+02 6.319243111647665501e-04 1.484716701507568359e+01 2.092208496093750000e+03 2.693422851562500000e+02
3.000000000000000000e+03 3.893682442139834166e-04 1.484714126586914062e+01 2.092208496093750000e+03 2.693422851562500000e+02 3.893682442139834166e-04 1.484714126586914062e+01 2.092208496093750000e+03 2.693422851562500000e+02
4.000000000000000000e+03 1.021323769236914814e-04 1.090089321136474609e+01 2.254259277343750000e+03 2.664140014648437500e+02 1.021323769236914814e-04 1.090089321136474609e+01 2.254259277343750000e+03 2.664140014648437500e+02
5.000000000000000000e+03 1.241802820004522800e-04 1.484665012359619141e+01 2.092209228515625000e+03 2.693419494628906250e+02 1.241802820004522800e-04 1.484665012359619141e+01 2.092209228515625000e+03 2.693419494628906250e+02
6.000000000000000000e+03 6.691215094178915024e-05 1.484709262847900391e+01 2.092208496093750000e+03 2.693422851562500000e+02 6.691215094178915024e-05 1.484709262847900391e+01 2.092208496093750000e+03 2.693422851562500000e+02
7.000000000000000000e+03 6.603954534512013197e-05 1.659645080566406250e+01 2.102556152343750000e+03 2.706728515625000000e+02 6.603954534512013197e-05 1.659645080566406250e+01 2.102556152343750000e+03 2.706728515625000000e+02
8.000000000000000000e+03 2.037874946836382151e-05 1.492752075195312500e+01 2.092099853515625000e+03 2.694032592773437500e+02 2.037874946836382151e-05 1.492752075195312500e+01 2.092099853515625000e+03 2.694032592773437500e+02
9.000000000000000000e+03 1.149118543253280222e-05 1.484136295318603516e+01 2.092218750000000000e+03 2.693379821777343750e+02 1.149118543253280222e-05 1.484136295318603516e+01 2.092218750000000000e+03 2.693379821777343750e+02
1.000000000000000000e+04 6.936506451893365011e-06 1.490826511383056641e+01 2.092119873046875000e+03 2.693886718750000000e+02 6.936506451893365011e-06 1.490826511383056641e+01 2.092119873046875000e+03 2.693886718750000000e+02
1.100000000000000000e+04 4.267603344487724826e-06 1.484565544128417969e+01 2.092210937500000000e+03 2.693412170410156250e+02 4.267603344487724826e-06 1.484565544128417969e+01 2.092210937500000000e+03 2.693412170410156250e+02
1.200000000000000000e+04 2.786008280963869765e-06 1.479674434661865234e+01 2.092310302734375000e+03 2.693041687011718750e+02 2.786008280963869765e-06 1.479674434661865234e+01 2.092310302734375000e+03 2.693041687011718750e+02
1.300000000000000000e+04 1.856274366218713112e-06 1.478224563598632812e+01 2.092344238281250000e+03 2.692932128906250000e+02 1.856274366218713112e-06 1.478224563598632812e+01 2.092344238281250000e+03 2.692932128906250000e+02
1.400000000000000000e+04 1.472487952014489565e-06 1.485137653350830078e+01 2.092201171875000000e+03 2.693455810546875000e+02 1.472487952014489565e-06 1.485137653350830078e+01 2.092201171875000000e+03 2.693455810546875000e+02
1.500000000000000000e+04 1.238189611285633873e-06 1.484599590301513672e+01 2.092210693359375000e+03 2.693414916992187500e+02 1.238189611285633873e-06 1.484599590301513672e+01 2.092210693359375000e+03 2.693414916992187500e+02
1.600000000000000000e+04 3.692135805977159180e-06 1.989998054504394531e+01 2.172507080078125000e+03 2.732055053710937500e+02 3.692135805977159180e-06 1.989998054504394531e+01 2.172507080078125000e+03 2.732055053710937500e+02
1.700000000000000000e+04 1.115996496992011089e-06 1.470602416992187500e+01 2.092560546875000000e+03 2.692355041503906250e+02 1.115996496992011089e-06 1.470602416992187500e+01 2.092560546875000000e+03 2.692355041503906250e+02
1.800000000000000000e+04 1.433745751455717254e-06 1.484743118286132812e+01 2.092208007812500000e+03 2.693425903320312500e+02 1.433745751455717254e-06 1.484743118286132812e+01 2.092208007812500000e+03 2.693425903320312500e+02
1.900000000000000000e+04 2.350357817704207264e-06 1.484626007080078125e+01 2.092209960937500000e+03 2.693417053222656250e+02 2.350357817704207264e-06 1.484626007080078125e+01 2.092209960937500000e+03 2.693417053222656250e+02
2.000000000000000000e+04 6.222486320457581664e-19 1.836341857910156250e+01 2.133619140625000000e+03 2.720249938964843750e+02 6.222486320457581664e-19 1.836341857910156250e+01 2.133619140625000000e+03 2.720249938964843750e+02
