# step, loss_train, loss_test, metrics_test
0.000000000000000000e+00 9.629468383789062500e+02 1.372431659698486328e+01 5.093143066406250000e+03 2.312603149414062500e+02 9.629468383789062500e+02 1.372431659698486328e+01 5.093143066406250000e+03 2.312603149414062500e+02
1.000000000000000000e+03 1.567904567718505859e+01 2.364477348327636719e+01 5.289012432098388672e+00 2.159002685546875000e+02 1.567904567718505859e+01 2.364477348327636719e+01 5.289012432098388672e+00 2.159002685546875000e+02
2.000000000000000000e+03 7.020712375640869141e+00 1.815205383300781250e+01 1.475578784942626953e+00 2.106230621337890625e+02 7.020712375640869141e+00 1.815205383300781250e+01 1.475578784942626953e+00 2.106230621337890625e+02
3.000000000000000000e+03 3.421553134918212891e+00 1.426792812347412109e+01 6.279065012931823730e-01 2.073487396240234375e+02 3.421553134918212891e+00 1.426792812347412109e+01 6.279065012931823730e-01 2.073487396240234375e+02
4.000000000000000000e+03 2.376791000366210938e+00 1.219851398468017578e+01 3.679356873035430908e-01 2.064759368896484375e+02 2.376791000366210938e+00 1.219851398468017578e+01 3.679356873035430908e-01 2.064759368896484375e+02
5.000000000000000000e+03 1.828825473785400391e+00 1.054281902313232422e+01 2.768143415451049805e-01 2.061482391357421875e+02 1.828825473785400391e+00 1.054281902313232422e+01 2.768143415451049805e-01 2.061482391357421875e+02
6.000000000000000000e+03 6.018842697143554688e+00 8.285778045654296875e+00 2.197315454483032227e+00 2.050543670654296875e+02 6.018842697143554688e+00 8.285778045654296875e+00 2.197315454483032227e+00 2.050543670654296875e+02
7.000000000000000000e+03 2.991142272949218750e+00 5.827641963958740234e+00 3.805763721466064453e+00 2.021217041015625000e+02 2.991142272949218750e+00 5.827641963958740234e+00 3.805763721466064453e+00 2.021217041015625000e+02
8.000000000000000000e+03 3.677857160568237305e+00 1.012904834747314453e+01 1.114210367202758789e+00 2.018543853759765625e+02 3.677857160568237305e+00 1.012904834747314453e+01 1.114210367202758789e+00 2.018543853759765625e+02
9.000000000000000000e+03 3.792703151702880859e+00 7.553441524505615234e+00 1.966161489486694336e+00 1.824177551269531250e+02 3.792703151702880859e+00 7.553441524505615234e+00 1.966161489486694336e+00 1.824177551269531250e+02
1.000000000000000000e+04 5.226997070312500000e+03 1.080245590209960938e+01 2.221061279296875000e+03 2.269372711181640625e+02 5.226997070312500000e+03 1.080245590209960938e+01 2.221061279296875000e+03 2.269372711181640625e+02
1.100000000000000000e+04 3.768120117187500000e+02 1.420408439636230469e+01 2.209533203125000000e+03 2.371773223876953125e+02 3.768120117187500000e+02 1.420408439636230469e+01 2.209533203125000000e+03 2.371773223876953125e+02
1.200000000000000000e+04 1.821448516845703125e+02 1.587101936340332031e+01 2.194763671875000000e+03 2.396798095703125000e+02 1.821448516845703125e+02 1.587101936340332031e+01 2.194763671875000000e+03 2.396798095703125000e+02
1.300000000000000000e+04 8.825654602050781250e+01 1.663568115234375000e+01 2.180374511718750000e+03 2.411023406982421875e+02 8.825654602050781250e+01 1.663568115234375000e+01 2.180374511718750000e+03 2.411023406982421875e+02
1.400000000000000000e+04 5.902601242065429688e+01 1.640281295776367188e+01 2.155931640625000000e+03 2.409501190185546875e+02 5.902601242065429688e+01 1.640281295776367188e+01 2.155931640625000000e+03 2.409501190185546875e+02
1.500000000000000000e+04 4.640792083740234375e+01 1.626307678222656250e+01 2.121538574218750000e+03 2.406479797363281250e+02 4.640792083740234375e+01 1.626307678222656250e+01 2.121538574218750000e+03 2.406479797363281250e+02
1.600000000000000000e+04 4.496510314941406250e+01 1.548830604553222656e+01 2.057678222656250000e+03 2.414667205810546875e+02 4.496510314941406250e+01 1.548830604553222656e+01 2.057678222656250000e+03 2.414667205810546875e+02
1.700000000000000000e+04 8.106275177001953125e+01 1.878581619262695312e+01 1.848701049804687500e+03 2.465185089111328125e+02 8.106275177001953125e+01 1.878581619262695312e+01 1.848701049804687500e+03 2.465185089111328125e+02
1.800000000000000000e+04 5.950670623779296875e+01 2.484474754333496094e+01 1.689994506835937500e+03 2.493916931152343750e+02 5.950670623779296875e+01 2.484474754333496094e+01 1.689994506835937500e+03 2.493916931152343750e+02
1.900000000000000000e+04 3.851784133911132812e+01 2.674379539489746094e+01 1.614621215820312500e+03 2.431466674804687500e+02 3.851784133911132812e+01 2.674379539489746094e+01 1.614621215820312500e+03 2.431466674804687500e+02
2.000000000000000000e+04 1.901641464233398438e+01 2.357420349121093750e+01 1.602676391601562500e+03 2.371084899902343750e+02 1.901641464233398438e+01 2.357420349121093750e+01 1.602676391601562500e+03 2.371084899902343750e+02
