# step, loss_train, loss_test, metrics_test
0.000000000000000000e+00 3.883199453353881836e+00 2.582616615295410156e+01 2.308367309570312500e+02 4.175650939941406250e+02 3.883199453353881836e+00 2.582616615295410156e+01 2.308367309570312500e+02 4.175650939941406250e+02
1.000000000000000000e+03 4.424307346343994141e+00 1.880941390991210938e+01 2.946189689636230469e+01 3.582877502441406250e+02 4.424307346343994141e+00 1.880941390991210938e+01 2.946189689636230469e+01 3.582877502441406250e+02
2.000000000000000000e+03 7.155794143676757812e+00 2.482895660400390625e+01 1.088079833984375000e+01 3.182378234863281250e+02 7.155794143676757812e+00 2.482895660400390625e+01 1.088079833984375000e+01 3.182378234863281250e+02
3.000000000000000000e+03 9.062014579772949219e+00 1.831394386291503906e+01 7.405107498168945312e+00 3.019128417968750000e+02 9.062014579772949219e+00 1.831394386291503906e+01 7.405107498168945312e+00 3.019128417968750000e+02
4.000000000000000000e+03 1.793277549743652344e+01 3.837285280227661133e+00 3.030093669891357422e+00 7.094837188720703125e+01 1.793277549743652344e+01 3.837285280227661133e+00 3.030093669891357422e+00 7.094837188720703125e+01
5.000000000000000000e+03 5.341862678527832031e+00 7.236044406890869141e-01 4.468327760696411133e-01 9.248136520385742188e+00 5.341862678527832031e+00 7.236044406890869141e-01 4.468327760696411133e-01 9.248136520385742188e+00
6.000000000000000000e+03 2.766638278961181641e+00 3.044797480106353760e-01 2.344574928283691406e-01 4.741571903228759766e+00 2.766638278961181641e+00 3.044797480106353760e-01 2.344574928283691406e-01 4.741571903228759766e+00
7.000000000000000000e+03 1.640259265899658203e+00 1.536708027124404907e-01 1.472370624542236328e-01 3.149204254150390625e+00 1.640259265899658203e+00 1.536708027124404907e-01 1.472370624542236328e-01 3.149204254150390625e+00
8.000000000000000000e+03 1.060597777366638184e+00 8.928936719894409180e-02 1.462214589118957520e-01 2.354154825210571289e+00 1.060597777366638184e+00 8.928936719894409180e-02 1.462214589118957520e-01 2.354154825210571289e+00
9.000000000000000000e+03 7.668533921241760254e-01 5.168603733181953430e-02 9.250725805759429932e-02 1.927533030509948730e+00 7.668533921241760254e-01 5.168603733181953430e-02 9.250725805759429932e-02 1.927533030509948730e+00
1.000000000000000000e+04 6.132298111915588379e-01 3.372758999466896057e-02 8.253845572471618652e-02 1.636387705802917480e+00 6.132298111915588379e-01 3.372758999466896057e-02 8.253845572471618652e-02 1.636387705802917480e+00
1.100000000000000000e+04 5.185153484344482422e-01 2.395955473184585571e-02 7.600797712802886963e-02 1.422160506248474121e+00 5.185153484344482422e-01 2.395955473184585571e-02 7.600797712802886963e-02 1.422160506248474121e+00
1.200000000000000000e+04 4.517181515693664551e-01 1.824468746781349182e-02 7.177707552909851074e-02 1.255402565002441406e+00 4.517181515693664551e-01 1.824468746781349182e-02 7.177707552909851074e-02 1.255402565002441406e+00
1.300000000000000000e+04 4.028235375881195068e-01 1.569938845932483673e-02 7.286414504051208496e-02 1.117311596870422363e+00 4.028235375881195068e-01 1.569938845932483673e-02 7.286414504051208496e-02 1.117311596870422363e+00
1.400000000000000000e+04 3.676333427429199219e-01 1.544736605137586594e-02 8.286141604185104370e-02 1.004943370819091797e+00 3.676333427429199219e-01 1.544736605137586594e-02 8.286141604185104370e-02 1.004943370819091797e+00
1.500000000000000000e+04 3.386737406253814697e-01 1.133018545806407928e-02 6.337635219097137451e-02 9.208008050918579102e-01 3.386737406253814697e-01 1.133018545806407928e-02 6.337635219097137451e-02 9.208008050918579102e-01
1.600000000000000000e+04 3.164524137973785400e-01 9.892988018691539764e-03 6.102017685770988464e-02 8.464604020118713379e-01 3.164524137973785400e-01 9.892988018691539764e-03 6.102017685770988464e-02 8.464604020118713379e-01
1.700000000000000000e+04 2.983489632606506348e-01 8.760142140090465546e-03 5.856819078326225281e-02 7.853842377662658691e-01 2.983489632606506348e-01 8.760142140090465546e-03 5.856819078326225281e-02 7.853842377662658691e-01
1.800000000000000000e+04 2.828040421009063721e-01 7.719336543232202530e-03 5.568385124206542969e-02 7.353867888450622559e-01 2.828040421009063721e-01 7.719336543232202530e-03 5.568385124206542969e-02 7.353867888450622559e-01
1.900000000000000000e+04 2.692136764526367188e-01 6.816944573074579239e-03 5.214974656701087952e-02 6.948398351669311523e-01 2.692136764526367188e-01 6.816944573074579239e-03 5.214974656701087952e-02 6.948398351669311523e-01
2.000000000000000000e+04 2.648385465145111084e-01 6.800202187150716782e-03 5.414984747767448425e-02 6.585863828659057617e-01 2.648385465145111084e-01 6.800202187150716782e-03 5.414984747767448425e-02 6.585863828659057617e-01
