# step, loss_train, loss_test, metrics_test
0.000000000000000000e+00 2.566236572265625000e+03 7.336714935302734375e+01 1.059294628906250000e+04 4.496154479980468750e+02 2.566236572265625000e+03 7.336714935302734375e+01 1.059294628906250000e+04 4.496154479980468750e+02
1.000000000000000000e+03 8.642485809326171875e+01 4.083420944213867188e+01 1.952910919189453125e+02 3.780901794433593750e+02 8.642485809326171875e+01 4.083420944213867188e+01 1.952910919189453125e+02 3.780901794433593750e+02
2.000000000000000000e+03 9.556156158447265625e+00 5.039044952392578125e+01 7.269302368164062500e+00 3.639260864257812500e+02 9.556156158447265625e+00 5.039044952392578125e+01 7.269302368164062500e+00 3.639260864257812500e+02
3.000000000000000000e+03 4.742466926574707031e+00 4.848287582397460938e+01 3.919248104095458984e+00 3.553176269531250000e+02 4.742466926574707031e+00 4.848287582397460938e+01 3.919248104095458984e+00 3.553176269531250000e+02
4.000000000000000000e+03 4.316720485687255859e+00 4.150089263916015625e+01 3.604461193084716797e+00 3.489582519531250000e+02 4.316720485687255859e+00 4.150089263916015625e+01 3.604461193084716797e+00 3.489582519531250000e+02
5.000000000000000000e+03 6.892232894897460938e+00 2.196062850952148438e+01 2.496626853942871094e+00 3.461115112304687500e+02 6.892232894897460938e+00 2.196062850952148438e+01 2.496626853942871094e+00 3.461115112304687500e+02
6.000000000000000000e+03 6.655142307281494141e+00 1.193279457092285156e+01 1.649373173713684082e+00 3.418945007324218750e+02 6.655142307281494141e+00 1.193279457092285156e+01 1.649373173713684082e+00 3.418945007324218750e+02
7.000000000000000000e+03 7.546815395355224609e+00 1.079065513610839844e+01 1.657546639442443848e+00 3.351554565429687500e+02 7.546815395355224609e+00 1.079065513610839844e+01 1.657546639442443848e+00 3.351554565429687500e+02
8.000000000000000000e+03 7.742425441741943359e+00 9.478424072265625000e+00 1.702298402786254883e+00 3.251825561523437500e+02 7.742425441741943359e+00 9.478424072265625000e+00 1.702298402786254883e+00 3.251825561523437500e+02
9.000000000000000000e+03 1.012469577789306641e+01 9.105575561523437500e+00 1.740027070045471191e+00 3.066973876953125000e+02 1.012469577789306641e+01 9.105575561523437500e+00 1.740027070045471191e+00 3.066973876953125000e+02
1.000000000000000000e+04 1.545458984375000000e+01 1.009719657897949219e+01 2.023136854171752930e+00 2.969170532226562500e+02 1.545458984375000000e+01 1.009719657897949219e+01 2.023136854171752930e+00 2.969170532226562500e+02
1.100000000000000000e+04 1.962197875976562500e+01 1.139551162719726562e+01 2.630625724792480469e+00 2.775443420410156250e+02 1.962197875976562500e+01 1.139551162719726562e+01 2.630625724792480469e+00 2.775443420410156250e+02
1.200000000000000000e+04 2.742999458312988281e+01 1.098482608795166016e+01 1.652194857597351074e+00 2.501740417480468750e+02 2.742999458312988281e+01 1.098482608795166016e+01 1.652194857597351074e+00 2.501740417480468750e+02
1.300000000000000000e+04 3.044768524169921875e+01 1.031037330627441406e+01 1.165114879608154297e+00 2.359063720703125000e+02 3.044768524169921875e+01 1.031037330627441406e+01 1.165114879608154297e+00 2.359063720703125000e+02
1.400000000000000000e+04 3.172539901733398438e+01 9.639546394348144531e+00 1.609648346900939941e+00 2.176480102539062500e+02 3.172539901733398438e+01 9.639546394348144531e+00 1.609648346900939941e+00 2.176480102539062500e+02
1.500000000000000000e+04 3.432960510253906250e+01 9.025959968566894531e+00 1.553544282913208008e+00 2.013568420410156250e+02 3.432960510253906250e+01 9.025959968566894531e+00 1.553544282913208008e+00 2.013568420410156250e+02
1.600000000000000000e+04 3.664825439453125000e+01 8.526466369628906250e+00 1.717716932296752930e+00 1.874418487548828125e+02 3.664825439453125000e+01 8.526466369628906250e+00 1.717716932296752930e+00 1.874418487548828125e+02
1.700000000000000000e+04 4.110559082031250000e+01 7.868878364562988281e+00 1.777389526367187500e+00 1.751564941406250000e+02 4.110559082031250000e+01 7.868878364562988281e+00 1.777389526367187500e+00 1.751564941406250000e+02
1.800000000000000000e+04 4.266623306274414062e+01 7.932263851165771484e+00 2.281269788742065430e+00 1.642660369873046875e+02 4.266623306274414062e+01 7.932263851165771484e+00 2.281269788742065430e+00 1.642660369873046875e+02
1.900000000000000000e+04 3.686602020263671875e+01 8.192826271057128906e+00 2.580672502517700195e+00 1.561177062988281250e+02 3.686602020263671875e+01 8.192826271057128906e+00 2.580672502517700195e+00 1.561177062988281250e+02
2.000000000000000000e+04 3.757999801635742188e+01 7.625046253204345703e+00 2.705811262130737305e+00 1.506920166015625000e+02 3.757999801635742188e+01 7.625046253204345703e+00 2.705811262130737305e+00 1.506920166015625000e+02
