# step, loss_train, loss_test, metrics_test
0.000000000000000000e+00 3.840959834633395076e-05 1.368853187561035156e+01 1.741475585937500000e+03 4.220939025878906250e+02 3.840959834633395076e-05 1.368853187561035156e+01 1.741475585937500000e+03 4.220939025878906250e+02
1.000000000000000000e+03 0.000000000000000000e+00 2.000177955627441406e+01 1.469336669921875000e+03 4.274246520996093750e+02 0.000000000000000000e+00 2.000177955627441406e+01 1.469336669921875000e+03 4.274246520996093750e+02
2.000000000000000000e+03 0.000000000000000000e+00 2.000178909301757812e+01 1.469336669921875000e+03 4.274246826171875000e+02 0.000000000000000000e+00 2.000178909301757812e+01 1.469336669921875000e+03 4.274246826171875000e+02
3.000000000000000000e+03 0.000000000000000000e+00 2.000181579589843750e+01 1.469336669921875000e+03 4.274246826171875000e+02 0.000000000000000000e+00 2.000181579589843750e+01 1.469336669921875000e+03 4.274246826171875000e+02
4.000000000000000000e+03 0.000000000000000000e+00 2.000167465209960938e+01 1.469337036132812500e+03 4.274245605468750000e+02 0.000000000000000000e+00 2.000167465209960938e+01 1.469337036132812500e+03 4.274245605468750000e+02
5.000000000000000000e+03 0.000000000000000000e+00 2.019307136535644531e+01 1.469050903320312500e+03 4.275933227539062500e+02 0.000000000000000000e+00 2.019307136535644531e+01 1.469050903320312500e+03 4.275933227539062500e+02
6.000000000000000000e+03 0.000000000000000000e+00 2.066270065307617188e+01 1.468947143554687500e+03 4.280078125000000000e+02 0.000000000000000000e+00 2.066270065307617188e+01 1.468947143554687500e+03 4.280078125000000000e+02
7.000000000000000000e+03 0.000000000000000000e+00 2.000176048278808594e+01 1.469336669921875000e+03 4.274246520996093750e+02 0.000000000000000000e+00 2.000176048278808594e+01 1.469336669921875000e+03 4.274246520996093750e+02
8.000000000000000000e+03 0.000000000000000000e+00 2.000175857543945312e+01 1.469336669921875000e+03 4.274246520996093750e+02 0.000000000000000000e+00 2.000175857543945312e+01 1.469336669921875000e+03 4.274246520996093750e+02
9.000000000000000000e+03 0.000000000000000000e+00 2.000175476074218750e+01 1.469336791992187500e+03 4.274246520996093750e+02 0.000000000000000000e+00 2.000175476074218750e+01 1.469336791992187500e+03 4.274246520996093750e+02
1.000000000000000000e+04 0.000000000000000000e+00 2.000171661376953125e+01 1.469336791992187500e+03 4.274246520996093750e+02 0.000000000000000000e+00 2.000171661376953125e+01 1.469336791992187500e+03 4.274246520996093750e+02
1.100000000000000000e+04 0.000000000000000000e+00 2.000184631347656250e+01 1.469336547851562500e+03 4.274246826171875000e+02 0.000000000000000000e+00 2.000184631347656250e+01 1.469336547851562500e+03 4.274246826171875000e+02
1.200000000000000000e+04 0.000000000000000000e+00 2.000179290771484375e+01 1.469336669921875000e+03 4.274246826171875000e+02 0.000000000000000000e+00 2.000179290771484375e+01 1.469336669921875000e+03 4.274246826171875000e+02
1.300000000000000000e+04 0.000000000000000000e+00 2.000233459472656250e+01 1.469335815429687500e+03 4.274251098632812500e+02 0.000000000000000000e+00 2.000233459472656250e+01 1.469335815429687500e+03 4.274251098632812500e+02
1.400000000000000000e+04 0.000000000000000000e+00 2.000177574157714844e+01 1.469336669921875000e+03 4.274246520996093750e+02 0.000000000000000000e+00 2.000177574157714844e+01 1.469336669921875000e+03 4.274246520996093750e+02
1.500000000000000000e+04 0.000000000000000000e+00 2.000177955627441406e+01 1.469336669921875000e+03 4.274246520996093750e+02 0.000000000000000000e+00 2.000177955627441406e+01 1.469336669921875000e+03 4.274246520996093750e+02
1.600000000000000000e+04 0.000000000000000000e+00 2.000176620483398438e+01 1.469336669921875000e+03 4.274246520996093750e+02 0.000000000000000000e+00 2.000176620483398438e+01 1.469336669921875000e+03 4.274246520996093750e+02
1.700000000000000000e+04 0.000000000000000000e+00 1.998192596435546875e+01 1.469374755859375000e+03 4.274071655273437500e+02 0.000000000000000000e+00 1.998192596435546875e+01 1.469374755859375000e+03 4.274071655273437500e+02
1.800000000000000000e+04 0.000000000000000000e+00 2.000178146362304688e+01 1.469336669921875000e+03 4.274246826171875000e+02 0.000000000000000000e+00 2.000178146362304688e+01 1.469336669921875000e+03 4.274246826171875000e+02
1.900000000000000000e+04 0.000000000000000000e+00 2.000177574157714844e+01 1.469336669921875000e+03 4.274246520996093750e+02 0.000000000000000000e+00 2.000177574157714844e+01 1.469336669921875000e+03 4.274246520996093750e+02
2.000000000000000000e+04 0.000000000000000000e+00 2.000329780578613281e+01 1.469333862304687500e+03 4.274260253906250000e+02 0.000000000000000000e+00 2.000329780578613281e+01 1.469333862304687500e+03 4.274260253906250000e+02
