# step, loss_train, loss_test, metrics_test
0.000000000000000000e+00 0.000000000000000000e+00 3.955371093750000000e+01 2.315691650390625000e+03 9.179820251464843750e+01 0.000000000000000000e+00 3.955371093750000000e+01 2.315691650390625000e+03 9.179820251464843750e+01
1.000000000000000000e+03 0.000000000000000000e+00 2.762377929687500000e+02 5.308252441406250000e+03 1.523800964355468750e+02 0.000000000000000000e+00 2.762377929687500000e+02 5.308252441406250000e+03 1.523800964355468750e+02
2.000000000000000000e+03 0.000000000000000000e+00 1.927669982910156250e+02 3.933118408203125000e+03 1.310615081787109375e+02 0.000000000000000000e+00 1.927669982910156250e+02 3.933118408203125000e+03 1.310615081787109375e+02
3.000000000000000000e+03 0.000000000000000000e+00 1.004332504272460938e+02 2.348649902343750000e+03 1.074288024902343750e+02 0.000000000000000000e+00 1.004332504272460938e+02 2.348649902343750000e+03 1.074288024902343750e+02
4.000000000000000000e+03 0.000000000000000000e+00 3.388565063476562500e+01 1.085923950195312500e+03 9.030059051513671875e+01 0.000000000000000000e+00 3.388565063476562500e+01 1.085923950195312500e+03 9.030059051513671875e+01
5.000000000000000000e+03 0.000000000000000000e+00 1.062689876556396484e+01 4.747229919433593750e+02 8.417994689941406250e+01 0.000000000000000000e+00 1.062689876556396484e+01 4.747229919433593750e+02 8.417994689941406250e+01
6.000000000000000000e+03 0.000000000000000000e+00 5.890642089843750000e+03 3.580980791083008000e+15 1.587677734375000000e+03 0.000000000000000000e+00 5.890642089843750000e+03 3.580980791083008000e+15 1.587677734375000000e+03
7.000000000000000000e+03 0.000000000000000000e+00 9.258618164062500000e+03 1.761721406250000000e+05 2.434028808593750000e+03 0.000000000000000000e+00 9.258618164062500000e+03 1.761721406250000000e+05 2.434028808593750000e+03
8.000000000000000000e+03 0.000000000000000000e+00 9.182358398437500000e+03 1.747378593750000000e+05 2.414673339843750000e+03 0.000000000000000000e+00 9.182358398437500000e+03 1.747378593750000000e+05 2.414673339843750000e+03
9.000000000000000000e+03 0.000000000000000000e+00 9.057938476562500000e+03 1.723977031250000000e+05 2.383093505859375000e+03 0.000000000000000000e+00 9.057938476562500000e+03 1.723977031250000000e+05 2.383093505859375000e+03
1.000000000000000000e+04 0.000000000000000000e+00 8.856384765625000000e+03 1.686063906250000000e+05 2.331936767578125000e+03 0.000000000000000000e+00 8.856384765625000000e+03 1.686063906250000000e+05 2.331936767578125000e+03
1.100000000000000000e+04 0.000000000000000000e+00 8.533686523437500000e+03 1.625353281250000000e+05 2.250030029296875000e+03 0.000000000000000000e+00 8.533686523437500000e+03 1.625353281250000000e+05 2.250030029296875000e+03
1.200000000000000000e+04 0.000000000000000000e+00 8.026826171875000000e+03 1.529968593750000000e+05 2.121375732421875000e+03 0.000000000000000000e+00 8.026826171875000000e+03 1.529968593750000000e+05 2.121375732421875000e+03
1.300000000000000000e+04 0.000000000000000000e+00 1.492776074218750000e+04 2.363203437500000000e+05 3.872714355468750000e+03 0.000000000000000000e+00 1.492776074218750000e+04 2.363203437500000000e+05 3.872714355468750000e+03
1.400000000000000000e+04 0.000000000000000000e+00 1.486871777343750000e+04 2.353956875000000000e+05 3.857732421875000000e+03 0.000000000000000000e+00 1.486871777343750000e+04 2.353956875000000000e+05 3.857732421875000000e+03
1.500000000000000000e+04 0.000000000000000000e+00 1.477190039062500000e+04 2.338793281250000000e+05 3.833165527343750000e+03 0.000000000000000000e+00 1.477190039062500000e+04 2.338793281250000000e+05 3.833165527343750000e+03
1.600000000000000000e+04 0.000000000000000000e+00 1.461357714843750000e+04 2.313995937500000000e+05 3.792990234375000000e+03 0.000000000000000000e+00 1.461357714843750000e+04 2.313995937500000000e+05 3.792990234375000000e+03
1.700000000000000000e+04 0.000000000000000000e+00 1.435616699218750000e+04 2.273676093750000000e+05 3.727672607421875000e+03 0.000000000000000000e+00 1.435616699218750000e+04 2.273676093750000000e+05 3.727672607421875000e+03
1.800000000000000000e+04 0.000000000000000000e+00 1.394147656250000000e+04 2.208712812500000000e+05 3.622443115234375000e+03 0.000000000000000000e+00 1.394147656250000000e+04 2.208712812500000000e+05 3.622443115234375000e+03
1.900000000000000000e+04 0.000000000000000000e+00 1.328344824218750000e+04 2.105608593750000000e+05 3.455462890625000000e+03 0.000000000000000000e+00 1.328344824218750000e+04 2.105608593750000000e+05 3.455462890625000000e+03
2.000000000000000000e+04 0.000000000000000000e+00 1.247663769531250000e+04 1.281881484375000000e+05 3.250726074218750000e+03 0.000000000000000000e+00 1.247663769531250000e+04 1.281881484375000000e+05 3.250726074218750000e+03
