# step, loss_train, loss_test, metrics_test
0.000000000000000000e+00 5.036936327815055847e-02 3.186960220336914062e+01 1.280079345703125000e+03 7.290926933288574219e+00 5.036936327815055847e-02 3.186960220336914062e+01 1.280079345703125000e+03 7.290926933288574219e+00
1.000000000000000000e+03 5.774000287055969238e-02 5.021353363990783691e-01 3.861918449401855469e-01 7.114638805389404297e+00 5.774000287055969238e-02 5.021353363990783691e-01 3.861918449401855469e-01 7.114638805389404297e+00
2.000000000000000000e+03 3.781387209892272949e-02 3.822070658206939697e-01 8.880686014890670776e-02 7.051612854003906250e+00 3.781387209892272949e-02 3.822070658206939697e-01 8.880686014890670776e-02 7.051612854003906250e+00
3.000000000000000000e+03 2.663424797356128693e-02 2.050482183694839478e-01 4.435624927282333374e-02 7.004487037658691406e+00 2.663424797356128693e-02 2.050482183694839478e-01 4.435624927282333374e-02 7.004487037658691406e+00
4.000000000000000000e+03 3.589850664138793945e-02 1.118555590510368347e-01 1.537531428039073944e-02 6.891716957092285156e+00 3.589850664138793945e-02 1.118555590510368347e-01 1.537531428039073944e-02 6.891716957092285156e+00
5.000000000000000000e+03 1.136367544531822205e-01 9.499537944793701172e-02 1.408626317977905273e+00 6.688781738281250000e+00 1.136367544531822205e-01 9.499537944793701172e-02 1.408626317977905273e+00 6.688781738281250000e+00
6.000000000000000000e+03 6.850577890872955322e-02 7.174419611692428589e-02 1.439227908849716187e-02 6.386314392089843750e+00 6.850577890872955322e-02 7.174419611692428589e-02 1.439227908849716187e-02 6.386314392089843750e+00
7.000000000000000000e+03 7.848077267408370972e-02 2.940990775823593140e-02 2.636251226067543030e-02 5.998694419860839844e+00 7.848077267408370972e-02 2.940990775823593140e-02 2.636251226067543030e-02 5.998694419860839844e+00
8.000000000000000000e+03 1.202566772699356079e-01 2.161309868097305298e-02 3.674121573567390442e-02 5.565020561218261719e+00 1.202566772699356079e-01 2.161309868097305298e-02 3.674121573567390442e-02 5.565020561218261719e+00
9.000000000000000000e+03 2.445371299982070923e-01 8.389227092266082764e-02 2.562327682971954346e-01 5.282759666442871094e+00 2.445371299982070923e-01 8.389227092266082764e-02 2.562327682971954346e-01 5.282759666442871094e+00
1.000000000000000000e+04 1.493392288684844971e-01 2.122556604444980621e-02 8.574693650007247925e-02 4.600778579711914062e+00 1.493392288684844971e-01 2.122556604444980621e-02 8.574693650007247925e-02 4.600778579711914062e+00
1.100000000000000000e+04 1.807627975940704346e-01 1.984251663088798523e-02 6.610402464866638184e-02 3.855403900146484375e+00 1.807627975940704346e-01 1.984251663088798523e-02 6.610402464866638184e-02 3.855403900146484375e+00
1.200000000000000000e+04 2.147078812122344971e-01 1.060713175684213638e-02 3.019770048558712006e-02 3.132906436920166016e+00 2.147078812122344971e-01 1.060713175684213638e-02 3.019770048558712006e-02 3.132906436920166016e+00
1.300000000000000000e+04 1.141063049435615540e-01 5.294478498399257660e-03 1.962451450526714325e-02 3.131186962127685547e+00 1.141063049435615540e-01 5.294478498399257660e-03 1.962451450526714325e-02 3.131186962127685547e+00
1.400000000000000000e+04 1.422301530838012695e-01 4.787812475115060806e-03 1.210688240826129913e-02 2.429636955261230469e+00 1.422301530838012695e-01 4.787812475115060806e-03 1.210688240826129913e-02 2.429636955261230469e+00
1.500000000000000000e+04 3.995616734027862549e-01 3.984747081995010376e-02 8.229098320007324219e-01 2.906429290771484375e+00 3.995616734027862549e-01 3.984747081995010376e-02 8.229098320007324219e-01 2.906429290771484375e+00
1.600000000000000000e+04 6.809294968843460083e-02 3.210734110325574875e-03 1.667139679193496704e-02 2.574675083160400391e+00 6.809294968843460083e-02 3.210734110325574875e-03 1.667139679193496704e-02 2.574675083160400391e+00
1.700000000000000000e+04 7.357809692621231079e-02 3.157597966492176056e-03 1.179868821054697037e-02 1.822049975395202637e+00 7.357809692621231079e-02 3.157597966492176056e-03 1.179868821054697037e-02 1.822049975395202637e+00
1.800000000000000000e+04 7.344567775726318359e-02 1.232130103744566441e-03 1.556613296270370483e-02 1.421062469482421875e+00 7.344567775726318359e-02 1.232130103744566441e-03 1.556613296270370483e-02 1.421062469482421875e+00
1.900000000000000000e+04 5.673669278621673584e-02 2.278575440868735313e-03 1.401253975927829742e-02 1.503065109252929688e+00 5.673669278621673584e-02 2.278575440868735313e-03 1.401253975927829742e-02 1.503065109252929688e+00
2.000000000000000000e+04 7.703317701816558838e-02 2.587537281215190887e-03 2.519440092146396637e-02 2.059901952743530273e+00 7.703317701816558838e-02 2.587537281215190887e-03 2.519440092146396637e-02 2.059901952743530273e+00
