# step, loss_train, loss_test, metrics_test
0.000000000000000000e+00 8.808312937617301941e-03 2.169325828552246094e+01 4.102089843750000000e+03 4.206485900878906250e+02 8.808312937617301941e-03 2.169325828552246094e+01 4.102089843750000000e+03 4.206485900878906250e+02
1.000000000000000000e+03 1.039279818534851074e+00 4.434404754638671875e+01 7.892160415649414062e+00 3.617996826171875000e+02 1.039279818534851074e+00 4.434404754638671875e+01 7.892160415649414062e+00 3.617996826171875000e+02
2.000000000000000000e+03 1.292921185493469238e+00 2.463536453247070312e+01 1.449355244636535645e+00 3.559311828613281250e+02 1.292921185493469238e+00 2.463536453247070312e+01 1.449355244636535645e+00 3.559311828613281250e+02
3.000000000000000000e+03 7.495585441589355469e+00 3.430566787719726562e+01 3.264720201492309570e+00 2.436820831298828125e+02 7.495585441589355469e+00 3.430566787719726562e+01 3.264720201492309570e+00 2.436820831298828125e+02
4.000000000000000000e+03 1.204994010925292969e+01 1.445238304138183594e+01 1.372863292694091797e+00 3.595539093017578125e+01 1.204994010925292969e+01 1.445238304138183594e+01 1.372863292694091797e+00 3.595539093017578125e+01
5.000000000000000000e+03 5.616334438323974609e+00 3.676757574081420898e+00 4.679780006408691406e-01 7.575299739837646484e+00 5.616334438323974609e+00 3.676757574081420898e+00 4.679780006408691406e-01 7.575299739837646484e+00
6.000000000000000000e+03 5.692926406860351562e+01 8.962355613708496094e+00 3.076260375976562500e+02 8.172812461853027344e+00 5.692926406860351562e+01 8.962355613708496094e+00 3.076260375976562500e+02 8.172812461853027344e+00
7.000000000000000000e+03 2.823374032974243164e+00 1.616464614868164062e+00 3.659779131412506104e-01 5.762353420257568359e+00 2.823374032974243164e+00 1.616464614868164062e+00 3.659779131412506104e-01 5.762353420257568359e+00
8.000000000000000000e+03 2.267858982086181641e+00 1.059705734252929688e+00 3.211233317852020264e-01 4.636406898498535156e+00 2.267858982086181641e+00 1.059705734252929688e+00 3.211233317852020264e-01 4.636406898498535156e+00
9.000000000000000000e+03 5.247418212890625000e+01 6.249106884002685547e+00 2.654859924316406250e+02 6.159952163696289062e+00 5.247418212890625000e+01 6.249106884002685547e+00 2.654859924316406250e+02 6.159952163696289062e+00
1.000000000000000000e+04 1.642979264259338379e+00 6.151174306869506836e-01 2.473611831665039062e-01 3.659701108932495117e+00 1.642979264259338379e+00 6.151174306869506836e-01 2.473611831665039062e-01 3.659701108932495117e+00
1.100000000000000000e+04 1.465688228607177734e+00 5.159069299697875977e-01 2.205658406019210815e-01 3.516164779663085938e+00 1.465688228607177734e+00 5.159069299697875977e-01 2.205658406019210815e-01 3.516164779663085938e+00
1.200000000000000000e+04 1.423599243164062500e+00 4.614302814006805420e-01 3.092782199382781982e-01 3.853897809982299805e+00 1.423599243164062500e+00 4.614302814006805420e-01 3.092782199382781982e-01 3.853897809982299805e+00
1.300000000000000000e+04 1.498144030570983887e+00 4.104933738708496094e-01 5.410615801811218262e-01 3.768267631530761719e+00 1.498144030570983887e+00 4.104933738708496094e-01 5.410615801811218262e-01 3.768267631530761719e+00
1.400000000000000000e+04 1.052944660186767578e+00 3.063410520553588867e-01 1.921917796134948730e-01 2.738895416259765625e+00 1.052944660186767578e+00 3.063410520553588867e-01 1.921917796134948730e-01 2.738895416259765625e+00
1.500000000000000000e+04 9.403057098388671875e-01 2.573322057723999023e-01 1.839515715837478638e-01 2.592410802841186523e+00 9.403057098388671875e-01 2.573322057723999023e-01 1.839515715837478638e-01 2.592410802841186523e+00
1.600000000000000000e+04 9.090862274169921875e-01 2.641039788722991943e-01 1.670931458473205566e+00 2.666648626327514648e+00 9.090862274169921875e-01 2.641039788722991943e-01 1.670931458473205566e+00 2.666648626327514648e+00
1.700000000000000000e+04 7.594018578529357910e-01 1.856538057327270508e-01 1.506192982196807861e-01 2.436745882034301758e+00 7.594018578529357910e-01 1.856538057327270508e-01 1.506192982196807861e-01 2.436745882034301758e+00
1.800000000000000000e+04 6.643637418746948242e-01 1.512770503759384155e-01 1.405151337385177612e-01 2.223174810409545898e+00 6.643637418746948242e-01 1.512770503759384155e-01 1.405151337385177612e-01 2.223174810409545898e+00
1.900000000000000000e+04 6.070063114166259766e-01 1.287211328744888306e-01 1.206531152129173279e-01 2.145070075988769531e+00 6.070063114166259766e-01 1.287211328744888306e-01 1.206531152129173279e-01 2.145070075988769531e+00
2.000000000000000000e+04 7.118031382560729980e-01 1.134685203433036804e-01 3.131408989429473877e-01 2.177852869033813477e+00 7.118031382560729980e-01 1.134685203433036804e-01 3.131408989429473877e-01 2.177852869033813477e+00
