# step, loss_train, loss_test, metrics_test
0.000000000000000000e+00 3.671817779541015625e-01 3.220636749267578125e+01 6.855713867187500000e+03 8.263728332519531250e+01 3.671817779541015625e-01 3.220636749267578125e+01 6.855713867187500000e+03 8.263728332519531250e+01
1.000000000000000000e+03 2.391413450241088867e-01 4.573467636108398438e+01 9.367992281913757324e-01 8.212316894531250000e+01 2.391413450241088867e-01 4.573467636108398438e+01 9.367992281913757324e-01 8.212316894531250000e+01
2.000000000000000000e+03 1.394087970256805420e-01 3.880774307250976562e+01 7.559598684310913086e-01 7.842282104492187500e+01 1.394087970256805420e-01 3.880774307250976562e+01 7.559598684310913086e-01 7.842282104492187500e+01
3.000000000000000000e+03 4.247800707817077637e-01 3.289175033569335938e+01 8.621215224266052246e-01 7.675756072998046875e+01 4.247800707817077637e-01 3.289175033569335938e+01 8.621215224266052246e-01 7.675756072998046875e+01
4.000000000000000000e+03 3.492899656295776367e+00 2.684416961669921875e+01 2.716355323791503906e+00 7.610260009765625000e+01 3.492899656295776367e+00 2.684416961669921875e+01 2.716355323791503906e+00 7.610260009765625000e+01
5.000000000000000000e+03 2.980110645294189453e-01 1.844215011596679688e+01 7.050834298133850098e-01 7.590119934082031250e+01 2.980110645294189453e-01 1.844215011596679688e+01 7.050834298133850098e-01 7.590119934082031250e+01
6.000000000000000000e+03 3.866651952266693115e-01 9.205868721008300781e+00 6.088871359825134277e-01 7.610136413574218750e+01 3.866651952266693115e-01 9.205868721008300781e+00 6.088871359825134277e-01 7.610136413574218750e+01
7.000000000000000000e+03 5.198314189910888672e-01 5.516666412353515625e+00 5.406218171119689941e-01 7.640092468261718750e+01 5.198314189910888672e-01 5.516666412353515625e+00 5.406218171119689941e-01 7.640092468261718750e+01
8.000000000000000000e+03 3.763895630836486816e-01 4.775839328765869141e+00 2.898637950420379639e-01 7.648435974121093750e+01 3.763895630836486816e-01 4.775839328765869141e+00 2.898637950420379639e-01 7.648435974121093750e+01
9.000000000000000000e+03 3.186852335929870605e-01 4.400673866271972656e+00 2.193166613578796387e-01 7.652256774902343750e+01 3.186852335929870605e-01 4.400673866271972656e+00 2.193166613578796387e-01 7.652256774902343750e+01
1.000000000000000000e+04 2.747743427753448486e-01 4.089357376098632812e+00 1.748894602060317993e-01 7.655083465576171875e+01 2.747743427753448486e-01 4.089357376098632812e+00 1.748894602060317993e-01 7.655083465576171875e+01
1.100000000000000000e+04 1.602183461189270020e+00 3.875088453292846680e+00 6.289929151535034180e-01 7.658488464355468750e+01 1.602183461189270020e+00 3.875088453292846680e+00 6.289929151535034180e-01 7.658488464355468750e+01
1.200000000000000000e+04 2.150310277938842773e-01 3.560299158096313477e+00 1.224505528807640076e-01 7.661513519287109375e+01 2.150310277938842773e-01 3.560299158096313477e+00 1.224505528807640076e-01 7.661513519287109375e+01
1.300000000000000000e+04 1.980165839195251465e-01 3.332988977432250977e+00 9.716444462537765503e-02 7.661914062500000000e+01 1.980165839195251465e-01 3.332988977432250977e+00 9.716444462537765503e-02 7.661914062500000000e+01
1.400000000000000000e+04 2.088710814714431763e-01 3.145601749420166016e+00 7.686046510934829712e-02 7.667177581787109375e+01 2.088710814714431763e-01 3.145601749420166016e+00 7.686046510934829712e-02 7.667177581787109375e+01
1.500000000000000000e+04 1.587610542774200439e-01 2.968625307083129883e+00 7.022689282894134521e-02 7.665354156494140625e+01 1.587610542774200439e-01 2.968625307083129883e+00 7.022689282894134521e-02 7.665354156494140625e+01
1.600000000000000000e+04 1.458448469638824463e-01 2.793738126754760742e+00 6.199227645993232727e-02 7.666821289062500000e+01 1.458448469638824463e-01 2.793738126754760742e+00 6.199227645993232727e-02 7.666821289062500000e+01
1.700000000000000000e+04 1.323344707489013672e-01 2.644806385040283203e+00 5.524888634681701660e-02 7.667804718017578125e+01 1.323344707489013672e-01 2.644806385040283203e+00 5.524888634681701660e-02 7.667804718017578125e+01
1.800000000000000000e+04 1.199983730912208557e-01 2.511196374893188477e+00 5.019119009375572205e-02 7.668135833740234375e+01 1.199983730912208557e-01 2.511196374893188477e+00 5.019119009375572205e-02 7.668135833740234375e+01
1.900000000000000000e+04 1.089860275387763977e-01 2.386381864547729492e+00 4.651672765612602234e-02 7.667924499511718750e+01 1.089860275387763977e-01 2.386381864547729492e+00 4.651672765612602234e-02 7.667924499511718750e+01
2.000000000000000000e+04 2.803673744201660156e+00 2.398550033569335938e+00 1.258741855621337891e+00 7.670494079589843750e+01 2.803673744201660156e+00 2.398550033569335938e+00 1.258741855621337891e+00 7.670494079589843750e+01
