# step, loss_train, loss_test, metrics_test
0.000000000000000000e+00 1.502306152343750000e+04 3.333171463012695312e+01 6.810008789062500000e+03 6.733662719726562500e+02 1.502306152343750000e+04 3.333171463012695312e+01 6.810008789062500000e+03 6.733662719726562500e+02
1.000000000000000000e+03 9.832147598266601562e+00 1.356354713439941406e+01 1.586925625801086426e+00 3.857483825683593750e+02 9.832147598266601562e+00 1.356354713439941406e+01 1.586925625801086426e+00 3.857483825683593750e+02
2.000000000000000000e+03 6.806130886077880859e+00 5.076188087463378906e+00 9.595896911621093750e+01 3.529956054687500000e+02 6.806130886077880859e+00 5.076188087463378906e+00 9.595896911621093750e+01 3.529956054687500000e+02
3.000000000000000000e+03 2.123949050903320312e+01 8.604440689086914062e+00 1.279214739799499512e+00 2.742811889648437500e+02 2.123949050903320312e+01 8.604440689086914062e+00 1.279214739799499512e+00 2.742811889648437500e+02
4.000000000000000000e+03 3.578982543945312500e+01 1.951180458068847656e+01 6.899572753906250000e+01 1.739697723388671875e+02 3.578982543945312500e+01 1.951180458068847656e+01 6.899572753906250000e+01 1.739697723388671875e+02
5.000000000000000000e+03 3.664168167114257812e+01 6.333949565887451172e+00 1.377219009399414062e+01 3.864153289794921875e+01 3.664168167114257812e+01 6.333949565887451172e+00 1.377219009399414062e+01 3.864153289794921875e+01
6.000000000000000000e+03 4.043968200683593750e+01 2.014300155639648438e+01 2.348499298095703125e+02 2.205291137695312500e+02 4.043968200683593750e+01 2.014300155639648438e+01 2.348499298095703125e+02 2.205291137695312500e+02
7.000000000000000000e+03 3.676394653320312500e+01 7.230907917022705078e+00 7.062800598144531250e+01 9.912365722656250000e+01 3.676394653320312500e+01 7.230907917022705078e+00 7.062800598144531250e+01 9.912365722656250000e+01
8.000000000000000000e+03 6.337614440917968750e+01 2.209222793579101562e+01 9.846232414245605469e+00 3.302219543457031250e+02 6.337614440917968750e+01 2.209222793579101562e+01 9.846232414245605469e+00 3.302219543457031250e+02
9.000000000000000000e+03 2.817422866821289062e+00 3.468379974365234375e+01 6.218298435211181641e+00 3.855441284179687500e+02 2.817422866821289062e+00 3.468379974365234375e+01 6.218298435211181641e+00 3.855441284179687500e+02
1.000000000000000000e+04 3.629317760467529297e+00 2.223212051391601562e+01 2.454104804992675781e+01 4.318279724121093750e+02 3.629317760467529297e+00 2.223212051391601562e+01 2.454104804992675781e+01 4.318279724121093750e+02
1.100000000000000000e+04 7.640646934509277344e+00 1.912012672424316406e+01 5.523403930664062500e+01 3.699743652343750000e+02 7.640646934509277344e+00 1.912012672424316406e+01 5.523403930664062500e+01 3.699743652343750000e+02
1.200000000000000000e+04 9.601379394531250000e+00 3.731740951538085938e+01 2.649512863159179688e+01 4.295884399414062500e+02 9.601379394531250000e+00 3.731740951538085938e+01 2.649512863159179688e+01 4.295884399414062500e+02
1.300000000000000000e+04 1.874607849121093750e+01 3.007505607604980469e+01 7.634975433349609375e+01 4.090889587402343750e+02 1.874607849121093750e+01 3.007505607604980469e+01 7.634975433349609375e+01 4.090889587402343750e+02
1.400000000000000000e+04 1.083168601989746094e+01 3.162807083129882812e+01 2.335803270339965820e+00 3.569054870605468750e+02 1.083168601989746094e+01 3.162807083129882812e+01 2.335803270339965820e+00 3.569054870605468750e+02
1.500000000000000000e+04 8.260661132812500000e+03 9.086041259765625000e+01 2.630476806640625000e+03 5.337669677734375000e+02 8.260661132812500000e+03 9.086041259765625000e+01 2.630476806640625000e+03 5.337669677734375000e+02
1.600000000000000000e+04 7.343750000000000000e+01 3.099895477294921875e+01 4.071225280761718750e+02 4.520380554199218750e+02 7.343750000000000000e+01 3.099895477294921875e+01 4.071225280761718750e+02 4.520380554199218750e+02
1.700000000000000000e+04 8.406246948242187500e+01 2.715311431884765625e+01 2.015622711181640625e+02 4.356885375976562500e+02 8.406246948242187500e+01 2.715311431884765625e+01 2.015622711181640625e+02 4.356885375976562500e+02
1.800000000000000000e+04 2.668500061035156250e+02 2.946471405029296875e+01 2.529363861083984375e+02 4.474541015625000000e+02 2.668500061035156250e+02 2.946471405029296875e+01 2.529363861083984375e+02 4.474541015625000000e+02
1.900000000000000000e+04 7.603784942626953125e+01 4.644678878784179688e+01 1.187592926025390625e+02 4.569807128906250000e+02 7.603784942626953125e+01 4.644678878784179688e+01 1.187592926025390625e+02 4.569807128906250000e+02
2.000000000000000000e+04 8.663774108886718750e+01 1.102538204193115234e+01 3.864151611328125000e+02 4.126532592773437500e+02 8.663774108886718750e+01 1.102538204193115234e+01 3.864151611328125000e+02 4.126532592773437500e+02
