# step, loss_train, loss_test, metrics_test
0.000000000000000000e+00 7.764656829833984375e+01 2.988786315917968750e+01 5.538258300781250000e+03 2.376269836425781250e+02 7.764656829833984375e+01 2.988786315917968750e+01 5.538258300781250000e+03 2.376269836425781250e+02
1.000000000000000000e+03 1.462472438812255859e+01 3.527113676071166992e+00 2.121969938278198242e+00 1.693901672363281250e+02 1.462472438812255859e+01 3.527113676071166992e+00 2.121969938278198242e+00 1.693901672363281250e+02
2.000000000000000000e+03 3.371459197998046875e+01 3.116878271102905273e-01 1.344544982910156250e+01 4.850183105468750000e+01 3.371459197998046875e+01 3.116878271102905273e-01 1.344544982910156250e+01 4.850183105468750000e+01
3.000000000000000000e+03 2.311720657348632812e+01 3.519930690526962280e-02 4.705269813537597656e+00 1.775582504272460938e+01 2.311720657348632812e+01 3.519930690526962280e-02 4.705269813537597656e+00 1.775582504272460938e+01
4.000000000000000000e+03 2.133287048339843750e+01 2.032708972692489624e-01 5.438575267791748047e+00 1.026617908477783203e+01 2.133287048339843750e+01 2.032708972692489624e-01 5.438575267791748047e+00 1.026617908477783203e+01
5.000000000000000000e+03 1.121266746520996094e+01 2.275364100933074951e-02 4.054905414581298828e+00 1.204792308807373047e+01 1.121266746520996094e+01 2.275364100933074951e-02 4.054905414581298828e+00 1.204792308807373047e+01
6.000000000000000000e+03 2.033635711669921875e+01 3.536843657493591309e-01 1.768692398071289062e+01 7.502556324005126953e+00 2.033635711669921875e+01 3.536843657493591309e-01 1.768692398071289062e+01 7.502556324005126953e+00
7.000000000000000000e+03 8.009556770324707031e+00 7.555986940860748291e-02 1.533552360534667969e+01 9.433488845825195312e+00 8.009556770324707031e+00 7.555986940860748291e-02 1.533552360534667969e+01 9.433488845825195312e+00
8.000000000000000000e+03 4.498940467834472656e+00 8.842793293297290802e-03 4.029100894927978516e+00 3.841826677322387695e+00 4.498940467834472656e+00 8.842793293297290802e-03 4.029100894927978516e+00 3.841826677322387695e+00
9.000000000000000000e+03 6.594351768493652344e+00 2.292336225509643555e-01 3.015020370483398438e+00 5.118247032165527344e+00 6.594351768493652344e+00 2.292336225509643555e-01 3.015020370483398438e+00 5.118247032165527344e+00
1.000000000000000000e+04 5.673120498657226562e+00 1.269353628158569336e-01 3.329029798507690430e+00 1.123321533203125000e+01 5.673120498657226562e+00 1.269353628158569336e-01 3.329029798507690430e+00 1.123321533203125000e+01
1.100000000000000000e+04 3.960813522338867188e+00 1.184338033199310303e-01 1.327581405639648438e+01 4.066802501678466797e+00 3.960813522338867188e+00 1.184338033199310303e-01 1.327581405639648438e+01 4.066802501678466797e+00
1.200000000000000000e+04 3.859156370162963867e+00 1.642006263136863708e-02 1.077641391754150391e+01 2.338184833526611328e+00 3.859156370162963867e+00 1.642006263136863708e-02 1.077641391754150391e+01 2.338184833526611328e+00
1.300000000000000000e+04 2.131690740585327148e+00 1.862031780183315277e-02 3.483027219772338867e+00 2.013760566711425781e+00 2.131690740585327148e+00 1.862031780183315277e-02 3.483027219772338867e+00 2.013760566711425781e+00
1.400000000000000000e+04 1.275820970535278320e+00 3.419737145304679871e-02 1.265883445739746094e+00 1.026793241500854492e+00 1.275820970535278320e+00 3.419737145304679871e-02 1.265883445739746094e+00 1.026793241500854492e+00
1.500000000000000000e+04 1.133770465850830078e+00 7.712888997048139572e-03 1.210691690444946289e+00 1.460216164588928223e+00 1.133770465850830078e+00 7.712888997048139572e-03 1.210691690444946289e+00 1.460216164588928223e+00
1.600000000000000000e+04 9.121537208557128906e-01 2.338475314900279045e-03 1.102177143096923828e+00 1.306419968605041504e+00 9.121537208557128906e-01 2.338475314900279045e-03 1.102177143096923828e+00 1.306419968605041504e+00
1.700000000000000000e+04 1.060769081115722656e+00 5.399691686034202576e-02 2.497445344924926758e+00 1.114747643470764160e+00 1.060769081115722656e+00 5.399691686034202576e-02 2.497445344924926758e+00 1.114747643470764160e+00
1.800000000000000000e+04 7.170609235763549805e-01 3.200339525938034058e-02 5.786274671554565430e-01 9.141897559165954590e-01 7.170609235763549805e-01 3.200339525938034058e-02 5.786274671554565430e-01 9.141897559165954590e-01
1.900000000000000000e+04 2.436498403549194336e+00 7.619499415159225464e-02 1.106619644165039062e+01 2.872449398040771484e+00 2.436498403549194336e+00 7.619499415159225464e-02 1.106619644165039062e+01 2.872449398040771484e+00
2.000000000000000000e+04 9.208199381828308105e-01 1.916436851024627686e-01 1.475396633148193359e+00 9.461281895637512207e-01 9.208199381828308105e-01 1.916436851024627686e-01 1.475396633148193359e+00 9.461281895637512207e-01
