# step, loss_train, loss_test, metrics_test
0.000000000000000000e+00 1.035113882608129643e-06 2.519303321838378906e+01 2.050076904296875000e+03 2.013126525878906250e+02 1.035113882608129643e-06 2.519303321838378906e+01 2.050076904296875000e+03 2.013126525878906250e+02
1.000000000000000000e+03 9.733279148349538445e-05 1.980104064941406250e+01 9.052141723632812500e+02 1.983224029541015625e+02 9.733279148349538445e-05 1.980104064941406250e+01 9.052141723632812500e+02 1.983224029541015625e+02
2.000000000000000000e+03 1.077492982149124146e-01 1.907260894775390625e+01 8.259618530273437500e+02 1.980980377197265625e+02 1.077492982149124146e-01 1.907260894775390625e+01 8.259618530273437500e+02 1.980980377197265625e+02
3.000000000000000000e+03 1.396643519401550293e+00 2.379475212097167969e+01 4.142134094238281250e+02 2.002241668701171875e+02 1.396643519401550293e+00 2.379475212097167969e+01 4.142134094238281250e+02 2.002241668701171875e+02
4.000000000000000000e+03 1.691973447799682617e+00 2.728020286560058594e+01 1.847977447509765625e+02 1.955144958496093750e+02 1.691973447799682617e+00 2.728020286560058594e+01 1.847977447509765625e+02 1.955144958496093750e+02
5.000000000000000000e+03 1.129364609718322754e+00 4.504088973999023438e+01 1.211001777648925781e+01 1.867772827148437500e+02 1.129364609718322754e+00 4.504088973999023438e+01 1.211001777648925781e+01 1.867772827148437500e+02
6.000000000000000000e+03 8.022538423538208008e-01 4.716365051269531250e+01 1.021088981628417969e+01 1.846222229003906250e+02 8.022538423538208008e-01 4.716365051269531250e+01 1.021088981628417969e+01 1.846222229003906250e+02
7.000000000000000000e+03 6.255592703819274902e-01 4.708979034423828125e+01 1.044977092742919922e+01 1.835897064208984375e+02 6.255592703819274902e-01 4.708979034423828125e+01 1.044977092742919922e+01 1.835897064208984375e+02
8.000000000000000000e+03 5.121598243713378906e-01 4.671073913574218750e+01 1.072058868408203125e+01 1.828863067626953125e+02 5.121598243713378906e-01 4.671073913574218750e+01 1.072058868408203125e+01 1.828863067626953125e+02
9.000000000000000000e+03 4.450027048587799072e-01 4.618648910522460938e+01 1.103367710113525391e+01 1.822277221679687500e+02 4.450027048587799072e-01 4.618648910522460938e+01 1.103367710113525391e+01 1.822277221679687500e+02
1.000000000000000000e+04 4.092850089073181152e-01 4.553250885009765625e+01 1.137948894500732422e+01 1.815564422607421875e+02 4.092850089073181152e-01 4.553250885009765625e+01 1.137948894500732422e+01 1.815564422607421875e+02
1.100000000000000000e+04 3.847457468509674072e-01 4.476790618896484375e+01 1.167585849761962891e+01 1.808906402587890625e+02 3.847457468509674072e-01 4.476790618896484375e+01 1.167585849761962891e+01 1.808906402587890625e+02
1.200000000000000000e+04 3.500355482101440430e-01 4.386732101440429688e+01 1.186896228790283203e+01 1.802224426269531250e+02 3.500355482101440430e-01 4.386732101440429688e+01 1.186896228790283203e+01 1.802224426269531250e+02
1.300000000000000000e+04 3.501022458076477051e-01 4.270982360839843750e+01 1.193685436248779297e+01 1.794895019531250000e+02 3.501022458076477051e-01 4.270982360839843750e+01 1.193685436248779297e+01 1.794895019531250000e+02
1.400000000000000000e+04 5.577128529548645020e-01 4.101285552978515625e+01 1.205929660797119141e+01 1.787705078125000000e+02 5.577128529548645020e-01 4.101285552978515625e+01 1.205929660797119141e+01 1.787705078125000000e+02
1.500000000000000000e+04 7.041793465614318848e-01 3.983992004394531250e+01 1.215914440155029297e+01 1.781638031005859375e+02 7.041793465614318848e-01 3.983992004394531250e+01 1.215914440155029297e+01 1.781638031005859375e+02
1.600000000000000000e+04 7.261880636215209961e-01 3.926530075073242188e+01 1.199798870086669922e+01 1.777509765625000000e+02 7.261880636215209961e-01 3.926530075073242188e+01 1.199798870086669922e+01 1.777509765625000000e+02
1.700000000000000000e+04 7.689539790153503418e-01 3.878540802001953125e+01 1.167545032501220703e+01 1.774861907958984375e+02 7.689539790153503418e-01 3.878540802001953125e+01 1.167545032501220703e+01 1.774861907958984375e+02
1.800000000000000000e+04 8.030145168304443359e-01 3.828700637817382812e+01 1.123789310455322266e+01 1.773173217773437500e+02 8.030145168304443359e-01 3.828700637817382812e+01 1.123789310455322266e+01 1.773173217773437500e+02
1.900000000000000000e+04 8.202910423278808594e-01 3.755750656127929688e+01 1.069897270202636719e+01 1.772421264648437500e+02 8.202910423278808594e-01 3.755750656127929688e+01 1.069897270202636719e+01 1.772421264648437500e+02
2.000000000000000000e+04 9.299752712249755859e-01 3.562471389770507812e+01 9.972452163696289062e+00 1.773928375244140625e+02 9.299752712249755859e-01 3.562471389770507812e+01 9.972452163696289062e+00 1.773928375244140625e+02
