# step, loss_train, loss_test, metrics_test
0.000000000000000000e+00 4.887181562500000000e+05 1.850030364990234375e+02 0.000000000000000000e+00 6.732089843750000000e+02 4.887181562500000000e+05 1.850030364990234375e+02 0.000000000000000000e+00 6.732089843750000000e+02
1.000000000000000000e+03 1.604624176025390625e+02 3.562373733520507812e+01 0.000000000000000000e+00 3.832225646972656250e+02 1.604624176025390625e+02 3.562373733520507812e+01 0.000000000000000000e+00 3.832225646972656250e+02
2.000000000000000000e+03 5.795459747314453125e+01 2.557122802734375000e+01 0.000000000000000000e+00 3.545039672851562500e+02 5.795459747314453125e+01 2.557122802734375000e+01 0.000000000000000000e+00 3.545039672851562500e+02
3.000000000000000000e+03 3.203649139404296875e+01 2.074943923950195312e+01 0.000000000000000000e+00 3.282751464843750000e+02 3.203649139404296875e+01 2.074943923950195312e+01 0.000000000000000000e+00 3.282751464843750000e+02
4.000000000000000000e+03 2.196655845642089844e+01 1.858846282958984375e+01 0.000000000000000000e+00 3.083483276367187500e+02 2.196655845642089844e+01 1.858846282958984375e+01 0.000000000000000000e+00 3.083483276367187500e+02
5.000000000000000000e+03 1.563175296783447266e+01 1.820116806030273438e+01 0.000000000000000000e+00 2.888710937500000000e+02 1.563175296783447266e+01 1.820116806030273438e+01 0.000000000000000000e+00 2.888710937500000000e+02
6.000000000000000000e+03 2.696263504028320312e+01 1.752541923522949219e+01 0.000000000000000000e+00 2.762400817871093750e+02 2.696263504028320312e+01 1.752541923522949219e+01 0.000000000000000000e+00 2.762400817871093750e+02
7.000000000000000000e+03 1.376570701599121094e+01 1.720661354064941406e+01 0.000000000000000000e+00 2.628885192871093750e+02 1.376570701599121094e+01 1.720661354064941406e+01 0.000000000000000000e+00 2.628885192871093750e+02
8.000000000000000000e+03 8.329461097717285156e+00 1.739892387390136719e+01 0.000000000000000000e+00 2.513572387695312500e+02 8.329461097717285156e+00 1.739892387390136719e+01 0.000000000000000000e+00 2.513572387695312500e+02
9.000000000000000000e+03 7.320061683654785156e+00 1.740736198425292969e+01 0.000000000000000000e+00 2.407552490234375000e+02 7.320061683654785156e+00 1.740736198425292969e+01 0.000000000000000000e+00 2.407552490234375000e+02
1.000000000000000000e+04 2.178824043273925781e+01 1.661402702331542969e+01 0.000000000000000000e+00 2.326849822998046875e+02 2.178824043273925781e+01 1.661402702331542969e+01 0.000000000000000000e+00 2.326849822998046875e+02
1.100000000000000000e+04 6.299696445465087891e+00 1.726432609558105469e+01 0.000000000000000000e+00 2.209948425292968750e+02 6.299696445465087891e+00 1.726432609558105469e+01 0.000000000000000000e+00 2.209948425292968750e+02
1.200000000000000000e+04 6.198009967803955078e+00 1.661118888854980469e+01 0.000000000000000000e+00 2.121884613037109375e+02 6.198009967803955078e+00 1.661118888854980469e+01 0.000000000000000000e+00 2.121884613037109375e+02
1.300000000000000000e+04 6.048498153686523438e+00 1.676008033752441406e+01 0.000000000000000000e+00 2.005851745605468750e+02 6.048498153686523438e+00 1.676008033752441406e+01 0.000000000000000000e+00 2.005851745605468750e+02
1.400000000000000000e+04 9.382338523864746094e+00 1.616069602966308594e+01 0.000000000000000000e+00 1.897478485107421875e+02 9.382338523864746094e+00 1.616069602966308594e+01 0.000000000000000000e+00 1.897478485107421875e+02
1.500000000000000000e+04 6.155062198638916016e+00 1.460918045043945312e+01 0.000000000000000000e+00 1.791240081787109375e+02 6.155062198638916016e+00 1.460918045043945312e+01 0.000000000000000000e+00 1.791240081787109375e+02
1.600000000000000000e+04 6.271234989166259766e+00 1.259112071990966797e+01 0.000000000000000000e+00 1.681802825927734375e+02 6.271234989166259766e+00 1.259112071990966797e+01 0.000000000000000000e+00 1.681802825927734375e+02
1.700000000000000000e+04 6.443541526794433594e+00 1.070900058746337891e+01 0.000000000000000000e+00 1.561520233154296875e+02 6.443541526794433594e+00 1.070900058746337891e+01 0.000000000000000000e+00 1.561520233154296875e+02
1.800000000000000000e+04 3.510296630859375000e+02 8.658166885375976562e+00 0.000000000000000000e+00 1.462438812255859375e+02 3.510296630859375000e+02 8.658166885375976562e+00 0.000000000000000000e+00 1.462438812255859375e+02
1.900000000000000000e+04 5.300694656372070312e+01 6.164913654327392578e+00 0.000000000000000000e+00 1.357081604003906250e+02 5.300694656372070312e+01 6.164913654327392578e+00 0.000000000000000000e+00 1.357081604003906250e+02
2.000000000000000000e+04 6.281603813171386719e+00 5.387422084808349609e+00 0.000000000000000000e+00 1.249968948364257812e+02 6.281603813171386719e+00 5.387422084808349609e+00 0.000000000000000000e+00 1.249968948364257812e+02
