# step, loss_train, loss_test, metrics_test
0.000000000000000000e+00 1.160920166015625000e+03 3.945808410644531250e+01 0.000000000000000000e+00 3.900769042968750000e+02 1.160920166015625000e+03 3.945808410644531250e+01 0.000000000000000000e+00 3.900769042968750000e+02
1.000000000000000000e+03 2.746333360671997070e+00 1.028237247467041016e+01 0.000000000000000000e+00 3.536036071777343750e+02 2.746333360671997070e+00 1.028237247467041016e+01 0.000000000000000000e+00 3.536036071777343750e+02
2.000000000000000000e+03 1.099194765090942383e+00 9.615217208862304688e+00 0.000000000000000000e+00 3.525317993164062500e+02 1.099194765090942383e+00 9.615217208862304688e+00 0.000000000000000000e+00 3.525317993164062500e+02
3.000000000000000000e+03 1.127167344093322754e+00 9.442896842956542969e+00 0.000000000000000000e+00 3.510906066894531250e+02 1.127167344093322754e+00 9.442896842956542969e+00 0.000000000000000000e+00 3.510906066894531250e+02
4.000000000000000000e+03 2.611924648284912109e+00 9.455407142639160156e+00 0.000000000000000000e+00 3.395868530273437500e+02 2.611924648284912109e+00 9.455407142639160156e+00 0.000000000000000000e+00 3.395868530273437500e+02
5.000000000000000000e+03 1.008179283142089844e+01 2.744629096984863281e+01 0.000000000000000000e+00 2.291452026367187500e+02 1.008179283142089844e+01 2.744629096984863281e+01 0.000000000000000000e+00 2.291452026367187500e+02
6.000000000000000000e+03 7.447600841522216797e+00 3.634709930419921875e+01 0.000000000000000000e+00 1.629308166503906250e+02 7.447600841522216797e+00 3.634709930419921875e+01 0.000000000000000000e+00 1.629308166503906250e+02
7.000000000000000000e+03 7.734169006347656250e+00 3.650482940673828125e+01 0.000000000000000000e+00 1.170335006713867188e+02 7.734169006347656250e+00 3.650482940673828125e+01 0.000000000000000000e+00 1.170335006713867188e+02
8.000000000000000000e+03 8.698656082153320312e+00 1.638412857055664062e+01 0.000000000000000000e+00 4.061256408691406250e+01 8.698656082153320312e+00 1.638412857055664062e+01 0.000000000000000000e+00 4.061256408691406250e+01
9.000000000000000000e+03 5.167771339416503906e+00 7.281072139739990234e+00 0.000000000000000000e+00 1.623371696472167969e+01 5.167771339416503906e+00 7.281072139739990234e+00 0.000000000000000000e+00 1.623371696472167969e+01
1.000000000000000000e+04 3.740516185760498047e+00 4.263612747192382812e+00 0.000000000000000000e+00 1.339312362670898438e+01 3.740516185760498047e+00 4.263612747192382812e+00 0.000000000000000000e+00 1.339312362670898438e+01
1.100000000000000000e+04 2.787175655364990234e+00 3.320710897445678711e+00 0.000000000000000000e+00 1.287464046478271484e+01 2.787175655364990234e+00 3.320710897445678711e+00 0.000000000000000000e+00 1.287464046478271484e+01
1.200000000000000000e+04 2.286015510559082031e+00 2.883321523666381836e+00 0.000000000000000000e+00 1.250967216491699219e+01 2.286015510559082031e+00 2.883321523666381836e+00 0.000000000000000000e+00 1.250967216491699219e+01
1.300000000000000000e+04 1.909032344818115234e+00 2.540838956832885742e+00 0.000000000000000000e+00 1.209559440612792969e+01 1.909032344818115234e+00 2.540838956832885742e+00 0.000000000000000000e+00 1.209559440612792969e+01
1.400000000000000000e+04 1.716140985488891602e+00 2.238796472549438477e+00 0.000000000000000000e+00 1.161763668060302734e+01 1.716140985488891602e+00 2.238796472549438477e+00 0.000000000000000000e+00 1.161763668060302734e+01
1.500000000000000000e+04 1.599596023559570312e+00 1.993209838867187500e+00 0.000000000000000000e+00 1.104759502410888672e+01 1.599596023559570312e+00 1.993209838867187500e+00 0.000000000000000000e+00 1.104759502410888672e+01
1.600000000000000000e+04 1.542455554008483887e+00 1.802597522735595703e+00 0.000000000000000000e+00 1.029420757293701172e+01 1.542455554008483887e+00 1.802597522735595703e+00 0.000000000000000000e+00 1.029420757293701172e+01
1.700000000000000000e+04 1.500203609466552734e+00 1.661776185035705566e+00 0.000000000000000000e+00 9.240035057067871094e+00 1.500203609466552734e+00 1.661776185035705566e+00 0.000000000000000000e+00 9.240035057067871094e+00
1.800000000000000000e+04 1.459402680397033691e+00 1.555649757385253906e+00 0.000000000000000000e+00 7.863248348236083984e+00 1.459402680397033691e+00 1.555649757385253906e+00 0.000000000000000000e+00 7.863248348236083984e+00
1.900000000000000000e+04 1.387280941009521484e+00 1.476438760757446289e+00 0.000000000000000000e+00 6.444230079650878906e+00 1.387280941009521484e+00 1.476438760757446289e+00 0.000000000000000000e+00 6.444230079650878906e+00
2.000000000000000000e+04 1.295705318450927734e+00 1.419159293174743652e+00 0.000000000000000000e+00 5.287410259246826172e+00 1.295705318450927734e+00 1.419159293174743652e+00 0.000000000000000000e+00 5.287410259246826172e+00
