# step, loss_train, loss_test, metrics_test
0.000000000000000000e+00 1.415988159179687500e+02 1.111356430053710938e+02 2.496631164550781250e+02 4.571447448730468750e+02 1.415988159179687500e+02 1.111356430053710938e+02 2.496631164550781250e+02 4.571447448730468750e+02
1.000000000000000000e+03 2.616939673316664994e-05 1.963142585754394531e+01 7.772972106933593750e+01 4.166582641601562500e+02 2.616939673316664994e-05 1.963142585754394531e+01 7.772972106933593750e+01 4.166582641601562500e+02
2.000000000000000000e+03 7.229413986206054688e-01 7.883916625976562500e+02 2.024982910156250000e+03 9.855941772460937500e+02 7.229413986206054688e-01 7.883916625976562500e+02 2.024982910156250000e+03 9.855941772460937500e+02
3.000000000000000000e+03 8.164017017975311319e-09 1.963457489013671875e+01 7.773745727539062500e+01 4.166593017578125000e+02 8.164017017975311319e-09 1.963457489013671875e+01 7.773745727539062500e+01 4.166593017578125000e+02
4.000000000000000000e+03 4.110861873130033928e-09 1.963471984863281250e+01 7.773718261718750000e+01 4.166593933105468750e+02 4.110861873130033928e-09 1.963471984863281250e+01 7.773718261718750000e+01 4.166593933105468750e+02
5.000000000000000000e+03 2.066790738552981566e-09 1.844436073303222656e+01 8.038151550292968750e+01 4.158794250488281250e+02 2.066790738552981566e-09 1.844436073303222656e+01 8.038151550292968750e+01 4.158794250488281250e+02
6.000000000000000000e+03 1.016989381596999920e-09 1.954511833190917969e+01 7.788918304443359375e+01 4.165998535156250000e+02 1.016989381596999920e-09 1.954511833190917969e+01 7.788918304443359375e+01 4.165998535156250000e+02
7.000000000000000000e+03 4.672431885843764121e-10 1.962739944458007812e+01 7.774932861328125000e+01 4.166545715332031250e+02 4.672431885843764121e-10 1.962739944458007812e+01 7.774932861328125000e+01 4.166545715332031250e+02
8.000000000000000000e+03 2.103965890398740157e-10 1.963468933105468750e+01 7.773712158203125000e+01 4.166593933105468750e+02 2.103965890398740157e-10 1.963468933105468750e+01 7.773712158203125000e+01 4.166593933105468750e+02
9.000000000000000000e+03 1.183900477652599648e-10 1.968660545349121094e+01 7.765166473388671875e+01 4.166939392089843750e+02 1.183900477652599648e-10 1.968660545349121094e+01 7.765166473388671875e+01 4.166939392089843750e+02
1.000000000000000000e+04 6.064813928841061852e-11 1.963378906250000000e+01 7.773863220214843750e+01 4.166588439941406250e+02 6.064813928841061852e-11 1.963378906250000000e+01 7.773863220214843750e+01 4.166588439941406250e+02
1.100000000000000000e+04 3.294468864378785611e-11 1.719443893432617188e+01 8.706066131591796875e+01 4.151282653808593750e+02 3.294468864378785611e-11 1.719443893432617188e+01 8.706066131591796875e+01 4.151282653808593750e+02
1.200000000000000000e+04 4.273655648118213080e-12 1.937188911437988281e+01 7.820037078857421875e+01 4.164851379394531250e+02 4.273655648118213080e-12 1.937188911437988281e+01 7.820037078857421875e+01 4.164851379394531250e+02
1.300000000000000000e+04 9.054607107497614216e-13 1.963455581665039062e+01 7.773735046386718750e+01 4.166593017578125000e+02 9.054607107497614216e-13 1.963455581665039062e+01 7.773735046386718750e+01 4.166593017578125000e+02
1.400000000000000000e+04 2.169650906418824077e-13 1.962856292724609375e+01 7.774734497070312500e+01 4.166553344726562500e+02 2.169650906418824077e-13 1.962856292724609375e+01 7.774734497070312500e+01 4.166553344726562500e+02
1.500000000000000000e+04 4.872355435238916177e-14 1.978145790100097656e+01 7.750019836425781250e+01 4.167571411132812500e+02 4.872355435238916177e-14 1.978145790100097656e+01 7.750019836425781250e+01 4.167571411132812500e+02
1.600000000000000000e+04 1.470538812519284894e-14 1.963447380065917969e+01 7.773748779296875000e+01 4.166592407226562500e+02 1.470538812519284894e-14 1.963447380065917969e+01 7.773748779296875000e+01 4.166592407226562500e+02
1.700000000000000000e+04 3.753352914115468814e-15 2.040968322753906250e+01 7.663277435302734375e+01 4.171779479980468750e+02 3.753352914115468814e-15 2.040968322753906250e+01 7.663277435302734375e+01 4.171779479980468750e+02
1.800000000000000000e+04 1.210206581960817339e-15 1.962828445434570312e+01 7.774780273437500000e+01 4.166551513671875000e+02 1.210206581960817339e-15 1.962828445434570312e+01 7.774780273437500000e+01 4.166551513671875000e+02
1.900000000000000000e+04 4.605439895207798749e-16 1.938174247741699219e+01 1.152559356689453125e+02 4.171361999511718750e+02 4.605439895207798749e-16 1.938174247741699219e+01 1.152559356689453125e+02 4.171361999511718750e+02
2.000000000000000000e+04 1.144595621624736048e-16 1.964996528625488281e+01 7.771177673339843750e+01 4.166695251464843750e+02 1.144595621624736048e-16 1.964996528625488281e+01 7.771177673339843750e+01 4.166695251464843750e+02
