# step, loss_train, loss_test, metrics_test
0.000000000000000000e+00 6.386138439178466797e+00 3.256498718261718750e+01 1.848325561523437500e+03 2.190470123291015625e+01 6.386138439178466797e+00 3.256498718261718750e+01 1.848325561523437500e+03 2.190470123291015625e+01
1.000000000000000000e+03 9.839696288108825684e-01 3.950124740600585938e+00 4.666429162025451660e-01 2.040353775024414062e+01 9.839696288108825684e-01 3.950124740600585938e+00 4.666429162025451660e-01 2.040353775024414062e+01
2.000000000000000000e+03 2.600132822990417480e-01 3.894811272621154785e-01 1.769884377717971802e-01 2.005213165283203125e+01 2.600132822990417480e-01 3.894811272621154785e-01 1.769884377717971802e-01 2.005213165283203125e+01
3.000000000000000000e+03 1.691135466098785400e-01 1.607078313827514648e-01 1.918727904558181763e-01 1.952931785583496094e+01 1.691135466098785400e-01 1.607078313827514648e-01 1.918727904558181763e-01 1.952931785583496094e+01
4.000000000000000000e+03 8.699363470077514648e-02 7.520959526300430298e-02 2.982022762298583984e-01 1.851117515563964844e+01 8.699363470077514648e-02 7.520959526300430298e-02 2.982022762298583984e-01 1.851117515563964844e+01
5.000000000000000000e+03 8.368922024965286255e-02 7.194910198450088501e-02 8.944001793861389160e-01 1.730265045166015625e+01 8.368922024965286255e-02 7.194910198450088501e-02 8.944001793861389160e-01 1.730265045166015625e+01
6.000000000000000000e+03 1.328219890594482422e+00 3.923375904560089111e-02 2.755039036273956299e-01 1.335590171813964844e+01 1.328219890594482422e+00 3.923375904560089111e-02 2.755039036273956299e-01 1.335590171813964844e+01
7.000000000000000000e+03 3.968612290918827057e-03 3.850799426436424255e-02 1.648028753697872162e-02 1.081933021545410156e+01 3.968612290918827057e-03 3.850799426436424255e-02 1.648028753697872162e-02 1.081933021545410156e+01
8.000000000000000000e+03 8.305664360523223877e-02 8.478305488824844360e-02 2.098859071731567383e+00 9.912240028381347656e+00 8.305664360523223877e-02 8.478305488824844360e-02 2.098859071731567383e+00 9.912240028381347656e+00
9.000000000000000000e+03 6.051874719560146332e-03 1.792890392243862152e-02 2.024180442094802856e-02 9.089168548583984375e+00 6.051874719560146332e-03 1.792890392243862152e-02 2.024180442094802856e-02 9.089168548583984375e+00
1.000000000000000000e+04 4.687009006738662720e-02 1.997065916657447815e-02 4.410003721714019775e-01 8.393965721130371094e+00 4.687009006738662720e-02 1.997065916657447815e-02 4.410003721714019775e-01 8.393965721130371094e+00
1.100000000000000000e+04 1.274270378053188324e-02 7.807816844433546066e-03 8.459404855966567993e-02 7.319136142730712891e+00 1.274270378053188324e-02 7.807816844433546066e-03 8.459404855966567993e-02 7.319136142730712891e+00
1.200000000000000000e+04 3.839917108416557312e-02 1.820860058069229126e-02 1.343718618154525757e-01 6.226801872253417969e+00 3.839917108416557312e-02 1.820860058069229126e-02 1.343718618154525757e-01 6.226801872253417969e+00
1.300000000000000000e+04 1.693083047866821289e-01 4.009808599948883057e-02 1.040279865264892578e+00 5.830791950225830078e+00 1.693083047866821289e-01 4.009808599948883057e-02 1.040279865264892578e+00 5.830791950225830078e+00
1.400000000000000000e+04 1.141266301274299622e-01 9.557598270475864410e-03 7.064418196678161621e-01 5.169334411621093750e+00 1.141266301274299622e-01 9.557598270475864410e-03 7.064418196678161621e-01 5.169334411621093750e+00
1.500000000000000000e+04 2.111079692840576172e-01 1.476638466119766235e-01 6.289423465728759766e+00 4.593414783477783203e+00 2.111079692840576172e-01 1.476638466119766235e-01 6.289423465728759766e+00 4.593414783477783203e+00
1.600000000000000000e+04 1.906718499958515167e-02 2.392680756747722626e-02 2.938105165958404541e-01 4.086034297943115234e+00 1.906718499958515167e-02 2.392680756747722626e-02 2.938105165958404541e-01 4.086034297943115234e+00
1.700000000000000000e+04 1.011017058044672012e-02 5.163322668522596359e-03 4.691880568861961365e-02 3.523586511611938477e+00 1.011017058044672012e-02 5.163322668522596359e-03 4.691880568861961365e-02 3.523586511611938477e+00
1.800000000000000000e+04 2.195181883871555328e-02 9.350311756134033203e-02 3.092583417892456055e+00 3.127970695495605469e+00 2.195181883871555328e-02 9.350311756134033203e-02 3.092583417892456055e+00 3.127970695495605469e+00
1.900000000000000000e+04 1.740242391824722290e-01 2.959285490214824677e-02 6.514135599136352539e-01 2.971591949462890625e+00 1.740242391824722290e-01 2.959285490214824677e-02 6.514135599136352539e-01 2.971591949462890625e+00
2.000000000000000000e+04 5.172894522547721863e-02 2.140199020504951477e-02 2.677048444747924805e-01 2.788817644119262695e+00 5.172894522547721863e-02 2.140199020504951477e-02 2.677048444747924805e-01 2.788817644119262695e+00
