# step, loss_train, loss_test, metrics_test
0.000000000000000000e+00 3.301220092773437500e+02 5.528539276123046875e+01 3.454713623046875000e+03 3.961992492675781250e+02 3.301220092773437500e+02 5.528539276123046875e+01 3.454713623046875000e+03 3.961992492675781250e+02
1.000000000000000000e+03 2.534464645385742188e+01 1.038556575775146484e+01 2.322784662246704102e+00 8.654106903076171875e+01 2.534464645385742188e+01 1.038556575775146484e+01 2.322784662246704102e+00 8.654106903076171875e+01
2.000000000000000000e+03 1.558003807067871094e+01 2.717203378677368164e+00 5.878482460975646973e-01 7.469310283660888672e+00 1.558003807067871094e+01 2.717203378677368164e+00 5.878482460975646973e-01 7.469310283660888672e+00
3.000000000000000000e+03 1.189571857452392578e+01 1.726768016815185547e+00 3.934893012046813965e-01 5.315836906433105469e+00 1.189571857452392578e+01 1.726768016815185547e+00 3.934893012046813965e-01 5.315836906433105469e+00
4.000000000000000000e+03 9.245595932006835938e+00 1.257818937301635742e+00 6.631969809532165527e-01 4.350631237030029297e+00 9.245595932006835938e+00 1.257818937301635742e+00 6.631969809532165527e-01 4.350631237030029297e+00
5.000000000000000000e+03 7.119394302368164062e+00 9.872381687164306641e-01 1.913989782333374023e+00 3.305679321289062500e+00 7.119394302368164062e+00 9.872381687164306641e-01 1.913989782333374023e+00 3.305679321289062500e+00
6.000000000000000000e+03 6.993866920471191406e+00 8.586305379867553711e-01 2.862421274185180664e+00 2.861647129058837891e+00 6.993866920471191406e+00 8.586305379867553711e-01 2.862421274185180664e+00 2.861647129058837891e+00
7.000000000000000000e+03 6.449215888977050781e+00 7.387130856513977051e-01 2.667619943618774414e+00 2.462974071502685547e+00 6.449215888977050781e+00 7.387130856513977051e-01 2.667619943618774414e+00 2.462974071502685547e+00
8.000000000000000000e+03 6.625353813171386719e+00 6.061301231384277344e-01 4.230189800262451172e+00 2.644081115722656250e+00 6.625353813171386719e+00 6.061301231384277344e-01 4.230189800262451172e+00 2.644081115722656250e+00
9.000000000000000000e+03 4.782289981842041016e+00 5.093482732772827148e-01 8.706043958663940430e-01 2.026124954223632812e+00 4.782289981842041016e+00 5.093482732772827148e-01 8.706043958663940430e-01 2.026124954223632812e+00
1.000000000000000000e+04 4.410006046295166016e+00 4.171666502952575684e-01 2.128202468156814575e-01 1.983475208282470703e+00 4.410006046295166016e+00 4.171666502952575684e-01 2.128202468156814575e-01 1.983475208282470703e+00
1.100000000000000000e+04 3.999297618865966797e+00 3.954293727874755859e-01 3.884189426898956299e-01 1.780174493789672852e+00 3.999297618865966797e+00 3.954293727874755859e-01 3.884189426898956299e-01 1.780174493789672852e+00
1.200000000000000000e+04 3.502272605895996094e+00 3.157928586006164551e-01 1.424203664064407349e-01 2.066309452056884766e+00 3.502272605895996094e+00 3.157928586006164551e-01 1.424203664064407349e-01 2.066309452056884766e+00
1.300000000000000000e+04 8.089654922485351562e+00 3.299761414527893066e-01 1.717645227909088135e-01 2.113650798797607422e+00 8.089654922485351562e+00 3.299761414527893066e-01 1.717645227909088135e-01 2.113650798797607422e+00
1.400000000000000000e+04 3.895247220993041992e+00 2.975753545761108398e-01 1.206761837005615234e+00 1.451971411705017090e+00 3.895247220993041992e+00 2.975753545761108398e-01 1.206761837005615234e+00 1.451971411705017090e+00
1.500000000000000000e+04 4.392254352569580078e+00 3.193607628345489502e-01 3.103834629058837891e+00 2.011651277542114258e+00 4.392254352569580078e+00 3.193607628345489502e-01 3.103834629058837891e+00 2.011651277542114258e+00
1.600000000000000000e+04 4.284888744354248047e+00 3.143753409385681152e-01 2.921633958816528320e+00 1.259793519973754883e+00 4.284888744354248047e+00 3.143753409385681152e-01 2.921633958816528320e+00 1.259793519973754883e+00
1.700000000000000000e+04 3.527209043502807617e+00 1.690487712621688843e-01 3.583404541015625000e+00 1.457710027694702148e+00 3.527209043502807617e+00 1.690487712621688843e-01 3.583404541015625000e+00 1.457710027694702148e+00
1.800000000000000000e+04 3.512960433959960938e+00 1.793505698442459106e-01 2.212929487228393555e+00 1.591040372848510742e+00 3.512960433959960938e+00 1.793505698442459106e-01 2.212929487228393555e+00 1.591040372848510742e+00
1.900000000000000000e+04 1.763511276245117188e+01 4.284917116165161133e-01 9.535241127014160156e-01 1.585577607154846191e+00 1.763511276245117188e+01 4.284917116165161133e-01 9.535241127014160156e-01 1.585577607154846191e+00
2.000000000000000000e+04 3.287474155426025391e+00 1.499108076095581055e-01 9.397413581609725952e-02 1.031226277351379395e+00 3.287474155426025391e+00 1.499108076095581055e-01 9.397413581609725952e-02 1.031226277351379395e+00
