# step, loss_train, loss_test, metrics_test
0.000000000000000000e+00 6.253945641219615936e-03 9.997922515869140625e+01 1.742197070312500000e+04 7.811023712158203125e+01 6.253945641219615936e-03 9.997922515869140625e+01 1.742197070312500000e+04 7.811023712158203125e+01
1.000000000000000000e+03 3.153633594512939453e+00 4.552491760253906250e+01 3.032495260238647461e+00 6.798786163330078125e+01 3.153633594512939453e+00 4.552491760253906250e+01 3.032495260238647461e+00 6.798786163330078125e+01
2.000000000000000000e+03 1.706078529357910156e+00 2.623867607116699219e+01 1.521208167076110840e+00 6.427587127685546875e+01 1.706078529357910156e+00 2.623867607116699219e+01 1.521208167076110840e+00 6.427587127685546875e+01
3.000000000000000000e+03 1.221838474273681641e+00 2.009444808959960938e+01 1.314774990081787109e+00 6.357612228393554688e+01 1.221838474273681641e+00 2.009444808959960938e+01 1.314774990081787109e+00 6.357612228393554688e+01
4.000000000000000000e+03 1.056155204772949219e+00 1.615909576416015625e+01 1.111499667167663574e+00 6.330420684814453125e+01 1.056155204772949219e+00 1.615909576416015625e+01 1.111499667167663574e+00 6.330420684814453125e+01
5.000000000000000000e+03 9.701709151268005371e-01 1.287558364868164062e+01 9.305728673934936523e-01 6.314469146728515625e+01 9.701709151268005371e-01 1.287558364868164062e+01 9.305728673934936523e-01 6.314469146728515625e+01
6.000000000000000000e+03 8.941722512245178223e-01 1.014790248870849609e+01 9.247006177902221680e-01 6.301614379882812500e+01 8.941722512245178223e-01 1.014790248870849609e+01 9.247006177902221680e-01 6.301614379882812500e+01
7.000000000000000000e+03 8.029175996780395508e-01 8.236344337463378906e+00 6.469784975051879883e-01 6.289922332763671875e+01 8.029175996780395508e-01 8.236344337463378906e+00 6.469784975051879883e-01 6.289922332763671875e+01
8.000000000000000000e+03 7.118099927902221680e-01 6.985303401947021484e+00 5.331546068191528320e-01 6.278996276855468750e+01 7.118099927902221680e-01 6.985303401947021484e+00 5.331546068191528320e-01 6.278996276855468750e+01
9.000000000000000000e+03 6.322433352470397949e-01 6.215065956115722656e+00 4.419087469577789307e-01 6.268705749511718750e+01 6.322433352470397949e-01 6.215065956115722656e+00 4.419087469577789307e-01 6.268705749511718750e+01
1.000000000000000000e+04 5.780923366546630859e-01 5.637040138244628906e+00 3.693556189537048340e-01 6.257495117187500000e+01 5.780923366546630859e-01 5.637040138244628906e+00 3.693556189537048340e-01 6.257495117187500000e+01
1.100000000000000000e+04 5.334491729736328125e-01 5.202747821807861328e+00 3.094159364700317383e-01 6.246752929687500000e+01 5.334491729736328125e-01 5.202747821807861328e+00 3.094159364700317383e-01 6.246752929687500000e+01
1.200000000000000000e+04 7.978186607360839844e-01 4.465228557586669922e+00 9.038967132568359375e+01 6.240702056884765625e+01 7.978186607360839844e-01 4.465228557586669922e+00 9.038967132568359375e+01 6.240702056884765625e+01
1.300000000000000000e+04 4.591052234172821045e-01 4.594735145568847656e+00 2.453783750534057617e-01 6.227265930175781250e+01 4.591052234172821045e-01 4.594735145568847656e+00 2.453783750534057617e-01 6.227265930175781250e+01
1.400000000000000000e+04 4.371475875377655029e-01 4.256840705871582031e+00 2.921606004238128662e-01 6.215917205810546875e+01 4.371475875377655029e-01 4.256840705871582031e+00 2.921606004238128662e-01 6.215917205810546875e+01
1.500000000000000000e+04 4.191954135894775391e-01 4.004485607147216797e+00 1.675201803445816040e-01 6.204965209960937500e+01 4.191954135894775391e-01 4.004485607147216797e+00 1.675201803445816040e-01 6.204965209960937500e+01
1.600000000000000000e+04 4.048660695552825928e-01 3.747786998748779297e+00 1.432661563158035278e-01 6.193351364135742188e+01 4.048660695552825928e-01 3.747786998748779297e+00 1.432661563158035278e-01 6.193351364135742188e+01
1.700000000000000000e+04 3.888837695121765137e-01 3.527191638946533203e+00 1.266110986471176147e-01 6.182359313964843750e+01 3.888837695121765137e-01 3.527191638946533203e+00 1.266110986471176147e-01 6.182359313964843750e+01
1.800000000000000000e+04 3.674893081188201904e-01 3.314003705978393555e+00 5.556033253669738770e-01 6.174093246459960938e+01 3.674893081188201904e-01 3.314003705978393555e+00 5.556033253669738770e-01 6.174093246459960938e+01
1.900000000000000000e+04 3.591265380382537842e-01 3.134794235229492188e+00 1.002220809459686279e-01 6.159606933593750000e+01 3.591265380382537842e-01 3.134794235229492188e+00 1.002220809459686279e-01 6.159606933593750000e+01
2.000000000000000000e+04 3.478862643241882324e-01 2.948114156723022461e+00 8.999393880367279053e-02 6.147267532348632812e+01 3.478862643241882324e-01 2.948114156723022461e+00 8.999393880367279053e-02 6.147267532348632812e+01
