# step, loss_train, loss_test, metrics_test
0.000000000000000000e+00 1.112035250000000000e+06 1.994900107383728027e+00 2.591371093750000000e+03 2.092786102294921875e+02 1.112035250000000000e+06 1.994900107383728027e+00 2.591371093750000000e+03 2.092786102294921875e+02
1.000000000000000000e+03 1.964682769775390625e+01 4.488436281681060791e-01 5.328745651245117188e+01 1.629039154052734375e+02 1.964682769775390625e+01 4.488436281681060791e-01 5.328745651245117188e+01 1.629039154052734375e+02
2.000000000000000000e+03 9.833884239196777344e+00 4.545440375804901123e-01 1.364805507659912109e+01 1.556573638916015625e+02 9.833884239196777344e+00 4.545440375804901123e-01 1.364805507659912109e+01 1.556573638916015625e+02
3.000000000000000000e+03 5.175973892211914062e+00 5.455361604690551758e-01 2.361215114593505859e+00 1.499551086425781250e+02 5.175973892211914062e+00 5.455361604690551758e-01 2.361215114593505859e+00 1.499551086425781250e+02
4.000000000000000000e+03 2.970051765441894531e+00 6.684083938598632812e-01 1.066931486129760742e+00 1.466027984619140625e+02 2.970051765441894531e+00 6.684083938598632812e-01 1.066931486129760742e+00 1.466027984619140625e+02
5.000000000000000000e+03 1.977883934974670410e+00 8.466973900794982910e-01 6.136577129364013672e-01 1.431132202148437500e+02 1.977883934974670410e+00 8.466973900794982910e-01 6.136577129364013672e-01 1.431132202148437500e+02
6.000000000000000000e+03 1.581542611122131348e+00 1.022871732711791992e+00 4.999690651893615723e-01 1.393151245117187500e+02 1.581542611122131348e+00 1.022871732711791992e+00 4.999690651893615723e-01 1.393151245117187500e+02
7.000000000000000000e+03 3.307117223739624023e+00 8.132439851760864258e-01 2.180310249328613281e+00 1.364639129638671875e+02 3.307117223739624023e+00 8.132439851760864258e-01 2.180310249328613281e+00 1.364639129638671875e+02
8.000000000000000000e+03 2.108031988143920898e+00 9.160075187683105469e-01 3.002265393733978271e-01 1.292673645019531250e+02 2.108031988143920898e+00 9.160075187683105469e-01 3.002265393733978271e-01 1.292673645019531250e+02
9.000000000000000000e+03 2.646496772766113281e+00 6.182868480682373047e-01 7.260761260986328125e-01 1.435487213134765625e+02 2.646496772766113281e+00 6.182868480682373047e-01 7.260761260986328125e-01 1.435487213134765625e+02
1.000000000000000000e+04 2.053731918334960938e+00 6.034426093101501465e-01 5.131561756134033203e-01 1.394901428222656250e+02 2.053731918334960938e+00 6.034426093101501465e-01 5.131561756134033203e-01 1.394901428222656250e+02
1.100000000000000000e+04 1.536618995666503906e+01 1.318396091461181641e+00 9.950574040412902832e-01 1.288893432617187500e+02 1.536618995666503906e+01 1.318396091461181641e+00 9.950574040412902832e-01 1.288893432617187500e+02
1.200000000000000000e+04 1.497741699218750000e+01 2.616075277328491211e-01 1.549271678924560547e+01 1.476538543701171875e+02 1.497741699218750000e+01 2.616075277328491211e-01 1.549271678924560547e+01 1.476538543701171875e+02
1.300000000000000000e+04 1.001037240028381348e+00 1.123463153839111328e+00 7.819252610206604004e-01 1.350237426757812500e+02 1.001037240028381348e+00 1.123463153839111328e+00 7.819252610206604004e-01 1.350237426757812500e+02
1.400000000000000000e+04 1.681622982025146484e+00 1.419587612152099609e+00 8.829067349433898926e-01 1.256860961914062500e+02 1.681622982025146484e+00 1.419587612152099609e+00 8.829067349433898926e-01 1.256860961914062500e+02
1.500000000000000000e+04 2.070329856872558594e+01 7.861975431442260742e-01 8.305070877075195312e+00 1.347766113281250000e+02 2.070329856872558594e+01 7.861975431442260742e-01 8.305070877075195312e+00 1.347766113281250000e+02
1.600000000000000000e+04 1.182265281677246094e+00 2.127502202987670898e+00 1.016488671302795410e+00 1.267779846191406250e+02 1.182265281677246094e+00 2.127502202987670898e+00 1.016488671302795410e+00 1.267779846191406250e+02
1.700000000000000000e+04 2.142883539199829102e+00 2.603267669677734375e+00 9.026510715484619141e-01 1.016242828369140625e+02 2.142883539199829102e+00 2.603267669677734375e+00 9.026510715484619141e-01 1.016242828369140625e+02
1.800000000000000000e+04 5.445180511474609375e+01 2.335402011871337891e+00 2.440203905105590820e+00 1.101642837524414062e+02 5.445180511474609375e+01 2.335402011871337891e+00 2.440203905105590820e+00 1.101642837524414062e+02
1.900000000000000000e+04 1.287721276283264160e+00 1.458363413810729980e+00 1.075828433036804199e+00 1.178478469848632812e+02 1.287721276283264160e+00 1.458363413810729980e+00 1.075828433036804199e+00 1.178478469848632812e+02
2.000000000000000000e+04 3.251038789749145508e+00 1.620909929275512695e+00 3.108538389205932617e+00 1.224556884765625000e+02 3.251038789749145508e+00 1.620909929275512695e+00 3.108538389205932617e+00 1.224556884765625000e+02
