# step, loss_train, loss_test, metrics_test
0.000000000000000000e+00 0.000000000000000000e+00 4.737983322143554688e+01 2.522117919921875000e+02 4.080983886718750000e+02 0.000000000000000000e+00 4.737983322143554688e+01 2.522117919921875000e+02 4.080983886718750000e+02
1.000000000000000000e+03 0.000000000000000000e+00 1.518332492560148239e-02 1.387218236923217773e-01 6.726388931274414062e-01 0.000000000000000000e+00 1.518332492560148239e-02 1.387218236923217773e-01 6.726388931274414062e-01
2.000000000000000000e+03 0.000000000000000000e+00 2.097245603799819946e-01 3.426295518875122070e-01 6.487364172935485840e-01 0.000000000000000000e+00 2.097245603799819946e-01 3.426295518875122070e-01 6.487364172935485840e-01
3.000000000000000000e+03 0.000000000000000000e+00 2.569142729043960571e-02 2.262641787528991699e-01 6.179709434509277344e-01 0.000000000000000000e+00 2.569142729043960571e-02 2.262641787528991699e-01 6.179709434509277344e-01
4.000000000000000000e+03 0.000000000000000000e+00 1.428281515836715698e-02 4.024706780910491943e-02 2.310529500246047974e-01 0.000000000000000000e+00 1.428281515836715698e-02 4.024706780910491943e-02 2.310529500246047974e-01
5.000000000000000000e+03 0.000000000000000000e+00 4.641706869006156921e-02 1.934528350830078125e-01 4.370182454586029053e-01 0.000000000000000000e+00 4.641706869006156921e-02 1.934528350830078125e-01 4.370182454586029053e-01
6.000000000000000000e+03 0.000000000000000000e+00 4.659075438976287842e-01 5.361866354942321777e-01 3.504493832588195801e-01 0.000000000000000000e+00 4.659075438976287842e-01 5.361866354942321777e-01 3.504493832588195801e-01
7.000000000000000000e+03 0.000000000000000000e+00 7.192027568817138672e-02 2.236707806587219238e-01 1.613391041755676270e-01 0.000000000000000000e+00 7.192027568817138672e-02 2.236707806587219238e-01 1.613391041755676270e-01
8.000000000000000000e+03 0.000000000000000000e+00 1.033314242959022522e-01 1.100754737854003906e-01 4.148980081081390381e-01 0.000000000000000000e+00 1.033314242959022522e-01 1.100754737854003906e-01 4.148980081081390381e-01
9.000000000000000000e+03 0.000000000000000000e+00 5.738953873515129089e-02 4.272127151489257812e-02 1.514412611722946167e-01 0.000000000000000000e+00 5.738953873515129089e-02 4.272127151489257812e-02 1.514412611722946167e-01
1.000000000000000000e+04 0.000000000000000000e+00 8.042924106121063232e-02 6.437097489833831787e-02 2.482059150934219360e-01 0.000000000000000000e+00 8.042924106121063232e-02 6.437097489833831787e-02 2.482059150934219360e-01
1.100000000000000000e+04 0.000000000000000000e+00 2.579393982887268066e-02 1.714843139052391052e-02 1.264443397521972656e-01 0.000000000000000000e+00 2.579393982887268066e-02 1.714843139052391052e-02 1.264443397521972656e-01
1.200000000000000000e+04 0.000000000000000000e+00 4.340461920946836472e-03 3.208382055163383484e-02 5.638527497649192810e-02 0.000000000000000000e+00 4.340461920946836472e-03 3.208382055163383484e-02 5.638527497649192810e-02
1.300000000000000000e+04 0.000000000000000000e+00 3.559019789099693298e-02 2.029429562389850616e-02 1.272173225879669189e-01 0.000000000000000000e+00 3.559019789099693298e-02 2.029429562389850616e-02 1.272173225879669189e-01
1.400000000000000000e+04 0.000000000000000000e+00 9.439114481210708618e-03 5.052816122770309448e-03 4.430067911744117737e-02 0.000000000000000000e+00 9.439114481210708618e-03 5.052816122770309448e-03 4.430067911744117737e-02
1.500000000000000000e+04 0.000000000000000000e+00 1.089973188936710358e-02 1.876306533813476562e-02 5.612476170063018799e-02 0.000000000000000000e+00 1.089973188936710358e-02 1.876306533813476562e-02 5.612476170063018799e-02
1.600000000000000000e+04 0.000000000000000000e+00 3.519869968295097351e-02 1.051739528775215149e-01 1.052028015255928040e-01 0.000000000000000000e+00 3.519869968295097351e-02 1.051739528775215149e-01 1.052028015255928040e-01
1.700000000000000000e+04 0.000000000000000000e+00 2.703548036515712738e-02 1.669665426015853882e-02 1.707143783569335938e-01 0.000000000000000000e+00 2.703548036515712738e-02 1.669665426015853882e-02 1.707143783569335938e-01
1.800000000000000000e+04 0.000000000000000000e+00 9.773850440979003906e-02 1.703978702425956726e-02 4.573923051357269287e-01 0.000000000000000000e+00 9.773850440979003906e-02 1.703978702425956726e-02 4.573923051357269287e-01
1.900000000000000000e+04 0.000000000000000000e+00 4.162383452057838440e-02 2.157750129699707031e-01 1.932009458541870117e-01 0.000000000000000000e+00 4.162383452057838440e-02 2.157750129699707031e-01 1.932009458541870117e-01
2.000000000000000000e+04 0.000000000000000000e+00 1.966442354023456573e-02 1.060080751776695251e-01 1.778254806995391846e-01 0.000000000000000000e+00 1.966442354023456573e-02 1.060080751776695251e-01 1.778254806995391846e-01
