# step, loss_train, loss_test, metrics_test
0.000000000000000000e+00 5.454564285278320312e+01 3.116885566711425781e+01 2.494060791015625000e+03 1.455023956298828125e+02 5.454564285278320312e+01 3.116885566711425781e+01 2.494060791015625000e+03 1.455023956298828125e+02
1.000000000000000000e+03 4.448403930664062500e+01 2.470554161071777344e+01 5.623957633972167969e+00 1.386706848144531250e+02 4.448403930664062500e+01 2.470554161071777344e+01 5.623957633972167969e+00 1.386706848144531250e+02
2.000000000000000000e+03 1.570316028594970703e+01 1.264656829833984375e+01 4.652785658836364746e-01 1.326498565673828125e+02 1.570316028594970703e+01 1.264656829833984375e+01 4.652785658836364746e-01 1.326498565673828125e+02
3.000000000000000000e+03 8.581847190856933594e+00 4.488878250122070312e+00 1.557298451662063599e-01 1.248029022216796875e+02 8.581847190856933594e+00 4.488878250122070312e+00 1.557298451662063599e-01 1.248029022216796875e+02
4.000000000000000000e+03 6.325377464294433594e+00 3.055330753326416016e+00 1.118722185492515564e-01 1.170396041870117188e+02 6.325377464294433594e+00 3.055330753326416016e+00 1.118722185492515564e-01 1.170396041870117188e+02
5.000000000000000000e+03 1.043038654327392578e+01 2.034046649932861328e+00 1.077397987246513367e-01 9.755323791503906250e+01 1.043038654327392578e+01 2.034046649932861328e+00 1.077397987246513367e-01 9.755323791503906250e+01
6.000000000000000000e+03 1.932526779174804688e+01 9.888164997100830078e-01 1.556195169687271118e-01 6.545641326904296875e+01 1.932526779174804688e+01 9.888164997100830078e-01 1.556195169687271118e-01 6.545641326904296875e+01
7.000000000000000000e+03 2.245575904846191406e+01 5.070028901100158691e-01 1.691755205392837524e-01 3.555098724365234375e+01 2.245575904846191406e+01 5.070028901100158691e-01 1.691755205392837524e-01 3.555098724365234375e+01
8.000000000000000000e+03 2.092068290710449219e+01 1.249682456254959106e-01 3.923538029193878174e-01 1.790612411499023438e+01 2.092068290710449219e+01 1.249682456254959106e-01 3.923538029193878174e-01 1.790612411499023438e+01
9.000000000000000000e+03 1.703179168701171875e+01 7.130113989114761353e-02 3.241244256496429443e-01 1.168135452270507812e+01 1.703179168701171875e+01 7.130113989114761353e-02 3.241244256496429443e-01 1.168135452270507812e+01
1.000000000000000000e+04 1.402339553833007812e+01 5.297311395406723022e-02 8.447389006614685059e-01 8.510039329528808594e+00 1.402339553833007812e+01 5.297311395406723022e-02 8.447389006614685059e-01 8.510039329528808594e+00
1.100000000000000000e+04 1.142336368560791016e+01 3.822838142514228821e-02 1.170236468315124512e-01 7.055464744567871094e+00 1.142336368560791016e+01 3.822838142514228821e-02 1.170236468315124512e-01 7.055464744567871094e+00
1.200000000000000000e+04 8.774909973144531250e+00 2.354164235293865204e-02 1.032753437757492065e-01 5.419095516204833984e+00 8.774909973144531250e+00 2.354164235293865204e-02 1.032753437757492065e-01 5.419095516204833984e+00
1.300000000000000000e+04 7.887472629547119141e+00 1.591691374778747559e-02 8.353731036186218262e-01 4.386881828308105469e+00 7.887472629547119141e+00 1.591691374778747559e-02 8.353731036186218262e-01 4.386881828308105469e+00
1.400000000000000000e+04 7.827056884765625000e+00 8.737413212656974792e-03 1.071689605712890625e+00 3.657716989517211914e+00 7.827056884765625000e+00 8.737413212656974792e-03 1.071689605712890625e+00 3.657716989517211914e+00
1.500000000000000000e+04 7.087158679962158203e+00 7.503756787627935410e-03 2.242096066474914551e-01 3.209863662719726562e+00 7.087158679962158203e+00 7.503756787627935410e-03 2.242096066474914551e-01 3.209863662719726562e+00
1.600000000000000000e+04 7.147009849548339844e+00 1.681949570775032043e-02 7.503443360328674316e-01 2.788404703140258789e+00 7.147009849548339844e+00 1.681949570775032043e-02 7.503443360328674316e-01 2.788404703140258789e+00
1.700000000000000000e+04 5.532000541687011719e+00 4.157928749918937683e-03 5.081179738044738770e-02 2.400016784667968750e+00 5.532000541687011719e+00 4.157928749918937683e-03 5.081179738044738770e-02 2.400016784667968750e+00
1.800000000000000000e+04 6.749444961547851562e+00 5.332015454769134521e-03 2.300957143306732178e-01 2.276782274246215820e+00 6.749444961547851562e+00 5.332015454769134521e-03 2.300957143306732178e-01 2.276782274246215820e+00
1.900000000000000000e+04 4.845456600189208984e+00 6.626594346016645432e-03 7.720465213060379028e-02 1.969084024429321289e+00 4.845456600189208984e+00 6.626594346016645432e-03 7.720465213060379028e-02 1.969084024429321289e+00
2.000000000000000000e+04 4.216220855712890625e+00 8.223462849855422974e-03 1.413397789001464844e-01 1.796796798706054688e+00 4.216220855712890625e+00 8.223462849855422974e-03 1.413397789001464844e-01 1.796796798706054688e+00
