# step, loss_train, loss_test, metrics_test
0.000000000000000000e+00 2.008621948242187500e+03 3.447628402709960938e+01 4.994397949218750000e+03 3.357832641601562500e+02 2.008621948242187500e+03 3.447628402709960938e+01 4.994397949218750000e+03 3.357832641601562500e+02
1.000000000000000000e+03 2.242610931396484375e+01 2.268214797973632812e+01 8.281978149414062500e+02 3.065191345214843750e+02 2.242610931396484375e+01 2.268214797973632812e+01 8.281978149414062500e+02 3.065191345214843750e+02
2.000000000000000000e+03 2.609228515625000000e+01 6.398781204223632812e+01 6.243246459960937500e+01 2.906207885742187500e+02 2.609228515625000000e+01 6.398781204223632812e+01 6.243246459960937500e+01 2.906207885742187500e+02
3.000000000000000000e+03 8.296319007873535156e+00 5.092548370361328125e+01 1.927463150024414062e+01 2.919394531250000000e+02 8.296319007873535156e+00 5.092548370361328125e+01 1.927463150024414062e+01 2.919394531250000000e+02
4.000000000000000000e+03 3.577648401260375977e+00 3.994945144653320312e+01 6.279865741729736328e+00 2.865858459472656250e+02 3.577648401260375977e+00 3.994945144653320312e+01 6.279865741729736328e+00 2.865858459472656250e+02
5.000000000000000000e+03 4.598813056945800781e+00 2.145836639404296875e+01 4.218301296234130859e+00 2.761134643554687500e+02 4.598813056945800781e+00 2.145836639404296875e+01 4.218301296234130859e+00 2.761134643554687500e+02
6.000000000000000000e+03 6.110685825347900391e+00 1.050308895111083984e+01 1.986843585968017578e+00 2.691502075195312500e+02 6.110685825347900391e+00 1.050308895111083984e+01 1.986843585968017578e+00 2.691502075195312500e+02
7.000000000000000000e+03 5.055957794189453125e+00 8.812669754028320312e+00 1.305473089218139648e+00 2.621086730957031250e+02 5.055957794189453125e+00 8.812669754028320312e+00 1.305473089218139648e+00 2.621086730957031250e+02
8.000000000000000000e+03 5.002059459686279297e+00 8.454862594604492188e+00 1.447583913803100586e+00 2.570908203125000000e+02 5.002059459686279297e+00 8.454862594604492188e+00 1.447583913803100586e+00 2.570908203125000000e+02
9.000000000000000000e+03 4.931155204772949219e+00 8.333992958068847656e+00 1.543390750885009766e+00 2.545923461914062500e+02 4.931155204772949219e+00 8.333992958068847656e+00 1.543390750885009766e+00 2.545923461914062500e+02
1.000000000000000000e+04 4.730879783630371094e+00 8.139329910278320312e+00 1.488032817840576172e+00 2.524653625488281250e+02 4.730879783630371094e+00 8.139329910278320312e+00 1.488032817840576172e+00 2.524653625488281250e+02
1.100000000000000000e+04 4.616908073425292969e+00 7.764051437377929688e+00 1.381401181221008301e+00 2.509981689453125000e+02 4.616908073425292969e+00 7.764051437377929688e+00 1.381401181221008301e+00 2.509981689453125000e+02
1.200000000000000000e+04 4.673133850097656250e+00 7.349009513854980469e+00 1.142634749412536621e+00 2.497958374023437500e+02 4.673133850097656250e+00 7.349009513854980469e+00 1.142634749412536621e+00 2.497958374023437500e+02
1.300000000000000000e+04 4.695445537567138672e+00 6.829186916351318359e+00 9.384089112281799316e-01 2.485578613281250000e+02 4.695445537567138672e+00 6.829186916351318359e+00 9.384089112281799316e-01 2.485578613281250000e+02
1.400000000000000000e+04 4.386241912841796875e+00 6.279088020324707031e+00 7.197867035865783691e-01 2.468348083496093750e+02 4.386241912841796875e+00 6.279088020324707031e+00 7.197867035865783691e-01 2.468348083496093750e+02
1.500000000000000000e+04 4.173004627227783203e+00 6.040511131286621094e+00 5.775629281997680664e-01 2.450076751708984375e+02 4.173004627227783203e+00 6.040511131286621094e+00 5.775629281997680664e-01 2.450076751708984375e+02
1.600000000000000000e+04 4.117216110229492188e+00 6.080047130584716797e+00 5.750032663345336914e-01 2.428611907958984375e+02 4.117216110229492188e+00 6.080047130584716797e+00 5.750032663345336914e-01 2.428611907958984375e+02
1.700000000000000000e+04 4.160936355590820312e+00 6.168509483337402344e+00 5.675606131553649902e-01 2.406242218017578125e+02 4.160936355590820312e+00 6.168509483337402344e+00 5.675606131553649902e-01 2.406242218017578125e+02
1.800000000000000000e+04 4.377049446105957031e+00 6.163036823272705078e+00 5.108518600463867188e-01 2.381194152832031250e+02 4.377049446105957031e+00 6.163036823272705078e+00 5.108518600463867188e-01 2.381194152832031250e+02
1.900000000000000000e+04 4.527111053466796875e+00 6.118923664093017578e+00 4.291997551918029785e-01 2.354813842773437500e+02 4.527111053466796875e+00 6.118923664093017578e+00 4.291997551918029785e-01 2.354813842773437500e+02
2.000000000000000000e+04 4.714454650878906250e+00 6.001187324523925781e+00 3.765137195587158203e-01 2.333587799072265625e+02 4.714454650878906250e+00 6.001187324523925781e+00 3.765137195587158203e-01 2.333587799072265625e+02
