# step, loss_train, loss_test, metrics_test
0.000000000000000000e+00 1.407027840614318848e+00 3.113538169860839844e+01 4.278526306152343750e+02 3.888275756835937500e+02 1.407027840614318848e+00 3.113538169860839844e+01 4.278526306152343750e+02 3.888275756835937500e+02
1.000000000000000000e+03 2.368856191635131836e+00 1.633363533020019531e+01 4.025994777679443359e+00 3.346171875000000000e+02 2.368856191635131836e+00 1.633363533020019531e+01 4.025994777679443359e+00 3.346171875000000000e+02
2.000000000000000000e+03 1.055177211761474609e+00 1.170158386230468750e+01 5.021553516387939453e+00 3.024353027343750000e+02 1.055177211761474609e+00 1.170158386230468750e+01 5.021553516387939453e+00 3.024353027343750000e+02
3.000000000000000000e+03 6.749964714050292969e+00 3.908509016036987305e+00 2.438889980316162109e+00 1.006219768524169922e+01 6.749964714050292969e+00 3.908509016036987305e+00 2.438889980316162109e+00 1.006219768524169922e+01
4.000000000000000000e+03 2.760555458068847656e+01 2.239479303359985352e+00 1.789518237113952637e+00 7.036981105804443359e+00 2.760555458068847656e+01 2.239479303359985352e+00 1.789518237113952637e+00 7.036981105804443359e+00
5.000000000000000000e+03 1.925191640853881836e+00 1.716367244720458984e+00 6.500273346900939941e-01 5.942900657653808594e+00 1.925191640853881836e+00 1.716367244720458984e+00 6.500273346900939941e-01 5.942900657653808594e+00
6.000000000000000000e+03 1.194181323051452637e+00 1.479066014289855957e+00 5.348431468009948730e-01 5.253891468048095703e+00 1.194181323051452637e+00 1.479066014289855957e+00 5.348431468009948730e-01 5.253891468048095703e+00
7.000000000000000000e+03 4.854323387145996094e+00 1.378844618797302246e+00 6.087077260017395020e-01 4.753608226776123047e+00 4.854323387145996094e+00 1.378844618797302246e+00 6.087077260017395020e-01 4.753608226776123047e+00
8.000000000000000000e+03 7.558683156967163086e-01 1.271001815795898438e+00 4.633939862251281738e-01 4.259140014648437500e+00 7.558683156967163086e-01 1.271001815795898438e+00 4.633939862251281738e-01 4.259140014648437500e+00
9.000000000000000000e+03 6.612315177917480469e-01 1.223165035247802734e+00 4.405527710914611816e-01 3.937971591949462891e+00 6.612315177917480469e-01 1.223165035247802734e+00 4.405527710914611816e-01 3.937971591949462891e+00
1.000000000000000000e+04 6.298913955688476562e-01 1.173087477684020996e+00 4.254177808761596680e-01 3.693281173706054688e+00 6.298913955688476562e-01 1.173087477684020996e+00 4.254177808761596680e-01 3.693281173706054688e+00
1.100000000000000000e+04 2.140647697448730469e+01 1.188034057617187500e+00 1.882377743721008301e+00 3.445720434188842773e+00 2.140647697448730469e+01 1.188034057617187500e+00 1.882377743721008301e+00 3.445720434188842773e+00
1.200000000000000000e+04 4.425118863582611084e-01 1.093264222145080566e+00 3.976613283157348633e-01 3.303793430328369141e+00 4.425118863582611084e-01 1.093264222145080566e+00 3.976613283157348633e-01 3.303793430328369141e+00
1.300000000000000000e+04 3.793673515319824219e-01 1.056596040725708008e+00 3.800397217273712158e-01 3.138034105300903320e+00 3.793673515319824219e-01 1.056596040725708008e+00 3.800397217273712158e-01 3.138034105300903320e+00
1.400000000000000000e+04 3.375411033630371094e-01 1.015247941017150879e+00 3.671636283397674561e-01 2.977098941802978516e+00 3.375411033630371094e-01 1.015247941017150879e+00 3.671636283397674561e-01 2.977098941802978516e+00
1.500000000000000000e+04 6.739961504936218262e-01 9.824036359786987305e-01 3.786571919918060303e-01 2.821218729019165039e+00 6.739961504936218262e-01 9.824036359786987305e-01 3.786571919918060303e-01 2.821218729019165039e+00
1.600000000000000000e+04 2.662405669689178467e-01 9.368803501129150391e-01 3.363753855228424072e-01 2.676270961761474609e+00 2.662405669689178467e-01 9.368803501129150391e-01 3.363753855228424072e-01 2.676270961761474609e+00
1.700000000000000000e+04 2.609763145446777344e-01 9.034916758537292480e-01 3.160534203052520752e-01 2.551971673965454102e+00 2.609763145446777344e-01 9.034916758537292480e-01 3.160534203052520752e-01 2.551971673965454102e+00
1.800000000000000000e+04 2.229942321777343750e+00 9.004127979278564453e-01 4.669512212276458740e-01 2.420317173004150391e+00 2.229942321777343750e+00 9.004127979278564453e-01 4.669512212276458740e-01 2.420317173004150391e+00
1.900000000000000000e+04 1.072434425354003906e+00 8.200848698616027832e-01 3.729293942451477051e-01 2.312539100646972656e+00 1.072434425354003906e+00 8.200848698616027832e-01 3.729293942451477051e-01 2.312539100646972656e+00
2.000000000000000000e+04 2.764287590980529785e-01 7.620010972023010254e-01 2.736737728118896484e-01 2.234674215316772461e+00 2.764287590980529785e-01 7.620010972023010254e-01 2.736737728118896484e-01 2.234674215316772461e+00
