# step, loss_train, loss_test, metrics_test
0.000000000000000000e+00 1.429158081054687500e+03 2.309358596801757812e+01 1.878491821289062500e+03 1.896247863769531250e+02 1.429158081054687500e+03 2.309358596801757812e+01 1.878491821289062500e+03 1.896247863769531250e+02
1.000000000000000000e+03 5.151158332824707031e+00 2.802662467956542969e+01 9.711549878120422363e-01 1.783877868652343750e+02 5.151158332824707031e+00 2.802662467956542969e+01 9.711549878120422363e-01 1.783877868652343750e+02
2.000000000000000000e+03 2.866102218627929688e+00 2.606442070007324219e+01 6.138184070587158203e-01 1.724381256103515625e+02 2.866102218627929688e+00 2.606442070007324219e+01 6.138184070587158203e-01 1.724381256103515625e+02
3.000000000000000000e+03 2.474109649658203125e+00 1.940833663940429688e+01 5.035232901573181152e-01 1.684288177490234375e+02 2.474109649658203125e+00 1.940833663940429688e+01 5.035232901573181152e-01 1.684288177490234375e+02
4.000000000000000000e+03 8.469868659973144531e+00 5.971395015716552734e+00 6.212305450439453125e+01 1.626058959960937500e+02 8.469868659973144531e+00 5.971395015716552734e+00 6.212305450439453125e+01 1.626058959960937500e+02
5.000000000000000000e+03 2.407414436340332031e+00 5.558537006378173828e+00 1.152810096740722656e+00 1.544329376220703125e+02 2.407414436340332031e+00 5.558537006378173828e+00 1.152810096740722656e+00 1.544329376220703125e+02
6.000000000000000000e+03 5.526614665985107422e+00 5.681467533111572266e+00 4.965165257453918457e-01 1.424196319580078125e+02 5.526614665985107422e+00 5.681467533111572266e+00 4.965165257453918457e-01 1.424196319580078125e+02
7.000000000000000000e+03 7.840238571166992188e+00 5.473894119262695312e+00 3.870301008224487305e+00 1.363225860595703125e+02 7.840238571166992188e+00 5.473894119262695312e+00 3.870301008224487305e+00 1.363225860595703125e+02
8.000000000000000000e+03 4.308075904846191406e+00 4.738928794860839844e+00 5.155390501022338867e-01 1.351514739990234375e+02 4.308075904846191406e+00 4.738928794860839844e+00 5.155390501022338867e-01 1.351514739990234375e+02
9.000000000000000000e+03 1.052859592437744141e+01 6.945698738098144531e+00 2.256214714050292969e+01 1.382226104736328125e+02 1.052859592437744141e+01 6.945698738098144531e+00 2.256214714050292969e+01 1.382226104736328125e+02
1.000000000000000000e+04 9.636636352539062500e+01 2.226794624328613281e+01 7.033526000976562500e+02 2.013849487304687500e+02 9.636636352539062500e+01 2.226794624328613281e+01 7.033526000976562500e+02 2.013849487304687500e+02
1.100000000000000000e+04 1.979172706604003906e+01 3.734838485717773438e+01 3.160906600952148438e+01 2.163658905029296875e+02 1.979172706604003906e+01 3.734838485717773438e+01 3.160906600952148438e+01 2.163658905029296875e+02
1.200000000000000000e+04 1.451694297790527344e+01 2.364401817321777344e+01 1.389957332611083984e+01 1.992544555664062500e+02 1.451694297790527344e+01 2.364401817321777344e+01 1.389957332611083984e+01 1.992544555664062500e+02
1.300000000000000000e+04 1.062189197540283203e+01 1.684181976318359375e+01 6.577598094940185547e+00 1.792741394042968750e+02 1.062189197540283203e+01 1.684181976318359375e+01 6.577598094940185547e+00 1.792741394042968750e+02
1.400000000000000000e+04 1.026462650299072266e+01 1.746458244323730469e+01 5.634017181396484375e+01 1.789546203613281250e+02 1.026462650299072266e+01 1.746458244323730469e+01 5.634017181396484375e+01 1.789546203613281250e+02
1.500000000000000000e+04 5.735024452209472656e+00 1.913621520996093750e+01 3.316535234451293945e+00 1.778069305419921875e+02 5.735024452209472656e+00 1.913621520996093750e+01 3.316535234451293945e+00 1.778069305419921875e+02
1.600000000000000000e+04 5.017672538757324219e+00 1.967243194580078125e+01 7.135428428649902344e+00 1.787760620117187500e+02 5.017672538757324219e+00 1.967243194580078125e+01 7.135428428649902344e+00 1.787760620117187500e+02
1.700000000000000000e+04 5.370311260223388672e+00 2.313916015625000000e+01 1.156016845703125000e+02 1.765407714843750000e+02 5.370311260223388672e+00 2.313916015625000000e+01 1.156016845703125000e+02 1.765407714843750000e+02
1.800000000000000000e+04 3.577436685562133789e+00 2.103939628601074219e+01 5.919512510299682617e-01 1.756580352783203125e+02 3.577436685562133789e+00 2.103939628601074219e+01 5.919512510299682617e-01 1.756580352783203125e+02
1.900000000000000000e+04 3.047235965728759766e+00 2.148952865600585938e+01 1.189510822296142578e+00 1.757299041748046875e+02 3.047235965728759766e+00 2.148952865600585938e+01 1.189510822296142578e+00 1.757299041748046875e+02
2.000000000000000000e+04 4.371595859527587891e+00 1.616060447692871094e+01 3.586917495727539062e+01 1.712299957275390625e+02 4.371595859527587891e+00 1.616060447692871094e+01 3.586917495727539062e+01 1.712299957275390625e+02
