# step, loss_train, loss_test, metrics_test
0.000000000000000000e+00 0.000000000000000000e+00 4.283499908447265625e+01 1.742237695312500000e+04 2.195597076416015625e+02 0.000000000000000000e+00 4.283499908447265625e+01 1.742237695312500000e+04 2.195597076416015625e+02
1.000000000000000000e+03 0.000000000000000000e+00 1.428813648223876953e+01 2.937861816406250000e+03 1.984729461669921875e+02 0.000000000000000000e+00 1.428813648223876953e+01 2.937861816406250000e+03 1.984729461669921875e+02
2.000000000000000000e+03 0.000000000000000000e+00 1.428852558135986328e+01 2.937861328125000000e+03 1.980252227783203125e+02 0.000000000000000000e+00 1.428852558135986328e+01 2.937861328125000000e+03 1.980252227783203125e+02
3.000000000000000000e+03 0.000000000000000000e+00 1.428925037384033203e+01 2.937860107421875000e+03 1.976106109619140625e+02 0.000000000000000000e+00 1.428925037384033203e+01 2.937860107421875000e+03 1.976106109619140625e+02
4.000000000000000000e+03 0.000000000000000000e+00 1.428948879241943359e+01 2.937860107421875000e+03 1.971387329101562500e+02 0.000000000000000000e+00 1.428948879241943359e+01 2.937860107421875000e+03 1.971387329101562500e+02
5.000000000000000000e+03 0.000000000000000000e+00 1.429040622711181641e+01 2.937858642578125000e+03 1.967915039062500000e+02 0.000000000000000000e+00 1.429040622711181641e+01 2.937858642578125000e+03 1.967915039062500000e+02
6.000000000000000000e+03 0.000000000000000000e+00 1.428601360321044922e+01 2.937865478515625000e+03 1.965180816650390625e+02 0.000000000000000000e+00 1.428601360321044922e+01 2.937865478515625000e+03 1.965180816650390625e+02
7.000000000000000000e+03 0.000000000000000000e+00 1.428283119201660156e+01 2.937871093750000000e+03 1.963050842285156250e+02 0.000000000000000000e+00 1.428283119201660156e+01 2.937871093750000000e+03 1.963050842285156250e+02
8.000000000000000000e+03 0.000000000000000000e+00 1.432684230804443359e+01 2.937812255859375000e+03 1.961626129150390625e+02 0.000000000000000000e+00 1.432684230804443359e+01 2.937812255859375000e+03 1.961626129150390625e+02
9.000000000000000000e+03 0.000000000000000000e+00 1.443840980529785156e+01 2.937796142578125000e+03 1.960915985107421875e+02 0.000000000000000000e+00 1.443840980529785156e+01 2.937796142578125000e+03 1.960915985107421875e+02
1.000000000000000000e+04 0.000000000000000000e+00 1.429813671112060547e+01 2.937846923828125000e+03 1.959151763916015625e+02 0.000000000000000000e+00 1.429813671112060547e+01 2.937846923828125000e+03 1.959151763916015625e+02
1.100000000000000000e+04 0.000000000000000000e+00 1.428887462615966797e+01 2.937860595703125000e+03 1.958310699462890625e+02 0.000000000000000000e+00 1.428887462615966797e+01 2.937860595703125000e+03 1.958310699462890625e+02
1.200000000000000000e+04 0.000000000000000000e+00 1.430104827880859375e+01 2.937843261718750000e+03 1.957754669189453125e+02 0.000000000000000000e+00 1.430104827880859375e+01 2.937843261718750000e+03 1.957754669189453125e+02
1.300000000000000000e+04 0.000000000000000000e+00 1.438640213012695312e+01 2.937780273437500000e+03 1.957714843750000000e+02 0.000000000000000000e+00 1.438640213012695312e+01 2.937780273437500000e+03 1.957714843750000000e+02
1.400000000000000000e+04 0.000000000000000000e+00 1.370816421508789062e+01 2.941544189453125000e+03 1.953854064941406250e+02 0.000000000000000000e+00 1.370816421508789062e+01 2.941544189453125000e+03 1.953854064941406250e+02
1.500000000000000000e+04 0.000000000000000000e+00 1.500089645385742188e+01 2.940382324218750000e+03 1.960220489501953125e+02 0.000000000000000000e+00 1.500089645385742188e+01 2.940382324218750000e+03 1.960220489501953125e+02
1.600000000000000000e+04 0.000000000000000000e+00 1.433041286468505859e+01 2.937808593750000000e+03 1.956519775390625000e+02 0.000000000000000000e+00 1.433041286468505859e+01 2.937808593750000000e+03 1.956519775390625000e+02
1.700000000000000000e+04 0.000000000000000000e+00 1.429317951202392578e+01 2.937854492187500000e+03 1.956149444580078125e+02 0.000000000000000000e+00 1.429317951202392578e+01 2.937854492187500000e+03 1.956149444580078125e+02
1.800000000000000000e+04 0.000000000000000000e+00 1.429265403747558594e+01 2.937855224609375000e+03 1.956005096435546875e+02 0.000000000000000000e+00 1.429265403747558594e+01 2.937855224609375000e+03 1.956005096435546875e+02
1.900000000000000000e+04 0.000000000000000000e+00 1.296013545989990234e+01 2.955881103515625000e+03 1.949257812500000000e+02 0.000000000000000000e+00 1.296013545989990234e+01 2.955881103515625000e+03 1.949257812500000000e+02
2.000000000000000000e+04 0.000000000000000000e+00 9.558334350585937500e+00 3.695381347656250000e+03 1.937260894775390625e+02 0.000000000000000000e+00 9.558334350585937500e+00 3.695381347656250000e+03 1.937260894775390625e+02
