# step, loss_train, loss_test, metrics_test
0.000000000000000000e+00 4.591697311401367188e+01 3.461215209960937500e+01 1.767312500000000000e+03 4.110340270996093750e+02 4.591697311401367188e+01 3.461215209960937500e+01 1.767312500000000000e+03 4.110340270996093750e+02
1.000000000000000000e+03 1.752245712280273438e+01 8.230404853820800781e+00 1.439579367637634277e+00 2.892212524414062500e+02 1.752245712280273438e+01 8.230404853820800781e+00 1.439579367637634277e+00 2.892212524414062500e+02
2.000000000000000000e+03 2.379817581176757812e+01 3.732495009899139404e-01 1.524000763893127441e+00 1.992088317871093750e+01 2.379817581176757812e+01 3.732495009899139404e-01 1.524000763893127441e+00 1.992088317871093750e+01
3.000000000000000000e+03 1.318415737152099609e+01 1.261504292488098145e-01 5.424977302551269531e+00 7.421575546264648438e+00 1.318415737152099609e+01 1.261504292488098145e-01 5.424977302551269531e+00 7.421575546264648438e+00
4.000000000000000000e+03 1.199226570129394531e+01 9.069070219993591309e-02 7.552669048309326172e-01 4.787072181701660156e+00 1.199226570129394531e+01 9.069070219993591309e-02 7.552669048309326172e-01 4.787072181701660156e+00
5.000000000000000000e+03 6.884339332580566406e+00 2.339831441640853882e-01 2.365010499954223633e+00 2.878061532974243164e+00 6.884339332580566406e+00 2.339831441640853882e-01 2.365010499954223633e+00 2.878061532974243164e+00
6.000000000000000000e+03 5.348844528198242188e+00 1.653356850147247314e-02 1.153414130210876465e+00 1.991133928298950195e+00 5.348844528198242188e+00 1.653356850147247314e-02 1.153414130210876465e+00 1.991133928298950195e+00
7.000000000000000000e+03 5.256679534912109375e+00 3.549703955650329590e-02 2.433093547821044922e+00 1.706748843193054199e+00 5.256679534912109375e+00 3.549703955650329590e-02 2.433093547821044922e+00 1.706748843193054199e+00
8.000000000000000000e+03 3.687850475311279297e+00 9.165862575173377991e-03 2.036222517490386963e-01 1.154325842857360840e+00 3.687850475311279297e+00 9.165862575173377991e-03 2.036222517490386963e-01 1.154325842857360840e+00
9.000000000000000000e+03 3.330620527267456055e+00 4.868575371801853180e-03 4.497907459735870361e-01 9.093317389488220215e-01 3.330620527267456055e+00 4.868575371801853180e-03 4.497907459735870361e-01 9.093317389488220215e-01
1.000000000000000000e+04 3.296445846557617188e+00 5.907308775931596756e-03 6.132180094718933105e-01 8.247948288917541504e-01 3.296445846557617188e+00 5.907308775931596756e-03 6.132180094718933105e-01 8.247948288917541504e-01
1.100000000000000000e+04 3.940320491790771484e+00 6.473729759454727173e-02 1.372795200347900391e+01 9.110798835754394531e-01 3.940320491790771484e+00 6.473729759454727173e-02 1.372795200347900391e+01 9.110798835754394531e-01
1.200000000000000000e+04 2.809223890304565430e+00 2.518572472035884857e-02 6.469657421112060547e-01 7.047251462936401367e-01 2.809223890304565430e+00 2.518572472035884857e-02 6.469657421112060547e-01 7.047251462936401367e-01
1.300000000000000000e+04 2.355638027191162109e+00 3.652188926935195923e-02 1.605602025985717773e+00 5.986419916152954102e-01 2.355638027191162109e+00 3.652188926935195923e-02 1.605602025985717773e+00 5.986419916152954102e-01
1.400000000000000000e+04 2.217168331146240234e+00 5.724303890019655228e-03 2.498138248920440674e-01 5.635840296745300293e-01 2.217168331146240234e+00 5.724303890019655228e-03 2.498138248920440674e-01 5.635840296745300293e-01
1.500000000000000000e+04 1.870686531066894531e+00 2.071797475218772888e-02 5.425660610198974609e-01 5.342044830322265625e-01 1.870686531066894531e+00 2.071797475218772888e-02 5.425660610198974609e-01 5.342044830322265625e-01
1.600000000000000000e+04 1.959661126136779785e+00 3.549063112586736679e-03 1.216315850615501404e-01 4.597256183624267578e-01 1.959661126136779785e+00 3.549063112586736679e-03 1.216315850615501404e-01 4.597256183624267578e-01
1.700000000000000000e+04 1.840009570121765137e+00 2.508084522560238838e-03 7.357538938522338867e-01 4.184001684188842773e-01 1.840009570121765137e+00 2.508084522560238838e-03 7.357538938522338867e-01 4.184001684188842773e-01
1.800000000000000000e+04 2.085057735443115234e+00 4.972961172461509705e-02 4.762459754943847656e+00 4.189493954181671143e-01 2.085057735443115234e+00 4.972961172461509705e-02 4.762459754943847656e+00 4.189493954181671143e-01
1.900000000000000000e+04 1.749432206153869629e+00 3.100924566388130188e-02 1.451641917228698730e+00 4.249390065670013428e-01 1.749432206153869629e+00 3.100924566388130188e-02 1.451641917228698730e+00 4.249390065670013428e-01
2.000000000000000000e+04 1.988761663436889648e+00 6.440689321607351303e-03 2.078139543533325195e+00 4.782684147357940674e-01 1.988761663436889648e+00 6.440689321607351303e-03 2.078139543533325195e+00 4.782684147357940674e-01
