# step, loss_train, loss_test, metrics_test
0.000000000000000000e+00 6.701773500000000000e+06 5.103466987609863281e+00 6.137997436523437500e+01 3.934302062988281250e+02 6.701773500000000000e+06 5.103466987609863281e+00 6.137997436523437500e+01 3.934302062988281250e+02
1.000000000000000000e+03 1.539245758056640625e+02 1.356623649597167969e+00 3.874212646484375000e+01 2.917710571289062500e+02 1.539245758056640625e+02 1.356623649597167969e+00 3.874212646484375000e+01 2.917710571289062500e+02
2.000000000000000000e+03 9.472981691360473633e-01 1.301340937614440918e+00 3.153148269653320312e+01 2.848748474121093750e+02 9.472981691360473633e-01 1.301340937614440918e+00 3.153148269653320312e+01 2.848748474121093750e+02
3.000000000000000000e+03 1.222966387867927551e-01 1.243193864822387695e+00 2.322346687316894531e+01 2.747181396484375000e+02 1.222966387867927551e-01 1.243193864822387695e+00 2.322346687316894531e+01 2.747181396484375000e+02
4.000000000000000000e+03 8.804786205291748047e-02 1.213120937347412109e+00 1.532751655578613281e+01 2.612544555664062500e+02 8.804786205291748047e-02 1.213120937347412109e+00 1.532751655578613281e+01 2.612544555664062500e+02
5.000000000000000000e+03 6.612746417522430420e-02 1.242713212966918945e+00 9.472334861755371094e+00 2.438050079345703125e+02 6.612746417522430420e-02 1.242713212966918945e+00 9.472334861755371094e+00 2.438050079345703125e+02
6.000000000000000000e+03 2.321864318847656250e+01 1.355020046234130859e+00 6.252701759338378906e+00 2.239621582031250000e+02 2.321864318847656250e+01 1.355020046234130859e+00 6.252701759338378906e+00 2.239621582031250000e+02
7.000000000000000000e+03 5.417911529541015625e+01 1.519153356552124023e+00 4.657344818115234375e+00 2.051856842041015625e+02 5.417911529541015625e+01 1.519153356552124023e+00 4.657344818115234375e+00 2.051856842041015625e+02
8.000000000000000000e+03 2.157103776931762695e+00 1.706652522087097168e+00 3.731081485748291016e+00 1.880440826416015625e+02 2.157103776931762695e+00 1.706652522087097168e+00 3.731081485748291016e+00 1.880440826416015625e+02
9.000000000000000000e+03 1.087890529632568359e+01 1.897052407264709473e+00 3.180647373199462891e+00 1.725440979003906250e+02 1.087890529632568359e+01 1.897052407264709473e+00 3.180647373199462891e+00 1.725440979003906250e+02
1.000000000000000000e+04 1.582319927215576172e+01 2.075095415115356445e+00 2.868575572967529297e+00 1.585953216552734375e+02 1.582319927215576172e+01 2.075095415115356445e+00 2.868575572967529297e+00 1.585953216552734375e+02
1.100000000000000000e+04 2.232979393005371094e+01 2.246712684631347656e+00 2.628661870956420898e+00 1.460288848876953125e+02 2.232979393005371094e+01 2.246712684631347656e+00 2.628661870956420898e+00 1.460288848876953125e+02
1.200000000000000000e+04 4.268680191040039062e+01 2.390944719314575195e+00 2.470215320587158203e+00 1.347282409667968750e+02 4.268680191040039062e+01 2.390944719314575195e+00 2.470215320587158203e+00 1.347282409667968750e+02
1.300000000000000000e+04 8.394572448730468750e+01 2.530490398406982422e+00 2.300281286239624023e+00 1.244801712036132812e+02 8.394572448730468750e+01 2.530490398406982422e+00 2.300281286239624023e+00 1.244801712036132812e+02
1.400000000000000000e+04 6.865149688720703125e+01 2.641445398330688477e+00 2.154573202133178711e+00 1.151860427856445312e+02 6.865149688720703125e+01 2.641445398330688477e+00 2.154573202133178711e+00 1.151860427856445312e+02
1.500000000000000000e+04 3.384101104736328125e+01 2.748045682907104492e+00 1.971845507621765137e+00 1.068096313476562500e+02 3.384101104736328125e+01 2.748045682907104492e+00 1.971845507621765137e+00 1.068096313476562500e+02
1.600000000000000000e+04 5.766862869262695312e+01 2.826572418212890625e+00 1.837349772453308105e+00 9.914590454101562500e+01 5.766862869262695312e+01 2.826572418212890625e+00 1.837349772453308105e+00 9.914590454101562500e+01
1.700000000000000000e+04 4.396284103393554688e+01 2.887472867965698242e+00 1.695191979408264160e+00 9.217848968505859375e+01 4.396284103393554688e+01 2.887472867965698242e+00 1.695191979408264160e+00 9.217848968505859375e+01
1.800000000000000000e+04 3.324133300781250000e+01 2.950032234191894531e+00 1.525276184082031250e+00 8.577709960937500000e+01 3.324133300781250000e+01 2.950032234191894531e+00 1.525276184082031250e+00 8.577709960937500000e+01
1.900000000000000000e+04 1.505177783966064453e+01 2.982216358184814453e+00 1.375870943069458008e+00 7.997920989990234375e+01 1.505177783966064453e+01 2.982216358184814453e+00 1.375870943069458008e+00 7.997920989990234375e+01
2.000000000000000000e+04 6.070456504821777344e+00 3.003404617309570312e+00 1.248980164527893066e+00 7.463955688476562500e+01 6.070456504821777344e+00 3.003404617309570312e+00 1.248980164527893066e+00 7.463955688476562500e+01
