# step, loss_train, loss_test, metrics_test
0.000000000000000000e+00 4.298482421875000000e+03 5.604492568969726562e+01 5.628270019531250000e+03 1.142263946533203125e+02 4.298482421875000000e+03 5.604492568969726562e+01 5.628270019531250000e+03 1.142263946533203125e+02
1.000000000000000000e+03 5.063675642013549805e-01 1.473139190673828125e+01 8.893986206054687500e+02 8.975180816650390625e+01 5.063675642013549805e-01 1.473139190673828125e+01 8.893986206054687500e+02 8.975180816650390625e+01
2.000000000000000000e+03 2.172293424606323242e+00 1.471374607086181641e+01 8.859921264648437500e+02 8.974501037597656250e+01 2.172293424606323242e+00 1.471374607086181641e+01 8.859921264648437500e+02 8.974501037597656250e+01
3.000000000000000000e+03 1.034907989501953125e+02 1.186058902740478516e+01 5.162816772460937500e+02 8.903375244140625000e+01 1.034907989501953125e+02 1.186058902740478516e+01 5.162816772460937500e+02 8.903375244140625000e+01
4.000000000000000000e+03 2.984757134602587341e+19 7.819947000000000000e+06 1.127982694400000000e+11 2.079351000000000000e+06 2.984757134602587341e+19 7.819947000000000000e+06 1.127982694400000000e+11 2.079351000000000000e+06
5.000000000000000000e+03 2.972165307538971034e+19 3.495243600000000000e+07 1.632840417280000000e+11 9.292249000000000000e+06 2.972165307538971034e+19 3.495243600000000000e+07 1.632840417280000000e+11 9.292249000000000000e+06
6.000000000000000000e+03 3.020325895956489830e+19 6.684656000000000000e+07 1.613544161280000000e+11 1.776944200000000000e+07 3.020325895956489830e+19 6.684656000000000000e+07 1.613544161280000000e+11 1.776944200000000000e+07
7.000000000000000000e+03 3.046587291381268480e+19 1.042983280000000000e+08 1.589237350400000000e+11 2.772173000000000000e+07 3.046587291381268480e+19 1.042983280000000000e+08 1.589237350400000000e+11 2.772173000000000000e+07
8.000000000000000000e+03 2.990634244155375616e+19 1.478208320000000000e+08 1.554412175360000000e+11 3.928842800000000000e+07 2.990634244155375616e+19 1.478208320000000000e+08 1.554412175360000000e+11 3.928842800000000000e+07
9.000000000000000000e+03 3.039696871912321843e+19 1.974512000000000000e+08 1.495979458560000000e+11 5.247914800000000000e+07 3.039696871912321843e+19 1.974512000000000000e+08 1.495979458560000000e+11 5.247914800000000000e+07
1.000000000000000000e+04 2.997278592922025984e+19 2.528224160000000000e+08 1.491299205120000000e+11 6.719339200000000000e+07 2.997278592922025984e+19 2.528224160000000000e+08 1.491299205120000000e+11 6.719339200000000000e+07
1.100000000000000000e+04 2.992154648834264269e+19 3.134177920000000000e+08 1.480301772800000000e+11 8.329797600000000000e+07 2.992154648834264269e+19 3.134177920000000000e+08 1.480301772800000000e+11 8.329797600000000000e+07
1.200000000000000000e+04 2.999922258679850598e+19 3.783583360000000000e+08 1.492410531840000000e+11 1.005565600000000000e+08 2.999922258679850598e+19 3.783583360000000000e+08 1.492410531840000000e+11 1.005565600000000000e+08
1.300000000000000000e+04 3.040509630907573862e+19 4.463187520000000000e+08 1.436395110400000000e+11 1.186146800000000000e+08 3.040509630907573862e+19 4.463187520000000000e+08 1.436395110400000000e+11 1.186146800000000000e+08
1.400000000000000000e+04 3.036658481480125645e+19 5.153452160000000000e+08 1.458491719680000000e+11 1.369604320000000000e+08 3.036658481480125645e+19 5.153452160000000000e+08 1.458491719680000000e+11 1.369604320000000000e+08
1.500000000000000000e+04 2.985245977472296550e+19 5.826816640000000000e+08 1.448518942720000000e+11 1.548565760000000000e+08 2.985245977472296550e+19 5.826816640000000000e+08 1.448518942720000000e+11 1.548565760000000000e+08
1.600000000000000000e+04 2.962441446605245645e+19 6.438388480000000000e+08 1.454346731520000000e+11 1.711077760000000000e+08 2.962441446605245645e+19 6.438388480000000000e+08 1.454346731520000000e+11 1.711077760000000000e+08
1.700000000000000000e+04 3.083531101976867635e+19 6.923882240000000000e+08 1.445817548800000000e+11 1.840084000000000000e+08 3.083531101976867635e+19 6.923882240000000000e+08 1.445817548800000000e+11 1.840084000000000000e+08
1.800000000000000000e+04 2.993543991727122022e+19 7.220216320000000000e+08 1.437394698240000000e+11 1.918838720000000000e+08 2.993543991727122022e+19 7.220216320000000000e+08 1.437394698240000000e+11 1.918838720000000000e+08
1.900000000000000000e+04 3.028844032439196058e+19 7.334041600000000000e+08 1.450295951360000000e+11 1.949073760000000000e+08 3.028844032439196058e+19 7.334041600000000000e+08 1.450295951360000000e+11 1.949073760000000000e+08
2.000000000000000000e+04 2.983206383402772070e+19 7.356749440000000000e+08 1.435479244800000000e+11 1.955123200000000000e+08 2.983206383402772070e+19 7.356749440000000000e+08 1.435479244800000000e+11 1.955123200000000000e+08
