# step, loss_train, loss_test, metrics_test
0.000000000000000000e+00 0.000000000000000000e+00 1.990689086914062500e+01 5.265913574218750000e+03 3.272332458496093750e+02 0.000000000000000000e+00 1.990689086914062500e+01 5.265913574218750000e+03 3.272332458496093750e+02
1.000000000000000000e+03 0.000000000000000000e+00 2.600894927978515625e+01 1.070364379882812500e+03 3.251528320312500000e+02 0.000000000000000000e+00 2.600894927978515625e+01 1.070364379882812500e+03 3.251528320312500000e+02
2.000000000000000000e+03 0.000000000000000000e+00 1.480115509033203125e+01 8.037202758789062500e+02 3.061596984863281250e+02 0.000000000000000000e+00 1.480115509033203125e+01 8.037202758789062500e+02 3.061596984863281250e+02
3.000000000000000000e+03 0.000000000000000000e+00 1.162632656097412109e+01 7.936835327148437500e+02 3.013299865722656250e+02 0.000000000000000000e+00 1.162632656097412109e+01 7.936835327148437500e+02 3.013299865722656250e+02
4.000000000000000000e+03 0.000000000000000000e+00 9.943257331848144531e+00 7.871988525390625000e+02 2.998245544433593750e+02 0.000000000000000000e+00 9.943257331848144531e+00 7.871988525390625000e+02 2.998245544433593750e+02
5.000000000000000000e+03 0.000000000000000000e+00 9.511672973632812500e+00 7.701741943359375000e+02 2.874844055175781250e+02 0.000000000000000000e+00 9.511672973632812500e+00 7.701741943359375000e+02 2.874844055175781250e+02
6.000000000000000000e+03 0.000000000000000000e+00 9.351906776428222656e+00 7.714826660156250000e+02 3.111053466796875000e+02 0.000000000000000000e+00 9.351906776428222656e+00 7.714826660156250000e+02 3.111053466796875000e+02
7.000000000000000000e+03 0.000000000000000000e+00 8.281419754028320312e+00 7.332604980468750000e+02 2.768609924316406250e+02 0.000000000000000000e+00 8.281419754028320312e+00 7.332604980468750000e+02 2.768609924316406250e+02
8.000000000000000000e+03 0.000000000000000000e+00 1.380881118774414062e+01 2.181238769531250000e+03 3.213206481933593750e+02 0.000000000000000000e+00 1.380881118774414062e+01 2.181238769531250000e+03 3.213206481933593750e+02
9.000000000000000000e+03 0.000000000000000000e+00 1.380881404876708984e+01 2.181238769531250000e+03 3.213206481933593750e+02 0.000000000000000000e+00 1.380881404876708984e+01 2.181238769531250000e+03 3.213206481933593750e+02
1.000000000000000000e+04 0.000000000000000000e+00 1.380881404876708984e+01 2.181238769531250000e+03 3.213206481933593750e+02 0.000000000000000000e+00 1.380881404876708984e+01 2.181238769531250000e+03 3.213206481933593750e+02
1.100000000000000000e+04 0.000000000000000000e+00 1.380881118774414062e+01 2.181238769531250000e+03 3.213206481933593750e+02 0.000000000000000000e+00 1.380881118774414062e+01 2.181238769531250000e+03 3.213206481933593750e+02
1.200000000000000000e+04 0.000000000000000000e+00 1.380881595611572266e+01 2.181238525390625000e+03 3.213206481933593750e+02 0.000000000000000000e+00 1.380881595611572266e+01 2.181238525390625000e+03 3.213206481933593750e+02
1.300000000000000000e+04 0.000000000000000000e+00 1.380881595611572266e+01 2.181238525390625000e+03 3.213206481933593750e+02 0.000000000000000000e+00 1.380881595611572266e+01 2.181238525390625000e+03 3.213206481933593750e+02
1.400000000000000000e+04 0.000000000000000000e+00 1.380881404876708984e+01 2.181238769531250000e+03 3.213206481933593750e+02 0.000000000000000000e+00 1.380881404876708984e+01 2.181238769531250000e+03 3.213206481933593750e+02
1.500000000000000000e+04 0.000000000000000000e+00 1.366331672668457031e+01 2.181658935546875000e+03 3.211793518066406250e+02 0.000000000000000000e+00 1.366331672668457031e+01 2.181658935546875000e+03 3.211793518066406250e+02
1.600000000000000000e+04 0.000000000000000000e+00 1.374745273590087891e+01 2.181383056640625000e+03 3.212610473632812500e+02 0.000000000000000000e+00 1.374745273590087891e+01 2.181383056640625000e+03 3.212610473632812500e+02
1.700000000000000000e+04 0.000000000000000000e+00 1.380880260467529297e+01 2.181239013671875000e+03 3.213206481933593750e+02 0.000000000000000000e+00 1.380880260467529297e+01 2.181239013671875000e+03 3.213206481933593750e+02
1.800000000000000000e+04 0.000000000000000000e+00 1.377158355712890625e+01 2.181320556640625000e+03 3.212844848632812500e+02 0.000000000000000000e+00 1.377158355712890625e+01 2.181320556640625000e+03 3.212844848632812500e+02
1.900000000000000000e+04 0.000000000000000000e+00 1.380817699432373047e+01 2.181239990234375000e+03 3.213200378417968750e+02 0.000000000000000000e+00 1.380817699432373047e+01 2.181239990234375000e+03 3.213200378417968750e+02
2.000000000000000000e+04 0.000000000000000000e+00 1.380881023406982422e+01 2.181238769531250000e+03 3.213206481933593750e+02 0.000000000000000000e+00 1.380881023406982422e+01 2.181238769531250000e+03 3.213206481933593750e+02
