# step, loss_train, loss_test, metrics_test
0.000000000000000000e+00 5.007658691406250000e+03 7.892327880859375000e+01 1.020740820312500000e+04 3.992262573242187500e+02 5.007658691406250000e+03 7.892327880859375000e+01 1.020740820312500000e+04 3.992262573242187500e+02
1.000000000000000000e+03 2.294307226562500000e+04 1.815515708923339844e+01 3.228413330078125000e+03 3.759973449707031250e+02 2.294307226562500000e+04 1.815515708923339844e+01 3.228413330078125000e+03 3.759973449707031250e+02
2.000000000000000000e+03 7.275684814453125000e+02 2.186816978454589844e+01 2.118354736328125000e+03 3.784529418945312500e+02 7.275684814453125000e+02 2.186816978454589844e+01 2.118354736328125000e+03 3.784529418945312500e+02
3.000000000000000000e+03 7.647910308837890625e+01 2.650420570373535156e+01 1.199296264648437500e+03 3.819914245605468750e+02 7.647910308837890625e+01 2.650420570373535156e+01 1.199296264648437500e+03 3.819914245605468750e+02
4.000000000000000000e+03 6.023889780044555664e-01 2.034262657165527344e+01 1.927943115234375000e+03 3.732144165039062500e+02 6.023889780044555664e-01 2.034262657165527344e+01 1.927943115234375000e+03 3.732144165039062500e+02
5.000000000000000000e+03 6.023889780044555664e-01 2.034262657165527344e+01 1.927943115234375000e+03 3.732144165039062500e+02 6.023889780044555664e-01 2.034262657165527344e+01 1.927943115234375000e+03 3.732144165039062500e+02
6.000000000000000000e+03 6.023889780044555664e-01 2.034262657165527344e+01 1.927943115234375000e+03 3.732144165039062500e+02 6.023889780044555664e-01 2.034262657165527344e+01 1.927943115234375000e+03 3.732144165039062500e+02
7.000000000000000000e+03 6.023889780044555664e-01 2.034262657165527344e+01 1.927943115234375000e+03 3.732144165039062500e+02 6.023889780044555664e-01 2.034262657165527344e+01 1.927943115234375000e+03 3.732144165039062500e+02
8.000000000000000000e+03 6.023892760276794434e-01 2.034262657165527344e+01 1.927943115234375000e+03 3.732144165039062500e+02 6.023892760276794434e-01 2.034262657165527344e+01 1.927943115234375000e+03 3.732144165039062500e+02
9.000000000000000000e+03 6.023889780044555664e-01 2.034262657165527344e+01 1.927943115234375000e+03 3.732144165039062500e+02 6.023889780044555664e-01 2.034262657165527344e+01 1.927943115234375000e+03 3.732144165039062500e+02
1.000000000000000000e+04 6.023902297019958496e-01 2.034262657165527344e+01 1.927943115234375000e+03 3.732144165039062500e+02 6.023902297019958496e-01 2.034262657165527344e+01 1.927943115234375000e+03 3.732144165039062500e+02
1.100000000000000000e+04 1.837970910032691200e+16 2.661231054687500000e+04 2.152475361280000000e+11 2.184014257812500000e+04 1.837970910032691200e+16 2.661231054687500000e+04 2.152475361280000000e+11 2.184014257812500000e+04
1.200000000000000000e+04 8.377350031723724800e+16 1.700291875000000000e+05 2.132873707520000000e+11 1.370421562500000000e+05 8.377350031723724800e+16 1.700291875000000000e+05 2.132873707520000000e+11 1.370421562500000000e+05
1.300000000000000000e+04 6.439805244145664000e+15 4.398699687500000000e+05 2.173415260160000000e+11 3.535859062500000000e+05 6.439805244145664000e+15 4.398699687500000000e+05 2.173415260160000000e+11 3.535859062500000000e+05
1.400000000000000000e+04 1.230515002251673600e+18 8.852250625000000000e+05 1.735071989760000000e+11 7.098640000000000000e+05 1.230515002251673600e+18 8.852250625000000000e+05 1.735071989760000000e+11 7.098640000000000000e+05
1.500000000000000000e+04 8.122492341735915520e+17 1.419216625000000000e+06 1.471508480000000000e+11 1.136695375000000000e+06 8.122492341735915520e+17 1.419216625000000000e+06 1.471508480000000000e+11 1.136695375000000000e+06
1.600000000000000000e+04 5.385465196707840000e+14 1.616523750000000000e+06 2.641228103680000000e+11 1.297883500000000000e+06 5.385465196707840000e+14 1.616523750000000000e+06 2.641228103680000000e+11 1.297883500000000000e+06
1.700000000000000000e+04 1.675659156704460800e+18 1.679649125000000000e+06 2.789775114240000000e+11 1.347829375000000000e+06 1.675659156704460800e+18 1.679649125000000000e+06 2.789775114240000000e+11 1.347829375000000000e+06
1.800000000000000000e+04 6.355579904678952960e+17 2.249804750000000000e+06 2.267475968000000000e+11 1.803610250000000000e+06 6.355579904678952960e+17 2.249804750000000000e+06 2.267475968000000000e+11 1.803610250000000000e+06
1.900000000000000000e+04 3.048948602553080218e+19 3.431059750000000000e+06 4.721380884480000000e+11 2.760066500000000000e+06 3.048948602553080218e+19 3.431059750000000000e+06 4.721380884480000000e+11 2.760066500000000000e+06
2.000000000000000000e+04 2.325659850878484480e+17 5.013755500000000000e+06 4.367314124800000000e+11 4.030237500000000000e+06 2.325659850878484480e+17 5.013755500000000000e+06 4.367314124800000000e+11 4.030237500000000000e+06
