# step, loss_train, loss_test, metrics_test
0.000000000000000000e+00 3.156858886718750000e+03 1.557216930389404297e+01 3.507835449218750000e+03 7.496311950683593750e+01 3.156858886718750000e+03 1.557216930389404297e+01 3.507835449218750000e+03 7.496311950683593750e+01
1.000000000000000000e+03 1.365414619445800781e+00 4.494028568267822266e+00 4.543347358703613281e-01 6.890661621093750000e+01 1.365414619445800781e+00 4.494028568267822266e+00 4.543347358703613281e-01 6.890661621093750000e+01
2.000000000000000000e+03 9.384825229644775391e-01 2.896029472351074219e+00 2.512017786502838135e-01 6.335677719116210938e+01 9.384825229644775391e-01 2.896029472351074219e+00 2.512017786502838135e-01 6.335677719116210938e+01
3.000000000000000000e+03 1.563810729980468750e+01 1.720035672187805176e+00 1.372357749938964844e+01 5.738677597045898438e+01 1.563810729980468750e+01 1.720035672187805176e+00 1.372357749938964844e+01 5.738677597045898438e+01
4.000000000000000000e+03 1.912552595138549805e+00 1.321372270584106445e+00 2.700748443603515625e+00 5.421027755737304688e+01 1.912552595138549805e+00 1.321372270584106445e+00 2.700748443603515625e+00 5.421027755737304688e+01
5.000000000000000000e+03 2.715274810791015625e+00 5.389268994331359863e-01 1.177774906158447266e+01 3.588308334350585938e+01 2.715274810791015625e+00 5.389268994331359863e-01 1.177774906158447266e+01 3.588308334350585938e+01
6.000000000000000000e+03 1.800706148147583008e+00 1.629838347434997559e-01 2.823707647621631622e-02 3.105986022949218750e+01 1.800706148147583008e+00 1.629838347434997559e-01 2.823707647621631622e-02 3.105986022949218750e+01
7.000000000000000000e+03 1.289553523063659668e+00 9.700550138950347900e-02 6.541328132152557373e-02 3.205537033081054688e+01 1.289553523063659668e+00 9.700550138950347900e-02 6.541328132152557373e-02 3.205537033081054688e+01
8.000000000000000000e+03 1.583241224288940430e+00 1.869294643402099609e-01 8.007851988077163696e-02 2.985805702209472656e+01 1.583241224288940430e+00 1.869294643402099609e-01 8.007851988077163696e-02 2.985805702209472656e+01
9.000000000000000000e+03 1.353837251663208008e+00 4.396383836865425110e-02 5.002343654632568359e-02 2.147575950622558594e+01 1.353837251663208008e+00 4.396383836865425110e-02 5.002343654632568359e-02 2.147575950622558594e+01
1.000000000000000000e+04 2.176740407943725586e+00 3.264942765235900879e-01 2.361005842685699463e-01 2.538067436218261719e+01 2.176740407943725586e+00 3.264942765235900879e-01 2.361005842685699463e-01 2.538067436218261719e+01
1.100000000000000000e+04 1.046472015380859375e+02 3.225048184394836426e-01 2.538125419616699219e+01 1.035360622406005859e+01 1.046472015380859375e+02 3.225048184394836426e-01 2.538125419616699219e+01 1.035360622406005859e+01
1.200000000000000000e+04 2.630126237869262695e+00 2.676682472229003906e-01 3.415109515190124512e-01 2.444713401794433594e+01 2.630126237869262695e+00 2.676682472229003906e-01 3.415109515190124512e-01 2.444713401794433594e+01
1.300000000000000000e+04 1.183498024940490723e+00 3.220223635435104370e-02 7.969373464584350586e-02 1.235050010681152344e+01 1.183498024940490723e+00 3.220223635435104370e-02 7.969373464584350586e-02 1.235050010681152344e+01
1.400000000000000000e+04 3.406098127365112305e+00 6.940887868404388428e-02 1.131947612762451172e+01 5.984969615936279297e+00 3.406098127365112305e+00 6.940887868404388428e-02 1.131947612762451172e+01 5.984969615936279297e+00
1.500000000000000000e+04 2.914290428161621094e+00 4.621924459934234619e-01 2.663128674030303955e-01 2.556395912170410156e+01 2.914290428161621094e+00 4.621924459934234619e-01 2.663128674030303955e-01 2.556395912170410156e+01
1.600000000000000000e+04 2.712862730026245117e+00 2.674135267734527588e-01 2.534250915050506592e-01 1.594520854949951172e+01 2.712862730026245117e+00 2.674135267734527588e-01 2.534250915050506592e-01 1.594520854949951172e+01
1.700000000000000000e+04 1.007955074310302734e+00 1.125949434936046600e-02 1.813736408948898315e-01 5.621967315673828125e+00 1.007955074310302734e+00 1.125949434936046600e-02 1.813736408948898315e-01 5.621967315673828125e+00
1.800000000000000000e+04 7.269117355346679688e+00 2.966326773166656494e-01 2.883502960205078125e+00 8.430857658386230469e+00 7.269117355346679688e+00 2.966326773166656494e-01 2.883502960205078125e+00 8.430857658386230469e+00
1.900000000000000000e+04 9.011949300765991211e-01 1.337944529950618744e-02 4.970604553818702698e-02 3.166059494018554688e+00 9.011949300765991211e-01 1.337944529950618744e-02 4.970604553818702698e-02 3.166059494018554688e+00
2.000000000000000000e+04 1.282219171524047852e+00 1.048689894378185272e-02 7.110139727592468262e-01 3.104543209075927734e+00 1.282219171524047852e+00 1.048689894378185272e-02 7.110139727592468262e-01 3.104543209075927734e+00
