# step, loss_train, loss_test, metrics_test
0.000000000000000000e+00 4.074746093750000000e+04 3.406928634643554688e+01 4.692828613281250000e+03 1.223465499877929688e+02 4.074746093750000000e+04 3.406928634643554688e+01 4.692828613281250000e+03 1.223465499877929688e+02
1.000000000000000000e+03 1.250685791015625000e+03 1.780098533630371094e+01 6.346662597656250000e+02 1.351762847900390625e+02 1.250685791015625000e+03 1.780098533630371094e+01 6.346662597656250000e+02 1.351762847900390625e+02
2.000000000000000000e+03 5.146674804687500000e+02 2.116175270080566406e+01 4.710103759765625000e+02 1.384847412109375000e+02 5.146674804687500000e+02 2.116175270080566406e+01 4.710103759765625000e+02 1.384847412109375000e+02
3.000000000000000000e+03 3.248864440917968750e+02 2.426731491088867188e+01 3.247208862304687500e+02 1.411863403320312500e+02 3.248864440917968750e+02 2.426731491088867188e+01 3.247208862304687500e+02 1.411863403320312500e+02
4.000000000000000000e+03 2.376634521484375000e+02 2.768422126770019531e+01 1.886636047363281250e+02 1.444190979003906250e+02 2.376634521484375000e+02 2.768422126770019531e+01 1.886636047363281250e+02 1.444190979003906250e+02
5.000000000000000000e+03 1.695133056640625000e+02 3.101829147338867188e+01 9.202091979980468750e+01 1.479493560791015625e+02 1.695133056640625000e+02 3.101829147338867188e+01 9.202091979980468750e+01 1.479493560791015625e+02
6.000000000000000000e+03 1.109508819580078125e+02 3.319606018066406250e+01 4.394589233398437500e+01 1.507123107910156250e+02 1.109508819580078125e+02 3.319606018066406250e+01 4.394589233398437500e+01 1.507123107910156250e+02
7.000000000000000000e+03 7.025283050537109375e+01 3.353415298461914062e+01 2.307089614868164062e+01 1.517928009033203125e+02 7.025283050537109375e+01 3.353415298461914062e+01 2.307089614868164062e+01 1.517928009033203125e+02
8.000000000000000000e+03 4.505587387084960938e+01 3.215361785888671875e+01 1.282859611511230469e+01 1.511770629882812500e+02 4.505587387084960938e+01 3.215361785888671875e+01 1.282859611511230469e+01 1.511770629882812500e+02
9.000000000000000000e+03 2.995486259460449219e+01 2.944192314147949219e+01 7.362976074218750000e+00 1.491814880371093750e+02 2.995486259460449219e+01 2.944192314147949219e+01 7.362976074218750000e+00 1.491814880371093750e+02
1.000000000000000000e+04 2.084155464172363281e+01 2.564638328552246094e+01 4.332662105560302734e+00 1.460429229736328125e+02 2.084155464172363281e+01 2.564638328552246094e+01 4.332662105560302734e+00 1.460429229736328125e+02
1.100000000000000000e+04 1.543199157714843750e+01 2.082270050048828125e+01 2.581399917602539062e+00 1.418198852539062500e+02 1.543199157714843750e+01 2.082270050048828125e+01 2.581399917602539062e+00 1.418198852539062500e+02
1.200000000000000000e+04 1.242070293426513672e+01 1.503998374938964844e+01 1.592766880989074707e+00 1.364670867919921875e+02 1.242070293426513672e+01 1.503998374938964844e+01 1.592766880989074707e+00 1.364670867919921875e+02
1.300000000000000000e+04 1.021982479095458984e+01 9.380321502685546875e+00 1.028640508651733398e+00 1.306437377929687500e+02 1.021982479095458984e+01 9.380321502685546875e+00 1.028640508651733398e+00 1.306437377929687500e+02
1.400000000000000000e+04 8.127792358398437500e+00 5.538596153259277344e+00 6.478956937789916992e-01 1.256988449096679688e+02 8.127792358398437500e+00 5.538596153259277344e+00 6.478956937789916992e-01 1.256988449096679688e+02
1.500000000000000000e+04 6.280128002166748047e+00 3.877775192260742188e+00 3.877224028110504150e-01 1.224310226440429688e+02 6.280128002166748047e+00 3.877775192260742188e+00 3.877224028110504150e-01 1.224310226440429688e+02
1.600000000000000000e+04 4.890510082244873047e+00 3.371659994125366211e+00 2.610956728458404541e-01 1.202042846679687500e+02 4.890510082244873047e+00 3.371659994125366211e+00 2.610956728458404541e-01 1.202042846679687500e+02
1.700000000000000000e+04 3.976587057113647461e+00 3.303155899047851562e+00 1.992575079202651978e-01 1.184916229248046875e+02 3.976587057113647461e+00 3.303155899047851562e+00 1.992575079202651978e-01 1.184916229248046875e+02
1.800000000000000000e+04 3.387112379074096680e+00 3.365562200546264648e+00 1.711499243974685669e-01 1.170446014404296875e+02 3.387112379074096680e+00 3.365562200546264648e+00 1.711499243974685669e-01 1.170446014404296875e+02
1.900000000000000000e+04 3.011637210845947266e+00 3.455838441848754883e+00 1.544697880744934082e-01 1.157517700195312500e+02 3.011637210845947266e+00 3.455838441848754883e+00 1.544697880744934082e-01 1.157517700195312500e+02
2.000000000000000000e+04 2.772047996520996094e+00 3.539333581924438477e+00 1.437998116016387939e-01 1.145310897827148438e+02 2.772047996520996094e+00 3.539333581924438477e+00 1.437998116016387939e-01 1.145310897827148438e+02
