# step, loss_train, loss_test, metrics_test
0.000000000000000000e+00 0.000000000000000000e+00 1.654107475280761719e+01 4.070993896484375000e+03 2.859390258789062500e+02 0.000000000000000000e+00 1.654107475280761719e+01 4.070993896484375000e+03 2.859390258789062500e+02
1.000000000000000000e+03 0.000000000000000000e+00 1.349423694610595703e+01 1.973507446289062500e+03 2.787902526855468750e+02 0.000000000000000000e+00 1.349423694610595703e+01 1.973507446289062500e+03 2.787902526855468750e+02
2.000000000000000000e+03 0.000000000000000000e+00 1.349443626403808594e+01 1.973507080078125000e+03 2.787904052734375000e+02 0.000000000000000000e+00 1.349443626403808594e+01 1.973507080078125000e+03 2.787904052734375000e+02
3.000000000000000000e+03 0.000000000000000000e+00 1.394472217559814453e+01 1.973804321289062500e+03 2.791793212890625000e+02 0.000000000000000000e+00 1.394472217559814453e+01 1.973804321289062500e+03 2.791793212890625000e+02
4.000000000000000000e+03 0.000000000000000000e+00 1.214125156402587891e+01 1.973460083007812500e+03 2.740244140625000000e+02 0.000000000000000000e+00 1.214125156402587891e+01 1.973460083007812500e+03 2.740244140625000000e+02
5.000000000000000000e+03 0.000000000000000000e+00 9.851906776428222656e+00 1.973382568359375000e+03 2.709266357421875000e+02 0.000000000000000000e+00 9.851906776428222656e+00 1.973382568359375000e+03 2.709266357421875000e+02
6.000000000000000000e+03 0.000000000000000000e+00 9.804711341857910156e+00 1.973416381835937500e+03 2.703114013671875000e+02 0.000000000000000000e+00 9.804711341857910156e+00 1.973416381835937500e+03 2.703114013671875000e+02
7.000000000000000000e+03 0.000000000000000000e+00 8.177381515502929688e+00 2.156647460937500000e+03 2.686777343750000000e+02 0.000000000000000000e+00 8.177381515502929688e+00 2.156647460937500000e+03 2.686777343750000000e+02
8.000000000000000000e+03 0.000000000000000000e+00 3.421622848510742188e+01 6.179242187500000000e+03 2.917884826660156250e+02 0.000000000000000000e+00 3.421622848510742188e+01 6.179242187500000000e+03 2.917884826660156250e+02
9.000000000000000000e+03 0.000000000000000000e+00 5.854798507690429688e+01 5.456954589843750000e+03 3.150198059082031250e+02 0.000000000000000000e+00 5.854798507690429688e+01 5.456954589843750000e+03 3.150198059082031250e+02
1.000000000000000000e+04 0.000000000000000000e+00 1.330783939361572266e+01 3.265711181640625000e+03 2.728304443359375000e+02 0.000000000000000000e+00 1.330783939361572266e+01 3.265711181640625000e+03 2.728304443359375000e+02
1.100000000000000000e+04 0.000000000000000000e+00 9.391128540039062500e+00 1.977388305664062500e+03 2.694757995605468750e+02 0.000000000000000000e+00 9.391128540039062500e+00 1.977388305664062500e+03 2.694757995605468750e+02
1.200000000000000000e+04 0.000000000000000000e+00 9.809351921081542969e+00 1.973511718750000000e+03 2.751510314941406250e+02 0.000000000000000000e+00 9.809351921081542969e+00 1.973511718750000000e+03 2.751510314941406250e+02
1.300000000000000000e+04 0.000000000000000000e+00 9.843318939208984375e+00 1.973380249023437500e+03 2.746505126953125000e+02 0.000000000000000000e+00 9.843318939208984375e+00 1.973380249023437500e+03 2.746505126953125000e+02
1.400000000000000000e+04 0.000000000000000000e+00 9.834690093994140625e+00 1.973375854492187500e+03 2.744066772460937500e+02 0.000000000000000000e+00 9.834690093994140625e+00 1.973375854492187500e+03 2.744066772460937500e+02
1.500000000000000000e+04 0.000000000000000000e+00 9.805803298950195312e+00 1.973411376953125000e+03 2.742732543945312500e+02 0.000000000000000000e+00 9.805803298950195312e+00 1.973411376953125000e+03 2.742732543945312500e+02
1.600000000000000000e+04 0.000000000000000000e+00 1.321487236022949219e+01 3.221256835937500000e+03 2.768196105957031250e+02 0.000000000000000000e+00 1.321487236022949219e+01 3.221256835937500000e+03 2.768196105957031250e+02
1.700000000000000000e+04 0.000000000000000000e+00 2.336616699218750000e+03 2.295512812500000000e+05 2.384555908203125000e+03 0.000000000000000000e+00 2.336616699218750000e+03 2.295512812500000000e+05 2.384555908203125000e+03
1.800000000000000000e+04 0.000000000000000000e+00 4.766732482910156250e+02 5.538335937500000000e+04 6.850032348632812500e+02 0.000000000000000000e+00 4.766732482910156250e+02 5.538335937500000000e+04 6.850032348632812500e+02
1.900000000000000000e+04 0.000000000000000000e+00 1.429505004882812500e+03 1.398016093750000000e+05 1.586647338867187500e+03 0.000000000000000000e+00 1.429505004882812500e+03 1.398016093750000000e+05 1.586647338867187500e+03
2.000000000000000000e+04 0.000000000000000000e+00 8.438700866699218750e+01 1.192242089843750000e+04 3.381246337890625000e+02 0.000000000000000000e+00 8.438700866699218750e+01 1.192242089843750000e+04 3.381246337890625000e+02
