# step, loss_train, loss_test, metrics_test
0.000000000000000000e+00 1.356738037109375000e+03 3.359269332885742188e+01 1.338319921875000000e+04 4.516679992675781250e+02 1.356738037109375000e+03 3.359269332885742188e+01 1.338319921875000000e+04 4.516679992675781250e+02
1.000000000000000000e+03 6.443176269531250000e+00 1.442022609710693359e+01 2.305956840515136719e+01 3.554056091308593750e+02 6.443176269531250000e+00 1.442022609710693359e+01 2.305956840515136719e+01 3.554056091308593750e+02
2.000000000000000000e+03 1.146398830413818359e+01 1.442137527465820312e+01 6.519330978393554688e+00 3.332722167968750000e+02 1.146398830413818359e+01 1.442137527465820312e+01 6.519330978393554688e+00 3.332722167968750000e+02
3.000000000000000000e+03 8.834802627563476562e+00 8.411391258239746094e+00 1.006910324096679688e+01 3.447884521484375000e+02 8.834802627563476562e+00 8.411391258239746094e+00 1.006910324096679688e+01 3.447884521484375000e+02
4.000000000000000000e+03 1.318571281433105469e+01 1.305800628662109375e+01 1.704753398895263672e+00 3.143232727050781250e+02 1.318571281433105469e+01 1.305800628662109375e+01 1.704753398895263672e+00 3.143232727050781250e+02
5.000000000000000000e+03 1.927281761169433594e+01 1.001664352416992188e+01 5.178297424316406250e+01 3.079035949707031250e+02 1.927281761169433594e+01 1.001664352416992188e+01 5.178297424316406250e+01 3.079035949707031250e+02
6.000000000000000000e+03 2.467968559265136719e+01 1.137996292114257812e+01 7.906298637390136719e+00 3.044808044433593750e+02 2.467968559265136719e+01 1.137996292114257812e+01 7.906298637390136719e+00 3.044808044433593750e+02
7.000000000000000000e+03 6.814724731445312500e+01 1.965245628356933594e+01 1.098945068359375000e+03 4.260660095214843750e+02 6.814724731445312500e+01 1.965245628356933594e+01 1.098945068359375000e+03 4.260660095214843750e+02
8.000000000000000000e+03 8.144149929285049438e-02 2.206974601745605469e+01 1.549546630859375000e+03 4.222657470703125000e+02 8.144149929285049438e-02 2.206974601745605469e+01 1.549546630859375000e+03 4.222657470703125000e+02
9.000000000000000000e+03 1.648764014244079590e-01 2.210225105285644531e+01 1.549380371093750000e+03 4.213131713867187500e+02 1.648764014244079590e-01 2.210225105285644531e+01 1.549380371093750000e+03 4.213131713867187500e+02
1.000000000000000000e+04 5.638791713863611221e-03 2.215916252136230469e+01 1.549311523437500000e+03 4.210121765136718750e+02 5.638791713863611221e-03 2.215916252136230469e+01 1.549311523437500000e+03 4.210121765136718750e+02
1.100000000000000000e+04 2.768856938928365707e-03 2.216003990173339844e+01 1.549303466796875000e+03 4.209788208007812500e+02 2.768856938928365707e-03 2.216003990173339844e+01 1.549303466796875000e+03 4.209788208007812500e+02
1.200000000000000000e+04 1.653687176304401201e-18 1.310377597808837891e+01 2.848910156250000000e+03 4.158555603027343750e+02 1.653687176304401201e-18 1.310377597808837891e+01 2.848910156250000000e+03 4.158555603027343750e+02
1.300000000000000000e+04 1.654645465044043884e-18 1.310378932952880859e+01 2.848909912109375000e+03 4.158555908203125000e+02 1.654645465044043884e-18 1.310378932952880859e+01 2.848909912109375000e+03 4.158555908203125000e+02
1.400000000000000000e+04 3.203941672562428724e-19 1.311801719665527344e+01 2.848878417968750000e+03 4.158745117187500000e+02 3.203941672562428724e-19 1.311801719665527344e+01 2.848878417968750000e+03 4.158745117187500000e+02
1.500000000000000000e+04 3.671437933419563654e-24 1.310368156433105469e+01 2.848910156250000000e+03 4.158554687500000000e+02 3.671437933419563654e-24 1.310368156433105469e+01 2.848910156250000000e+03 4.158554687500000000e+02
1.600000000000000000e+04 1.883744424189184415e-24 1.031326866149902344e+01 2.965010253906250000e+03 4.122001037597656250e+02 1.883744424189184415e-24 1.031326866149902344e+01 2.965010253906250000e+03 4.122001037597656250e+02
1.700000000000000000e+04 2.092896733155286978e-23 1.308757877349853516e+01 2.848950195312500000e+03 4.158340759277343750e+02 2.092896733155286978e-23 1.308757877349853516e+01 2.848950195312500000e+03 4.158340759277343750e+02
1.800000000000000000e+04 2.024915617587945543e-27 1.310378646850585938e+01 2.848910156250000000e+03 4.158555908203125000e+02 2.024915617587945543e-27 1.310378646850585938e+01 2.848910156250000000e+03 4.158555908203125000e+02
1.900000000000000000e+04 2.024882106406913205e-27 1.310377120971679688e+01 2.848909912109375000e+03 4.158555908203125000e+02 2.024882106406913205e-27 1.310377120971679688e+01 2.848909912109375000e+03 4.158555908203125000e+02
2.000000000000000000e+04 2.024847439667914235e-27 1.310375595092773438e+01 2.848910156250000000e+03 4.158555908203125000e+02 2.024847439667914235e-27 1.310375595092773438e+01 2.848910156250000000e+03 4.158555908203125000e+02
