# step, loss_train, loss_test, metrics_test
0.000000000000000000e+00 6.927287597656250000e+02 3.798456192016601562e+01 1.065144824218750000e+04 4.121767578125000000e+02 6.927287597656250000e+02 3.798456192016601562e+01 1.065144824218750000e+04 4.121767578125000000e+02
1.000000000000000000e+03 5.935225219726562500e+02 2.988320541381835938e+01 2.787648200988769531e+01 3.967849121093750000e+02 5.935225219726562500e+02 2.988320541381835938e+01 2.787648200988769531e+01 3.967849121093750000e+02
2.000000000000000000e+03 1.216798782348632812e+02 2.536605644226074219e+01 8.826493263244628906e+00 3.903446960449218750e+02 1.216798782348632812e+02 2.536605644226074219e+01 8.826493263244628906e+00 3.903446960449218750e+02
3.000000000000000000e+03 5.495933532714843750e+01 2.115507507324218750e+01 3.763832569122314453e+00 3.742479553222656250e+02 5.495933532714843750e+01 2.115507507324218750e+01 3.763832569122314453e+00 3.742479553222656250e+02
4.000000000000000000e+03 1.988320434570312500e+03 2.167317771911621094e+01 1.969009643554687500e+03 4.000191650390625000e+02 1.988320434570312500e+03 2.167317771911621094e+01 1.969009643554687500e+03 4.000191650390625000e+02
5.000000000000000000e+03 2.282869110107421875e+02 1.976789665222167969e+01 2.054360107421875000e+03 3.979636230468750000e+02 2.282869110107421875e+02 1.976789665222167969e+01 2.054360107421875000e+03 3.979636230468750000e+02
6.000000000000000000e+03 1.907203247070312500e+03 1.832737731933593750e+01 1.997106201171875000e+03 3.967775268554687500e+02 1.907203247070312500e+03 1.832737731933593750e+01 1.997106201171875000e+03 3.967775268554687500e+02
7.000000000000000000e+03 2.024955902099609375e+02 1.874979019165039062e+01 1.947285400390625000e+03 3.973319091796875000e+02 2.024955902099609375e+02 1.874979019165039062e+01 1.947285400390625000e+03 3.973319091796875000e+02
8.000000000000000000e+03 2.423383941650390625e+02 1.831707191467285156e+01 1.875214843750000000e+03 3.967078857421875000e+02 2.423383941650390625e+02 1.831707191467285156e+01 1.875214843750000000e+03 3.967078857421875000e+02
9.000000000000000000e+03 2.513408050537109375e+02 1.699976730346679688e+01 1.814873779296875000e+03 3.973750000000000000e+02 2.513408050537109375e+02 1.699976730346679688e+01 1.814873779296875000e+03 3.973750000000000000e+02
1.000000000000000000e+04 2.746665039062500000e+02 1.637015914916992188e+01 1.722823852539062500e+03 3.970221252441406250e+02 2.746665039062500000e+02 1.637015914916992188e+01 1.722823852539062500e+03 3.970221252441406250e+02
1.100000000000000000e+04 2.783336791992187500e+02 1.593648815155029297e+01 1.591564453125000000e+03 3.954017944335937500e+02 2.783336791992187500e+02 1.593648815155029297e+01 1.591564453125000000e+03 3.954017944335937500e+02
1.200000000000000000e+04 2.841288146972656250e+02 1.674562644958496094e+01 1.431655883789062500e+03 3.985870361328125000e+02 2.841288146972656250e+02 1.674562644958496094e+01 1.431655883789062500e+03 3.985870361328125000e+02
1.300000000000000000e+04 0.000000000000000000e+00 1.510945556640625000e+03 1.846282500000000000e+05 2.082870361328125000e+03 0.000000000000000000e+00 1.510945556640625000e+03 1.846282500000000000e+05 2.082870361328125000e+03
1.400000000000000000e+04 0.000000000000000000e+00 5.525103378295898438e+01 5.648010253906250000e+03 4.344472656250000000e+02 0.000000000000000000e+00 5.525103378295898438e+01 5.648010253906250000e+03 4.344472656250000000e+02
1.500000000000000000e+04 0.000000000000000000e+00 1.570060348510742188e+01 2.939174804687500000e+03 3.905371093750000000e+02 0.000000000000000000e+00 1.570060348510742188e+01 2.939174804687500000e+03 3.905371093750000000e+02
1.600000000000000000e+04 0.000000000000000000e+00 1.508166694641113281e+01 2.937934326171875000e+03 3.898666992187500000e+02 0.000000000000000000e+00 1.508166694641113281e+01 2.937934326171875000e+03 3.898666992187500000e+02
1.700000000000000000e+04 0.000000000000000000e+00 1.508011722564697266e+01 2.937937744140625000e+03 3.898650207519531250e+02 0.000000000000000000e+00 1.508011722564697266e+01 2.937937744140625000e+03 3.898650207519531250e+02
1.800000000000000000e+04 0.000000000000000000e+00 1.508009338378906250e+01 2.937937744140625000e+03 3.898650207519531250e+02 0.000000000000000000e+00 1.508009338378906250e+01 2.937937744140625000e+03 3.898650207519531250e+02
1.900000000000000000e+04 0.000000000000000000e+00 1.508007621765136719e+01 2.937937744140625000e+03 3.898650207519531250e+02 0.000000000000000000e+00 1.508007621765136719e+01 2.937937744140625000e+03 3.898650207519531250e+02
2.000000000000000000e+04 0.000000000000000000e+00 1.508006477355957031e+01 2.937937500000000000e+03 3.898649291992187500e+02 0.000000000000000000e+00 1.508006477355957031e+01 2.937937500000000000e+03 3.898649291992187500e+02
