# step, loss_train, loss_test, metrics_test
0.000000000000000000e+00 1.168384140625000000e+05 1.986412963867187500e+02 1.963107226562500000e+04 2.571868591308593750e+02 1.168384140625000000e+05 1.986412963867187500e+02 1.963107226562500000e+04 2.571868591308593750e+02
1.000000000000000000e+03 1.205628051757812500e+03 3.498948669433593750e+01 1.796607055664062500e+02 2.275519409179687500e+02 1.205628051757812500e+03 3.498948669433593750e+01 1.796607055664062500e+02 2.275519409179687500e+02
2.000000000000000000e+03 4.904943237304687500e+02 3.146431541442871094e+01 6.019408798217773438e+01 2.218993682861328125e+02 4.904943237304687500e+02 3.146431541442871094e+01 6.019408798217773438e+01 2.218993682861328125e+02
3.000000000000000000e+03 2.535113372802734375e+02 2.954821205139160156e+01 2.670917892456054688e+01 2.234926910400390625e+02 2.535113372802734375e+02 2.954821205139160156e+01 2.670917892456054688e+01 2.234926910400390625e+02
4.000000000000000000e+03 1.782984313964843750e+02 2.487450408935546875e+01 1.429904174804687500e+01 2.221390228271484375e+02 1.782984313964843750e+02 2.487450408935546875e+01 1.429904174804687500e+01 2.221390228271484375e+02
5.000000000000000000e+03 1.032650375366210938e+02 1.815679550170898438e+01 7.161858558654785156e+00 2.158336791992187500e+02 1.032650375366210938e+02 1.815679550170898438e+01 7.161858558654785156e+00 2.158336791992187500e+02
6.000000000000000000e+03 7.273092651367187500e+01 1.259609317779541016e+01 3.356322288513183594e+00 2.108684082031250000e+02 7.273092651367187500e+01 1.259609317779541016e+01 3.356322288513183594e+00 2.108684082031250000e+02
7.000000000000000000e+03 5.658875274658203125e+01 7.913212776184082031e+00 1.500184893608093262e+00 2.043419952392578125e+02 5.658875274658203125e+01 7.913212776184082031e+00 1.500184893608093262e+00 2.043419952392578125e+02
8.000000000000000000e+03 3.962814712524414062e+01 5.245334148406982422e+00 6.789155006408691406e-01 1.988348083496093750e+02 3.962814712524414062e+01 5.245334148406982422e+00 6.789155006408691406e-01 1.988348083496093750e+02
9.000000000000000000e+03 2.477825736999511719e+01 3.930757284164428711e+00 2.953642904758453369e-01 1.927360382080078125e+02 2.477825736999511719e+01 3.930757284164428711e+00 2.953642904758453369e-01 1.927360382080078125e+02
1.000000000000000000e+04 1.944164466857910156e+01 3.852673292160034180e+00 2.467450350522994995e-01 1.872912139892578125e+02 1.944164466857910156e+01 3.852673292160034180e+00 2.467450350522994995e-01 1.872912139892578125e+02
1.100000000000000000e+04 1.736304473876953125e+01 4.321700572967529297e+00 2.548251748085021973e-01 1.784074554443359375e+02 1.736304473876953125e+01 4.321700572967529297e+00 2.548251748085021973e-01 1.784074554443359375e+02
1.200000000000000000e+04 1.765990447998046875e+01 3.967161417007446289e+00 3.999778032302856445e-01 1.646463928222656250e+02 1.765990447998046875e+01 3.967161417007446289e+00 3.999778032302856445e-01 1.646463928222656250e+02
1.300000000000000000e+04 2.041489982604980469e+01 4.338107109069824219e+00 2.712934911251068115e-01 1.465557250976562500e+02 2.041489982604980469e+01 4.338107109069824219e+00 2.712934911251068115e-01 1.465557250976562500e+02
1.400000000000000000e+04 2.445121383666992188e+01 3.919979572296142578e+00 5.587707757949829102e-01 1.286025695800781250e+02 2.445121383666992188e+01 3.919979572296142578e+00 5.587707757949829102e-01 1.286025695800781250e+02
1.500000000000000000e+04 2.777319717407226562e+01 3.707734823226928711e+00 4.913521409034729004e-01 1.116407775878906250e+02 2.777319717407226562e+01 3.707734823226928711e+00 4.913521409034729004e-01 1.116407775878906250e+02
1.600000000000000000e+04 3.088693618774414062e+01 3.411377429962158203e+00 3.716057837009429932e-01 1.017806320190429688e+02 3.088693618774414062e+01 3.411377429962158203e+00 3.716057837009429932e-01 1.017806320190429688e+02
1.700000000000000000e+04 3.591981506347656250e+01 2.671501398086547852e+00 1.502711772918701172e+00 8.861102294921875000e+01 3.591981506347656250e+01 2.671501398086547852e+00 1.502711772918701172e+00 8.861102294921875000e+01
1.800000000000000000e+04 3.339235687255859375e+01 2.014954090118408203e+00 7.256445288658142090e-01 7.962795257568359375e+01 3.339235687255859375e+01 2.014954090118408203e+00 7.256445288658142090e-01 7.962795257568359375e+01
1.900000000000000000e+04 3.582904052734375000e+01 2.030816078186035156e+00 4.479425549507141113e-01 7.082220458984375000e+01 3.582904052734375000e+01 2.030816078186035156e+00 4.479425549507141113e-01 7.082220458984375000e+01
2.000000000000000000e+04 3.578869628906250000e+01 1.737891674041748047e+00 1.078034281730651855e+00 6.275335311889648438e+01 3.578869628906250000e+01 1.737891674041748047e+00 1.078034281730651855e+00 6.275335311889648438e+01
