# step, loss_train, loss_test, metrics_test
0.000000000000000000e+00 0.000000000000000000e+00 3.003863716125488281e+01 8.452782226562500000e+03 4.070786437988281250e+02 0.000000000000000000e+00 3.003863716125488281e+01 8.452782226562500000e+03 4.070786437988281250e+02
1.000000000000000000e+03 0.000000000000000000e+00 1.362337017059326172e+01 1.676891845703125000e+03 3.802923583984375000e+02 0.000000000000000000e+00 1.362337017059326172e+01 1.676891845703125000e+03 3.802923583984375000e+02
2.000000000000000000e+03 0.000000000000000000e+00 1.364371109008789062e+01 1.676846557617187500e+03 3.803159179687500000e+02 0.000000000000000000e+00 1.364371109008789062e+01 1.676846557617187500e+03 3.803159179687500000e+02
3.000000000000000000e+03 0.000000000000000000e+00 1.363482856750488281e+01 1.676865600585937500e+03 3.803056335449218750e+02 0.000000000000000000e+00 1.363482856750488281e+01 1.676865600585937500e+03 3.803056335449218750e+02
4.000000000000000000e+03 0.000000000000000000e+00 1.375220489501953125e+01 1.676672973632812500e+03 3.804416809082031250e+02 0.000000000000000000e+00 1.375220489501953125e+01 1.676672973632812500e+03 3.804416809082031250e+02
5.000000000000000000e+03 0.000000000000000000e+00 1.222247219085693359e+01 1.691851196289062500e+03 3.786775207519531250e+02 0.000000000000000000e+00 1.222247219085693359e+01 1.691851196289062500e+03 3.786775207519531250e+02
6.000000000000000000e+03 0.000000000000000000e+00 1.268965530395507812e+01 1.683928588867187500e+03 3.792140502929687500e+02 0.000000000000000000e+00 1.268965530395507812e+01 1.683928588867187500e+03 3.792140502929687500e+02
7.000000000000000000e+03 0.000000000000000000e+00 9.468857765197753906e+00 1.907752197265625000e+03 3.756332702636718750e+02 0.000000000000000000e+00 9.468857765197753906e+00 1.907752197265625000e+03 3.756332702636718750e+02
8.000000000000000000e+03 0.000000000000000000e+00 1.363360881805419922e+01 1.676868652343750000e+03 3.803042297363281250e+02 0.000000000000000000e+00 1.363360881805419922e+01 1.676868652343750000e+03 3.803042297363281250e+02
9.000000000000000000e+03 0.000000000000000000e+00 1.364041996002197266e+01 1.676853393554687500e+03 3.803121337890625000e+02 0.000000000000000000e+00 1.364041996002197266e+01 1.676853393554687500e+03 3.803121337890625000e+02
1.000000000000000000e+04 0.000000000000000000e+00 1.364041042327880859e+01 1.676853515625000000e+03 3.803121337890625000e+02 0.000000000000000000e+00 1.364041042327880859e+01 1.676853515625000000e+03 3.803121337890625000e+02
1.100000000000000000e+04 0.000000000000000000e+00 1.364592647552490234e+01 1.676841674804687500e+03 3.803185119628906250e+02 0.000000000000000000e+00 1.364592647552490234e+01 1.676841674804687500e+03 3.803185119628906250e+02
1.200000000000000000e+04 0.000000000000000000e+00 1.364042282104492188e+01 1.676853393554687500e+03 3.803121337890625000e+02 0.000000000000000000e+00 1.364042282104492188e+01 1.676853393554687500e+03 3.803121337890625000e+02
1.300000000000000000e+04 0.000000000000000000e+00 1.390986728668212891e+01 1.676620361328125000e+03 3.806245727539062500e+02 0.000000000000000000e+00 1.390986728668212891e+01 1.676620361328125000e+03 3.806245727539062500e+02
1.400000000000000000e+04 0.000000000000000000e+00 1.765584754943847656e+01 1.724465087890625000e+03 3.850036621093750000e+02 0.000000000000000000e+00 1.765584754943847656e+01 1.724465087890625000e+03 3.850036621093750000e+02
1.500000000000000000e+04 0.000000000000000000e+00 8.438000488281250000e+01 1.171809179687500000e+04 4.693662414550781250e+02 0.000000000000000000e+00 8.438000488281250000e+01 1.171809179687500000e+04 4.693662414550781250e+02
1.600000000000000000e+04 0.000000000000000000e+00 3.509660339355468750e+01 2.410915039062500000e+03 4.057148437500000000e+02 0.000000000000000000e+00 3.509660339355468750e+01 2.410915039062500000e+03 4.057148437500000000e+02
1.700000000000000000e+04 0.000000000000000000e+00 1.364061641693115234e+01 1.676853149414062500e+03 3.803123474121093750e+02 0.000000000000000000e+00 1.364061641693115234e+01 1.676853149414062500e+03 3.803123474121093750e+02
1.800000000000000000e+04 0.000000000000000000e+00 1.363697624206542969e+01 1.676860961914062500e+03 3.803081359863281250e+02 0.000000000000000000e+00 1.363697624206542969e+01 1.676860961914062500e+03 3.803081359863281250e+02
1.900000000000000000e+04 0.000000000000000000e+00 2.025036468505859375e+02 2.376529101562500000e+04 6.147877807617187500e+02 0.000000000000000000e+00 2.025036468505859375e+02 2.376529101562500000e+04 6.147877807617187500e+02
2.000000000000000000e+04 0.000000000000000000e+00 2.285982818603515625e+02 1.538009765625000000e+04 6.392262573242187500e+02 0.000000000000000000e+00 2.285982818603515625e+02 1.538009765625000000e+04 6.392262573242187500e+02
