# step, loss_train, loss_test, metrics_test
0.000000000000000000e+00 2.671735572814941406e+01 3.258385086059570312e+01 5.543103515625000000e+03 1.410289611816406250e+02 2.671735572814941406e+01 3.258385086059570312e+01 5.543103515625000000e+03 1.410289611816406250e+02
1.000000000000000000e+03 1.987548828125000000e+02 2.115158081054687500e+01 3.578693359375000000e+03 1.363370513916015625e+02 1.987548828125000000e+02 2.115158081054687500e+01 3.578693359375000000e+03 1.363370513916015625e+02
2.000000000000000000e+03 4.516578369140625000e+02 1.576192569732666016e+01 1.256331909179687500e+03 1.324588165283203125e+02 4.516578369140625000e+02 1.576192569732666016e+01 1.256331909179687500e+03 1.324588165283203125e+02
3.000000000000000000e+03 2.073157958984375000e+02 1.712219429016113281e+01 9.776001586914062500e+02 1.341631011962890625e+02 2.073157958984375000e+02 1.712219429016113281e+01 9.776001586914062500e+02 1.341631011962890625e+02
4.000000000000000000e+03 1.131862716674804688e+02 1.880145645141601562e+01 8.690730590820312500e+02 1.345392761230468750e+02 1.131862716674804688e+02 1.880145645141601562e+01 8.690730590820312500e+02 1.345392761230468750e+02
5.000000000000000000e+03 9.352660369873046875e+01 2.135177993774414062e+01 7.331300048828125000e+02 1.342678070068359375e+02 9.352660369873046875e+01 2.135177993774414062e+01 7.331300048828125000e+02 1.342678070068359375e+02
6.000000000000000000e+03 9.254113006591796875e+01 2.567797088623046875e+01 5.318804321289062500e+02 1.330138854980468750e+02 9.254113006591796875e+01 2.567797088623046875e+01 5.318804321289062500e+02 1.330138854980468750e+02
7.000000000000000000e+03 9.946099853515625000e+01 3.253230285644531250e+01 2.293553009033203125e+02 1.303550720214843750e+02 9.946099853515625000e+01 3.253230285644531250e+01 2.293553009033203125e+02 1.303550720214843750e+02
8.000000000000000000e+03 7.862733459472656250e+01 3.905313873291015625e+01 6.716713714599609375e+01 1.283908691406250000e+02 7.862733459472656250e+01 3.905313873291015625e+01 6.716713714599609375e+01 1.283908691406250000e+02
9.000000000000000000e+03 5.448526382446289062e+01 4.227427673339843750e+01 2.639352416992187500e+01 1.279200744628906250e+02 5.448526382446289062e+01 4.227427673339843750e+01 2.639352416992187500e+01 1.279200744628906250e+02
1.000000000000000000e+04 4.986159133911132812e+01 4.412285614013671875e+01 2.524141120910644531e+01 1.276379089355468750e+02 4.986159133911132812e+01 4.412285614013671875e+01 2.524141120910644531e+01 1.276379089355468750e+02
1.100000000000000000e+04 3.427105331420898438e+01 4.426932525634765625e+01 1.291039276123046875e+01 1.273485794067382812e+02 3.427105331420898438e+01 4.426932525634765625e+01 1.291039276123046875e+01 1.273485794067382812e+02
1.200000000000000000e+04 2.050339698791503906e+01 4.347045516967773438e+01 6.911400318145751953e+00 1.273074340820312500e+02 2.050339698791503906e+01 4.347045516967773438e+01 6.911400318145751953e+00 1.273074340820312500e+02
1.300000000000000000e+04 1.381013965606689453e+01 4.197986602783203125e+01 7.984466075897216797e+00 1.272480316162109375e+02 1.381013965606689453e+01 4.197986602783203125e+01 7.984466075897216797e+00 1.272480316162109375e+02
1.400000000000000000e+04 1.072970962524414062e+01 4.000167083740234375e+01 2.695208549499511719e+00 1.271566390991210938e+02 1.072970962524414062e+01 4.000167083740234375e+01 2.695208549499511719e+00 1.271566390991210938e+02
1.500000000000000000e+04 7.786764621734619141e+00 3.665291213989257812e+01 1.629281520843505859e+00 1.272523498535156250e+02 7.786764621734619141e+00 3.665291213989257812e+01 1.629281520843505859e+00 1.272523498535156250e+02
1.600000000000000000e+04 5.976308345794677734e+00 3.372364425659179688e+01 1.453768372535705566e+00 1.272051773071289062e+02 5.976308345794677734e+00 3.372364425659179688e+01 1.453768372535705566e+00 1.272051773071289062e+02
1.700000000000000000e+04 4.383672714233398438e+00 3.018062973022460938e+01 1.665728926658630371e+00 1.271491165161132812e+02 4.383672714233398438e+00 3.018062973022460938e+01 1.665728926658630371e+00 1.271491165161132812e+02
1.800000000000000000e+04 3.608246088027954102e+00 2.627675437927246094e+01 1.414693832397460938e+00 1.272375640869140625e+02 3.608246088027954102e+00 2.627675437927246094e+01 1.414693832397460938e+00 1.272375640869140625e+02
1.900000000000000000e+04 2.585713386535644531e+00 2.175331497192382812e+01 3.568637609481811523e+00 1.274037094116210938e+02 2.585713386535644531e+00 2.175331497192382812e+01 3.568637609481811523e+00 1.274037094116210938e+02
2.000000000000000000e+04 1.732643008232116699e+00 1.703019905090332031e+01 2.863561809062957764e-01 1.274400100708007812e+02 1.732643008232116699e+00 1.703019905090332031e+01 2.863561809062957764e-01 1.274400100708007812e+02
