# step, loss_train, loss_test, metrics_test
0.000000000000000000e+00 4.613872656250000000e+04 9.184044647216796875e+01 4.877078125000000000e+03 2.881478271484375000e+02 4.613872656250000000e+04 9.184044647216796875e+01 4.877078125000000000e+03 2.881478271484375000e+02
1.000000000000000000e+03 1.657191276550292969e+01 4.937326908111572266e+00 3.231697320938110352e+00 2.488318328857421875e+02 1.657191276550292969e+01 4.937326908111572266e+00 3.231697320938110352e+00 2.488318328857421875e+02
2.000000000000000000e+03 7.771096706390380859e+00 3.953577280044555664e+00 3.310894668102264404e-01 2.252487792968750000e+02 7.771096706390380859e+00 3.953577280044555664e+00 3.310894668102264404e-01 2.252487792968750000e+02
3.000000000000000000e+03 6.606019496917724609e+00 3.479369401931762695e+00 3.056395649909973145e-01 2.029492492675781250e+02 6.606019496917724609e+00 3.479369401931762695e+00 3.056395649909973145e-01 2.029492492675781250e+02
4.000000000000000000e+03 8.523416137695312500e+01 5.062943935394287109e+00 1.852756118774414062e+01 2.168752593994140625e+02 8.523416137695312500e+01 5.062943935394287109e+00 1.852756118774414062e+01 2.168752593994140625e+02
5.000000000000000000e+03 4.258997207040000000e+11 1.156711673736572266e+01 1.188532714843750000e+03 2.718841552734375000e+02 4.258997207040000000e+11 1.156711673736572266e+01 1.188532714843750000e+03 2.718841552734375000e+02
6.000000000000000000e+03 3.196767027200000000e+10 1.456984138488769531e+01 7.566034545898437500e+02 2.736989135742187500e+02 3.196767027200000000e+10 1.456984138488769531e+01 7.566034545898437500e+02 2.736989135742187500e+02
7.000000000000000000e+03 1.396786278400000000e+10 1.463321208953857422e+01 7.501003417968750000e+02 2.737473449707031250e+02 1.396786278400000000e+10 1.463321208953857422e+01 7.501003417968750000e+02 2.737473449707031250e+02
8.000000000000000000e+03 4.775124842577920000e+14 5.069285202026367188e+01 9.553686250000000000e+05 3.016560974121093750e+02 4.775124842577920000e+14 5.069285202026367188e+01 9.553686250000000000e+05 3.016560974121093750e+02
9.000000000000000000e+03 2.388606006067200000e+13 1.478350982666015625e+02 2.858241875000000000e+05 3.783961181640625000e+02 2.388606006067200000e+13 1.478350982666015625e+02 2.858241875000000000e+05 3.783961181640625000e+02
1.000000000000000000e+04 2.772667727872000000e+13 4.304801559448242188e+01 1.552526250000000000e+05 2.957403564453125000e+02 2.772667727872000000e+13 4.304801559448242188e+01 1.552526250000000000e+05 2.957403564453125000e+02
1.100000000000000000e+04 8.476115861504000000e+12 3.195407676696777344e+01 4.299532031250000000e+04 2.870973205566406250e+02 8.476115861504000000e+12 3.195407676696777344e+01 4.299532031250000000e+04 2.870973205566406250e+02
1.200000000000000000e+04 2.823243956224000000e+12 3.195468330383300781e+01 4.046572998046875000e+03 2.871362915039062500e+02 2.823243956224000000e+12 3.195468330383300781e+01 4.046572998046875000e+03 2.871362915039062500e+02
1.300000000000000000e+04 1.756080242688000000e+12 1.635484313964843750e+01 3.469061035156250000e+03 2.750608825683593750e+02 1.756080242688000000e+12 1.635484313964843750e+01 3.469061035156250000e+03 2.750608825683593750e+02
1.400000000000000000e+04 2.135597383680000000e+12 1.748812866210937500e+01 2.044826416015625000e+03 2.759146728515625000e+02 2.135597383680000000e+12 1.748812866210937500e+01 2.044826416015625000e+03 2.759146728515625000e+02
1.500000000000000000e+04 1.386556030976000000e+12 1.768132019042968750e+01 1.928531494140625000e+03 2.760751037597656250e+02 1.386556030976000000e+12 1.768132019042968750e+01 1.928531494140625000e+03 2.760751037597656250e+02
1.600000000000000000e+04 5.200200990720000000e+11 1.387820243835449219e+01 1.349443237304687500e+03 2.731760559082031250e+02 5.200200990720000000e+11 1.387820243835449219e+01 1.349443237304687500e+03 2.731760559082031250e+02
1.700000000000000000e+04 5.999533670400000000e+10 1.321548080444335938e+01 9.484898071289062500e+02 2.726764526367187500e+02 5.999533670400000000e+10 1.321548080444335938e+01 9.484898071289062500e+02 2.726764526367187500e+02
1.800000000000000000e+04 2.246282854400000000e+10 1.407845592498779297e+01 8.411588745117187500e+02 2.733268432617187500e+02 2.246282854400000000e+10 1.407845592498779297e+01 8.411588745117187500e+02 2.733268432617187500e+02
1.900000000000000000e+04 1.239591116800000000e+10 1.450282287597656250e+01 7.334421386718750000e+02 2.736479797363281250e+02 1.239591116800000000e+10 1.450282287597656250e+01 7.334421386718750000e+02 2.736479797363281250e+02
2.000000000000000000e+04 2.742771456000000000e+09 1.458062267303466797e+01 7.521994018554687500e+02 2.737074890136718750e+02 2.742771456000000000e+09 1.458062267303466797e+01 7.521994018554687500e+02 2.737074890136718750e+02
