# step, loss_train, loss_test, metrics_test
0.000000000000000000e+00 0.000000000000000000e+00 3.927516174316406250e+01 8.941142578125000000e+03 3.416933288574218750e+02 0.000000000000000000e+00 3.927516174316406250e+01 8.941142578125000000e+03 3.416933288574218750e+02
1.000000000000000000e+03 0.000000000000000000e+00 1.457396984100341797e+01 3.560705423355102539e+00 2.188396759033203125e+02 0.000000000000000000e+00 1.457396984100341797e+01 3.560705423355102539e+00 2.188396759033203125e+02
2.000000000000000000e+03 0.000000000000000000e+00 3.948536157608032227e+00 2.451298713684082031e+01 6.429172515869140625e+01 0.000000000000000000e+00 3.948536157608032227e+00 2.451298713684082031e+01 6.429172515869140625e+01
3.000000000000000000e+03 0.000000000000000000e+00 4.355907738208770752e-01 4.555909708142280579e-02 3.007367324829101562e+01 0.000000000000000000e+00 4.355907738208770752e-01 4.555909708142280579e-02 3.007367324829101562e+01
4.000000000000000000e+03 0.000000000000000000e+00 2.182532846927642822e-01 1.349467877298593521e-02 2.044847679138183594e+01 0.000000000000000000e+00 2.182532846927642822e-01 1.349467877298593521e-02 2.044847679138183594e+01
5.000000000000000000e+03 0.000000000000000000e+00 1.333724558353424072e-01 5.243143532425165176e-03 1.640667915344238281e+01 0.000000000000000000e+00 1.333724558353424072e-01 5.243143532425165176e-03 1.640667915344238281e+01
6.000000000000000000e+03 0.000000000000000000e+00 9.301513433456420898e-02 3.469175891950726509e-03 1.406794643402099609e+01 0.000000000000000000e+00 9.301513433456420898e-02 3.469175891950726509e-03 1.406794643402099609e+01
7.000000000000000000e+03 0.000000000000000000e+00 6.635787338018417358e-02 3.553862683475017548e-03 1.249651908874511719e+01 0.000000000000000000e+00 6.635787338018417358e-02 3.553862683475017548e-03 1.249651908874511719e+01
8.000000000000000000e+03 0.000000000000000000e+00 4.870920255780220032e-02 8.586518466472625732e-03 1.129701042175292969e+01 0.000000000000000000e+00 4.870920255780220032e-02 8.586518466472625732e-03 1.129701042175292969e+01
9.000000000000000000e+03 0.000000000000000000e+00 2.908918447792530060e-02 3.038426395505666733e-03 1.016013145446777344e+01 0.000000000000000000e+00 2.908918447792530060e-02 3.038426395505666733e-03 1.016013145446777344e+01
1.000000000000000000e+04 0.000000000000000000e+00 1.333329174667596817e-02 7.973518967628479004e-01 9.349166870117187500e+00 0.000000000000000000e+00 1.333329174667596817e-02 7.973518967628479004e-01 9.349166870117187500e+00
1.100000000000000000e+04 0.000000000000000000e+00 2.222769334912300110e-02 4.595059752464294434e-01 8.646893501281738281e+00 0.000000000000000000e+00 2.222769334912300110e-02 4.595059752464294434e-01 8.646893501281738281e+00
1.200000000000000000e+04 0.000000000000000000e+00 9.074900299310684204e-03 1.579674147069454193e-02 7.801688671112060547e+00 0.000000000000000000e+00 9.074900299310684204e-03 1.579674147069454193e-02 7.801688671112060547e+00
1.300000000000000000e+04 0.000000000000000000e+00 8.773246780037879944e-03 1.150874421000480652e-03 7.164390563964843750e+00 0.000000000000000000e+00 8.773246780037879944e-03 1.150874421000480652e-03 7.164390563964843750e+00
1.400000000000000000e+04 0.000000000000000000e+00 7.745525799691677094e-03 8.210720261558890343e-04 6.576014518737792969e+00 0.000000000000000000e+00 7.745525799691677094e-03 8.210720261558890343e-04 6.576014518737792969e+00
1.500000000000000000e+04 0.000000000000000000e+00 1.235823705792427063e-02 5.161216855049133301e-01 6.079477310180664062e+00 0.000000000000000000e+00 1.235823705792427063e-02 5.161216855049133301e-01 6.079477310180664062e+00
1.600000000000000000e+04 0.000000000000000000e+00 1.629995740950107574e-02 4.989752173423767090e-01 5.618396759033203125e+00 0.000000000000000000e+00 1.629995740950107574e-02 4.989752173423767090e-01 5.618396759033203125e+00
1.700000000000000000e+04 0.000000000000000000e+00 4.841868579387664795e-02 4.383708953857421875e+00 5.114750385284423828e+00 0.000000000000000000e+00 4.841868579387664795e-02 4.383708953857421875e+00 5.114750385284423828e+00
1.800000000000000000e+04 0.000000000000000000e+00 1.366920582950115204e-02 3.612744912970811129e-04 4.731389999389648438e+00 0.000000000000000000e+00 1.366920582950115204e-02 3.612744912970811129e-04 4.731389999389648438e+00
1.900000000000000000e+04 0.000000000000000000e+00 1.926586031913757324e-02 5.069043836556375027e-04 4.412280082702636719e+00 0.000000000000000000e+00 1.926586031913757324e-02 5.069043836556375027e-04 4.412280082702636719e+00
2.000000000000000000e+04 0.000000000000000000e+00 2.049357071518898010e-02 4.107041459064930677e-04 4.117836475372314453e+00 0.000000000000000000e+00 2.049357071518898010e-02 4.107041459064930677e-04 4.117836475372314453e+00
