# step, loss_train, loss_test, metrics_test
0.000000000000000000e+00 0.000000000000000000e+00 2.352360725402832031e+01 4.044274169921875000e+03 4.867208003997802734e+00 0.000000000000000000e+00 2.352360725402832031e+01 4.044274169921875000e+03 4.867208003997802734e+00
1.000000000000000000e+03 0.000000000000000000e+00 1.477895927429199219e+01 1.513471801757812500e+03 4.725781440734863281e+00 0.000000000000000000e+00 1.477895927429199219e+01 1.513471801757812500e+03 4.725781440734863281e+00
2.000000000000000000e+03 0.000000000000000000e+00 1.477895927429199219e+01 1.513471801757812500e+03 4.725781440734863281e+00 0.000000000000000000e+00 1.477895927429199219e+01 1.513471801757812500e+03 4.725781440734863281e+00
3.000000000000000000e+03 0.000000000000000000e+00 1.477895927429199219e+01 1.513471557617187500e+03 4.725781440734863281e+00 0.000000000000000000e+00 1.477895927429199219e+01 1.513471557617187500e+03 4.725781440734863281e+00
4.000000000000000000e+03 0.000000000000000000e+00 1.477897071838378906e+01 1.513471801757812500e+03 4.725781917572021484e+00 0.000000000000000000e+00 1.477897071838378906e+01 1.513471801757812500e+03 4.725781917572021484e+00
5.000000000000000000e+03 0.000000000000000000e+00 1.478831291198730469e+01 1.513462402343750000e+03 4.725907325744628906e+00 0.000000000000000000e+00 1.478831291198730469e+01 1.513462402343750000e+03 4.725907325744628906e+00
6.000000000000000000e+03 0.000000000000000000e+00 1.478692340850830078e+01 1.513463745117187500e+03 4.725888252258300781e+00 0.000000000000000000e+00 1.478692340850830078e+01 1.513463745117187500e+03 4.725888252258300781e+00
7.000000000000000000e+03 0.000000000000000000e+00 1.492791175842285156e+01 1.513402343750000000e+03 4.727777004241943359e+00 0.000000000000000000e+00 1.492791175842285156e+01 1.513402343750000000e+03 4.727777004241943359e+00
8.000000000000000000e+03 0.000000000000000000e+00 1.597440433502197266e+01 1.517025390625000000e+03 4.741830348968505859e+00 0.000000000000000000e+00 1.597440433502197266e+01 1.517025390625000000e+03 4.741830348968505859e+00
9.000000000000000000e+03 0.000000000000000000e+00 1.477926063537597656e+01 1.513471313476562500e+03 4.725785732269287109e+00 0.000000000000000000e+00 1.477926063537597656e+01 1.513471313476562500e+03 4.725785732269287109e+00
1.000000000000000000e+04 0.000000000000000000e+00 1.484396457672119141e+01 1.513421508789062500e+03 4.726652145385742188e+00 0.000000000000000000e+00 1.484396457672119141e+01 1.513421508789062500e+03 4.726652145385742188e+00
1.100000000000000000e+04 0.000000000000000000e+00 1.478086090087890625e+01 1.513469726562500000e+03 4.725807189941406250e+00 0.000000000000000000e+00 1.478086090087890625e+01 1.513469726562500000e+03 4.725807189941406250e+00
1.200000000000000000e+04 0.000000000000000000e+00 1.478632926940917969e+01 1.513464355468750000e+03 4.725880622863769531e+00 0.000000000000000000e+00 1.478632926940917969e+01 1.513464355468750000e+03 4.725880622863769531e+00
1.300000000000000000e+04 0.000000000000000000e+00 1.467136287689208984e+01 1.513624267578125000e+03 4.724341869354248047e+00 0.000000000000000000e+00 1.467136287689208984e+01 1.513624267578125000e+03 4.724341869354248047e+00
1.400000000000000000e+04 0.000000000000000000e+00 1.470263481140136719e+01 1.513570678710937500e+03 4.724760055541992188e+00 0.000000000000000000e+00 1.470263481140136719e+01 1.513570678710937500e+03 4.724760055541992188e+00
1.500000000000000000e+04 0.000000000000000000e+00 1.548202705383300781e+01 1.514481811523437500e+03 4.735209941864013672e+00 0.000000000000000000e+00 1.548202705383300781e+01 1.514481811523437500e+03 4.735209941864013672e+00
1.600000000000000000e+04 0.000000000000000000e+00 1.479127693176269531e+01 1.513459838867187500e+03 4.725946903228759766e+00 0.000000000000000000e+00 1.479127693176269531e+01 1.513459838867187500e+03 4.725946903228759766e+00
1.700000000000000000e+04 0.000000000000000000e+00 1.472369003295898438e+01 1.513538940429687500e+03 4.725041866302490234e+00 0.000000000000000000e+00 1.472369003295898438e+01 1.513538940429687500e+03 4.725041866302490234e+00
1.800000000000000000e+04 0.000000000000000000e+00 1.473338699340820312e+01 1.513525512695312500e+03 4.725171566009521484e+00 0.000000000000000000e+00 1.473338699340820312e+01 1.513525512695312500e+03 4.725171566009521484e+00
1.900000000000000000e+04 0.000000000000000000e+00 1.450717353820800781e+01 1.514030639648437500e+03 4.722146034240722656e+00 0.000000000000000000e+00 1.450717353820800781e+01 1.514030639648437500e+03 4.722146034240722656e+00
2.000000000000000000e+04 0.000000000000000000e+00 1.477893447875976562e+01 1.513471557617187500e+03 4.725781440734863281e+00 0.000000000000000000e+00 1.477893447875976562e+01 1.513471557617187500e+03 4.725781440734863281e+00
