# step, loss_train, loss_test, metrics_test
0.000000000000000000e+00 0.000000000000000000e+00 3.832642745971679688e+01 7.167886230468750000e+03 0.000000000000000000e+00 0.000000000000000000e+00 3.832642745971679688e+01 7.167886230468750000e+03 0.000000000000000000e+00
1.000000000000000000e+03 0.000000000000000000e+00 3.850338363647460938e+01 4.696163024902343750e+02 0.000000000000000000e+00 0.000000000000000000e+00 3.850338363647460938e+01 4.696163024902343750e+02 0.000000000000000000e+00
2.000000000000000000e+03 0.000000000000000000e+00 3.566403579711914062e+01 1.556146526336669922e+01 0.000000000000000000e+00 0.000000000000000000e+00 3.566403579711914062e+01 1.556146526336669922e+01 0.000000000000000000e+00
3.000000000000000000e+03 0.000000000000000000e+00 1.322306632995605469e+01 4.410079002380371094e+00 0.000000000000000000e+00 0.000000000000000000e+00 1.322306632995605469e+01 4.410079002380371094e+00 0.000000000000000000e+00
4.000000000000000000e+03 0.000000000000000000e+00 5.468367099761962891e+00 5.050574541091918945e-01 0.000000000000000000e+00 0.000000000000000000e+00 5.468367099761962891e+00 5.050574541091918945e-01 0.000000000000000000e+00
5.000000000000000000e+03 0.000000000000000000e+00 2.961235284805297852e+00 1.713473796844482422e-01 0.000000000000000000e+00 0.000000000000000000e+00 2.961235284805297852e+00 1.713473796844482422e-01 0.000000000000000000e+00
6.000000000000000000e+03 0.000000000000000000e+00 1.004429936408996582e+00 9.709583967924118042e-02 0.000000000000000000e+00 0.000000000000000000e+00 1.004429936408996582e+00 9.709583967924118042e-02 0.000000000000000000e+00
7.000000000000000000e+03 0.000000000000000000e+00 2.938910126686096191e-01 5.184889584779739380e-02 0.000000000000000000e+00 0.000000000000000000e+00 2.938910126686096191e-01 5.184889584779739380e-02 0.000000000000000000e+00
8.000000000000000000e+03 0.000000000000000000e+00 6.957148015499114990e-02 1.440521795302629471e-02 0.000000000000000000e+00 0.000000000000000000e+00 6.957148015499114990e-02 1.440521795302629471e-02 0.000000000000000000e+00
9.000000000000000000e+03 0.000000000000000000e+00 1.308554597198963165e-02 3.249607281759381294e-03 0.000000000000000000e+00 0.000000000000000000e+00 1.308554597198963165e-02 3.249607281759381294e-03 0.000000000000000000e+00
1.000000000000000000e+04 0.000000000000000000e+00 2.306620357558131218e-03 7.970402948558330536e-04 0.000000000000000000e+00 0.000000000000000000e+00 2.306620357558131218e-03 7.970402948558330536e-04 0.000000000000000000e+00
1.100000000000000000e+04 0.000000000000000000e+00 6.109109963290393353e-04 2.014328353106975555e-02 0.000000000000000000e+00 0.000000000000000000e+00 6.109109963290393353e-04 2.014328353106975555e-02 0.000000000000000000e+00
1.200000000000000000e+04 0.000000000000000000e+00 9.610251872800290585e-04 1.382972449064254761e-01 0.000000000000000000e+00 0.000000000000000000e+00 9.610251872800290585e-04 1.382972449064254761e-01 0.000000000000000000e+00
1.300000000000000000e+04 0.000000000000000000e+00 2.396504423813894391e-04 2.974393218755722046e-02 0.000000000000000000e+00 0.000000000000000000e+00 2.396504423813894391e-04 2.974393218755722046e-02 0.000000000000000000e+00
1.400000000000000000e+04 0.000000000000000000e+00 2.141885488526895642e-05 1.085218173102475703e-06 0.000000000000000000e+00 0.000000000000000000e+00 2.141885488526895642e-05 1.085218173102475703e-06 0.000000000000000000e+00
1.500000000000000000e+04 0.000000000000000000e+00 1.051455092238029465e-05 8.565439202357083559e-07 0.000000000000000000e+00 0.000000000000000000e+00 1.051455092238029465e-05 8.565439202357083559e-07 0.000000000000000000e+00
1.600000000000000000e+04 0.000000000000000000e+00 2.699084870982915163e-05 2.700386336073279381e-03 0.000000000000000000e+00 0.000000000000000000e+00 2.699084870982915163e-05 2.700386336073279381e-03 0.000000000000000000e+00
1.700000000000000000e+04 0.000000000000000000e+00 2.518724841138464399e-06 9.917183888319414109e-06 0.000000000000000000e+00 0.000000000000000000e+00 2.518724841138464399e-06 9.917183888319414109e-06 0.000000000000000000e+00
1.800000000000000000e+04 0.000000000000000000e+00 1.489078726990555879e-06 1.966042191270389594e-06 0.000000000000000000e+00 0.000000000000000000e+00 1.489078726990555879e-06 1.966042191270389594e-06 0.000000000000000000e+00
1.900000000000000000e+04 0.000000000000000000e+00 1.070800522029458079e-06 2.164565984230648610e-07 0.000000000000000000e+00 0.000000000000000000e+00 1.070800522029458079e-06 2.164565984230648610e-07 0.000000000000000000e+00
2.000000000000000000e+04 0.000000000000000000e+00 1.879766500678670127e-06 6.433911039493978024e-07 0.000000000000000000e+00 0.000000000000000000e+00 1.879766500678670127e-06 6.433911039493978024e-07 0.000000000000000000e+00
