# step, loss_train, loss_test, metrics_test
0.000000000000000000e+00 0.000000000000000000e+00 1.270374298095703125e+02 2.423038867187500000e+04 2.989100952148437500e+02 0.000000000000000000e+00 1.270374298095703125e+02 2.423038867187500000e+04 2.989100952148437500e+02
1.000000000000000000e+03 0.000000000000000000e+00 1.031972026824951172e+01 4.964924812316894531e+00 1.611782226562500000e+02 0.000000000000000000e+00 1.031972026824951172e+01 4.964924812316894531e+00 1.611782226562500000e+02
2.000000000000000000e+03 0.000000000000000000e+00 8.469725251197814941e-01 2.617057800292968750e+00 5.193622589111328125e+00 0.000000000000000000e+00 8.469725251197814941e-01 2.617057800292968750e+00 5.193622589111328125e+00
3.000000000000000000e+03 0.000000000000000000e+00 1.437173652648925781e+01 1.380052001953125000e+03 2.173262176513671875e+02 0.000000000000000000e+00 1.437173652648925781e+01 1.380052001953125000e+03 2.173262176513671875e+02
4.000000000000000000e+03 0.000000000000000000e+00 1.437173652648925781e+01 1.380052001953125000e+03 2.173262176513671875e+02 0.000000000000000000e+00 1.437173652648925781e+01 1.380052001953125000e+03 2.173262176513671875e+02
5.000000000000000000e+03 0.000000000000000000e+00 1.437173652648925781e+01 1.380052001953125000e+03 2.173262176513671875e+02 0.000000000000000000e+00 1.437173652648925781e+01 1.380052001953125000e+03 2.173262176513671875e+02
6.000000000000000000e+03 0.000000000000000000e+00 1.437173652648925781e+01 1.380052001953125000e+03 2.173262176513671875e+02 0.000000000000000000e+00 1.437173652648925781e+01 1.380052001953125000e+03 2.173262176513671875e+02
7.000000000000000000e+03 0.000000000000000000e+00 1.437173652648925781e+01 1.380052001953125000e+03 2.173262176513671875e+02 0.000000000000000000e+00 1.437173652648925781e+01 1.380052001953125000e+03 2.173262176513671875e+02
8.000000000000000000e+03 0.000000000000000000e+00 1.437169933319091797e+01 1.380052124023437500e+03 2.173262023925781250e+02 0.000000000000000000e+00 1.437169933319091797e+01 1.380052124023437500e+03 2.173262023925781250e+02
9.000000000000000000e+03 0.000000000000000000e+00 1.437219810485839844e+01 1.380051269531250000e+03 2.173265075683593750e+02 0.000000000000000000e+00 1.437219810485839844e+01 1.380051269531250000e+03 2.173265075683593750e+02
1.000000000000000000e+04 0.000000000000000000e+00 1.436738777160644531e+01 1.380059204101562500e+03 2.173234710693359375e+02 0.000000000000000000e+00 1.436738777160644531e+01 1.380059204101562500e+03 2.173234710693359375e+02
1.100000000000000000e+04 0.000000000000000000e+00 1.445438861846923828e+01 1.379942138671875000e+03 2.173782043457031250e+02 0.000000000000000000e+00 1.445438861846923828e+01 1.379942138671875000e+03 2.173782043457031250e+02
1.200000000000000000e+04 0.000000000000000000e+00 1.446856117248535156e+01 1.379928100585937500e+03 2.173871154785156250e+02 0.000000000000000000e+00 1.446856117248535156e+01 1.379928100585937500e+03 2.173871154785156250e+02
1.300000000000000000e+04 0.000000000000000000e+00 1.437368297576904297e+01 1.380048828125000000e+03 2.173274536132812500e+02 0.000000000000000000e+00 1.437368297576904297e+01 1.380048828125000000e+03 2.173274536132812500e+02
1.400000000000000000e+04 0.000000000000000000e+00 1.383818149566650391e+01 1.382026855468750000e+03 2.169912719726562500e+02 0.000000000000000000e+00 1.383818149566650391e+01 1.382026855468750000e+03 2.169912719726562500e+02
1.500000000000000000e+04 0.000000000000000000e+00 1.435265922546386719e+01 1.380084472656250000e+03 2.173142395019531250e+02 0.000000000000000000e+00 1.435265922546386719e+01 1.380084472656250000e+03 2.173142395019531250e+02
1.600000000000000000e+04 0.000000000000000000e+00 1.437095832824707031e+01 1.380053222656250000e+03 2.173257293701171875e+02 0.000000000000000000e+00 1.437095832824707031e+01 1.380053222656250000e+03 2.173257293701171875e+02
1.700000000000000000e+04 0.000000000000000000e+00 1.680780220031738281e+01 1.393505737304687500e+03 2.188663330078125000e+02 0.000000000000000000e+00 1.680780220031738281e+01 1.393505737304687500e+03 2.188663330078125000e+02
1.800000000000000000e+04 0.000000000000000000e+00 1.437365341186523438e+01 1.380048828125000000e+03 2.173274230957031250e+02 0.000000000000000000e+00 1.437365341186523438e+01 1.380048828125000000e+03 2.173274230957031250e+02
1.900000000000000000e+04 0.000000000000000000e+00 1.437176132202148438e+01 1.380052001953125000e+03 2.173262176513671875e+02 0.000000000000000000e+00 1.437176132202148438e+01 1.380052001953125000e+03 2.173262176513671875e+02
2.000000000000000000e+04 0.000000000000000000e+00 1.199327659606933594e+01 1.412532104492187500e+03 2.158445587158203125e+02 0.000000000000000000e+00 1.199327659606933594e+01 1.412532104492187500e+03 2.158445587158203125e+02
