# step, loss_train, loss_test, metrics_test
0.000000000000000000e+00 8.703291015625000000e+03 1.448401641845703125e+02 7.412628906250000000e+03 1.972930908203125000e+02 8.703291015625000000e+03 1.448401641845703125e+02 7.412628906250000000e+03 1.972930908203125000e+02
1.000000000000000000e+03 3.436455249786376953e+00 2.921331644058227539e+00 5.375898629426956177e-02 1.237143707275390625e+02 3.436455249786376953e+00 2.921331644058227539e+00 5.375898629426956177e-02 1.237143707275390625e+02
2.000000000000000000e+03 5.091325759887695312e+00 2.000663995742797852e+00 6.775397062301635742e-01 9.840951538085937500e+01 5.091325759887695312e+00 2.000663995742797852e+00 6.775397062301635742e-01 9.840951538085937500e+01
3.000000000000000000e+03 1.195758533477783203e+01 1.777558445930480957e+00 3.097905635833740234e+00 8.977223968505859375e+01 1.195758533477783203e+01 1.777558445930480957e+00 3.097905635833740234e+00 8.977223968505859375e+01
4.000000000000000000e+03 4.844657135009765625e+01 1.530401134490966797e+01 2.210711914062500000e+03 1.394123687744140625e+02 4.844657135009765625e+01 1.530401134490966797e+01 2.210711914062500000e+03 1.394123687744140625e+02
5.000000000000000000e+03 1.968869566917419434e-02 1.530414581298828125e+01 2.210809326171875000e+03 1.394123992919921875e+02 1.968869566917419434e-02 1.530414581298828125e+01 2.210809326171875000e+03 1.394123992919921875e+02
6.000000000000000000e+03 1.968869194388389587e-02 1.530414581298828125e+01 2.210809326171875000e+03 1.394123992919921875e+02 1.968869194388389587e-02 1.530414581298828125e+01 2.210809326171875000e+03 1.394123992919921875e+02
7.000000000000000000e+03 2.287227500000000000e+05 1.530884075164794922e+01 2.209923583984375000e+03 1.394151306152343750e+02 2.287227500000000000e+05 1.530884075164794922e+01 2.209923583984375000e+03 1.394151306152343750e+02
8.000000000000000000e+03 3.520186292007565498e-03 1.530411148071289062e+01 2.210841796875000000e+03 1.394123840332031250e+02 3.520186292007565498e-03 1.530411148071289062e+01 2.210841796875000000e+03 1.394123840332031250e+02
9.000000000000000000e+03 3.520612139254808426e-03 1.530411148071289062e+01 2.210841796875000000e+03 1.394123840332031250e+02 3.520612139254808426e-03 1.530411148071289062e+01 2.210841796875000000e+03 1.394123840332031250e+02
1.000000000000000000e+04 5.392842926084995270e-03 1.530409717559814453e+01 2.210838378906250000e+03 1.394123687744140625e+02 5.392842926084995270e-03 1.530409717559814453e+01 2.210838378906250000e+03 1.394123687744140625e+02
1.100000000000000000e+04 3.694538027048110962e-03 1.530412578582763672e+01 2.210841552734375000e+03 1.394123840332031250e+02 3.694538027048110962e-03 1.530412578582763672e+01 2.210841552734375000e+03 1.394123840332031250e+02
1.200000000000000000e+04 9.931950000000000000e+05 1.530904483795166016e+01 2.241023681640625000e+03 1.394143066406250000e+02 9.931950000000000000e+05 1.530904483795166016e+01 2.241023681640625000e+03 1.394143066406250000e+02
1.300000000000000000e+04 4.321692045778036118e-03 1.530412578582763672e+01 2.210840332031250000e+03 1.394123840332031250e+02 4.321692045778036118e-03 1.530412578582763672e+01 2.210840332031250000e+03 1.394123840332031250e+02
1.400000000000000000e+04 4.083815625000000000e+04 1.529837036132812500e+01 2.209684082031250000e+03 1.394101715087890625e+02 4.083815625000000000e+04 1.529837036132812500e+01 2.209684082031250000e+03 1.394101715087890625e+02
1.500000000000000000e+04 7.885405211709439754e-04 1.530410003662109375e+01 2.210847167968750000e+03 1.394123687744140625e+02 7.885405211709439754e-04 1.530410003662109375e+01 2.210847167968750000e+03 1.394123687744140625e+02
1.600000000000000000e+04 4.151871055364608765e-02 1.530411815643310547e+01 2.210848632812500000e+03 1.394123687744140625e+02 4.151871055364608765e-02 1.530411815643310547e+01 2.210848632812500000e+03 1.394123687744140625e+02
1.700000000000000000e+04 1.222214079461991787e-03 1.530412101745605469e+01 2.210846191406250000e+03 1.394123840332031250e+02 1.222214079461991787e-03 1.530412101745605469e+01 2.210846191406250000e+03 1.394123840332031250e+02
1.800000000000000000e+04 1.334905158728361130e-03 1.530411148071289062e+01 2.210846191406250000e+03 1.394123840332031250e+02 1.334905158728361130e-03 1.530411148071289062e+01 2.210846191406250000e+03 1.394123840332031250e+02
1.900000000000000000e+04 7.328307617187500000e+03 1.530433177947998047e+01 2.214199218750000000e+03 1.394124755859375000e+02 7.328307617187500000e+03 1.530433177947998047e+01 2.214199218750000000e+03 1.394124755859375000e+02
2.000000000000000000e+04 1.389614062500000000e+05 1.534603786468505859e+01 2.207589111328125000e+03 1.394281921386718750e+02 1.389614062500000000e+05 1.534603786468505859e+01 2.207589111328125000e+03 1.394281921386718750e+02
