# step, loss_train, loss_test, metrics_test
0.000000000000000000e+00 5.029602107242681086e-06 3.698070526123046875e+01 1.747271606445312500e+03 1.955646667480468750e+02 5.029602107242681086e-06 3.698070526123046875e+01 1.747271606445312500e+03 1.955646667480468750e+02
1.000000000000000000e+03 1.446589827537536621e-01 2.004432106018066406e+01 1.475717407226562500e+03 1.889010772705078125e+02 1.446589827537536621e-01 2.004432106018066406e+01 1.475717407226562500e+03 1.889010772705078125e+02
2.000000000000000000e+03 2.878951072692871094e+00 2.421261405944824219e+01 6.893508300781250000e+02 1.913621520996093750e+02 2.878951072692871094e+00 2.421261405944824219e+01 6.893508300781250000e+02 1.913621520996093750e+02
3.000000000000000000e+03 5.100553989410400391e+00 4.603089523315429688e+01 1.272857093811035156e+01 1.850405883789062500e+02 5.100553989410400391e+00 4.603089523315429688e+01 1.272857093811035156e+01 1.850405883789062500e+02
4.000000000000000000e+03 1.434533119201660156e+00 5.125941085815429688e+01 5.590511322021484375e+00 1.811493530273437500e+02 1.434533119201660156e+00 5.125941085815429688e+01 5.590511322021484375e+00 1.811493530273437500e+02
5.000000000000000000e+03 8.473562002182006836e-01 5.156709671020507812e+01 5.647550106048583984e+00 1.804707183837890625e+02 8.473562002182006836e-01 5.156709671020507812e+01 5.647550106048583984e+00 1.804707183837890625e+02
6.000000000000000000e+03 6.923650503158569336e-01 5.140401458740234375e+01 5.642789363861083984e+00 1.803727569580078125e+02 6.923650503158569336e-01 5.140401458740234375e+01 5.642789363861083984e+00 1.803727569580078125e+02
7.000000000000000000e+03 6.220484972000122070e-01 5.121261596679687500e+01 5.591891288757324219e+00 1.803595886230468750e+02 6.220484972000122070e-01 5.121261596679687500e+01 5.591891288757324219e+00 1.803595886230468750e+02
8.000000000000000000e+03 5.744681358337402344e-01 5.105253601074218750e+01 5.499320983886718750e+00 1.803486480712890625e+02 5.744681358337402344e-01 5.105253601074218750e+01 5.499320983886718750e+00 1.803486480712890625e+02
9.000000000000000000e+03 5.380827784538269043e-01 5.087165069580078125e+01 5.419428825378417969e+00 1.803309478759765625e+02 5.380827784538269043e-01 5.087165069580078125e+01 5.419428825378417969e+00 1.803309478759765625e+02
1.000000000000000000e+04 5.091795325279235840e-01 5.066215133666992188e+01 5.341185569763183594e+00 1.803093872070312500e+02 5.091795325279235840e-01 5.066215133666992188e+01 5.341185569763183594e+00 1.803093872070312500e+02
1.100000000000000000e+04 4.870103597640991211e-01 5.044258117675781250e+01 5.241524696350097656e+00 1.802852172851562500e+02 4.870103597640991211e-01 5.044258117675781250e+01 5.241524696350097656e+00 1.802852172851562500e+02
1.200000000000000000e+04 4.720633327960968018e-01 5.001630401611328125e+01 5.367026805877685547e+00 1.802583160400390625e+02 4.720633327960968018e-01 5.001630401611328125e+01 5.367026805877685547e+00 1.802583160400390625e+02
1.300000000000000000e+04 4.604287445545196533e-01 4.984143829345703125e+01 5.077691078186035156e+00 1.802168579101562500e+02 4.604287445545196533e-01 4.984143829345703125e+01 5.077691078186035156e+00 1.802168579101562500e+02
1.400000000000000000e+04 4.542331099510192871e-01 4.947451400756835938e+01 4.982691764831542969e+00 1.801638641357421875e+02 4.542331099510192871e-01 4.947451400756835938e+01 4.982691764831542969e+00 1.801638641357421875e+02
1.500000000000000000e+04 4.522943794727325439e-01 4.903977203369140625e+01 4.891083240509033203e+00 1.800946807861328125e+02 4.522943794727325439e-01 4.903977203369140625e+01 4.891083240509033203e+00 1.800946807861328125e+02
1.600000000000000000e+04 4.544271826744079590e-01 4.850681686401367188e+01 4.822152137756347656e+00 1.800054016113281250e+02 4.544271826744079590e-01 4.850681686401367188e+01 4.822152137756347656e+00 1.800054016113281250e+02
1.700000000000000000e+04 4.596126675605773926e-01 4.795093917846679688e+01 4.688091278076171875e+00 1.798939361572265625e+02 4.596126675605773926e-01 4.795093917846679688e+01 4.688091278076171875e+00 1.798939361572265625e+02
1.800000000000000000e+04 4.678636789321899414e-01 4.728016662597656250e+01 4.575825214385986328e+00 1.797564086914062500e+02 4.678636789321899414e-01 4.728016662597656250e+01 4.575825214385986328e+00 1.797564086914062500e+02
1.900000000000000000e+04 4.782620370388031006e-01 4.650584030151367188e+01 4.463102340698242188e+00 1.795888061523437500e+02 4.782620370388031006e-01 4.650584030151367188e+01 4.463102340698242188e+00 1.795888061523437500e+02
2.000000000000000000e+04 4.903235733509063721e-01 4.553058242797851562e+01 4.486135482788085938e+00 1.793891754150390625e+02 4.903235733509063721e-01 4.553058242797851562e+01 4.486135482788085938e+00 1.793891754150390625e+02
