# step, loss_train, loss_test, metrics_test
0.000000000000000000e+00 6.148037314414978027e-01 3.873271942138671875e+01 5.584302734375000000e+03 4.403868713378906250e+02 6.148037314414978027e-01 3.873271942138671875e+01 5.584302734375000000e+03 4.403868713378906250e+02
1.000000000000000000e+03 2.291642427444458008e+00 3.263244628906250000e+01 4.931050781250000000e+03 4.354130554199218750e+02 2.291642427444458008e+00 3.263244628906250000e+01 4.931050781250000000e+03 4.354130554199218750e+02
2.000000000000000000e+03 1.472889137268066406e+01 2.623341941833496094e+01 4.140833984375000000e+03 4.301243896484375000e+02 1.472889137268066406e+01 2.623341941833496094e+01 4.140833984375000000e+03 4.301243896484375000e+02
3.000000000000000000e+03 6.118925857543945312e+01 2.038430595397949219e+01 3.220456054687500000e+03 4.249807739257812500e+02 6.118925857543945312e+01 2.038430595397949219e+01 3.220456054687500000e+03 4.249807739257812500e+02
4.000000000000000000e+03 1.414777984619140625e+02 1.700227355957031250e+01 2.326436767578125000e+03 4.215619812011718750e+02 1.414777984619140625e+02 1.700227355957031250e+01 2.326436767578125000e+03 4.215619812011718750e+02
5.000000000000000000e+03 1.551719970703125000e+02 1.755302810668945312e+01 1.716560668945312500e+03 4.215123901367187500e+02 1.551719970703125000e+02 1.755302810668945312e+01 1.716560668945312500e+03 4.215123901367187500e+02
6.000000000000000000e+03 1.024746780395507812e+02 2.049199295043945312e+01 1.423068603515625000e+03 4.243545227050781250e+02 1.024746780395507812e+02 2.049199295043945312e+01 1.423068603515625000e+03 4.243545227050781250e+02
7.000000000000000000e+03 5.196372985839843750e+01 2.271996307373046875e+01 1.297109497070312500e+03 4.272643127441406250e+02 5.196372985839843750e+01 2.271996307373046875e+01 1.297109497070312500e+03 4.272643127441406250e+02
8.000000000000000000e+03 2.668148040771484375e+01 2.385047721862792969e+01 1.213946411132812500e+03 4.291414794921875000e+02 2.668148040771484375e+01 2.385047721862792969e+01 1.213946411132812500e+03 4.291414794921875000e+02
9.000000000000000000e+03 2.038159751892089844e+01 2.470879745483398438e+01 1.157544433593750000e+03 4.303879699707031250e+02 2.038159751892089844e+01 2.470879745483398438e+01 1.157544433593750000e+03 4.303879699707031250e+02
1.000000000000000000e+04 1.708179283142089844e+01 2.534993362426757812e+01 1.119246459960937500e+03 4.310727233886718750e+02 1.708179283142089844e+01 2.534993362426757812e+01 1.119246459960937500e+03 4.310727233886718750e+02
1.100000000000000000e+04 1.431940364837646484e+01 2.578671836853027344e+01 1.085722656250000000e+03 4.311825256347656250e+02 1.431940364837646484e+01 2.578671836853027344e+01 1.085722656250000000e+03 4.311825256347656250e+02
1.200000000000000000e+04 1.273249626159667969e+01 2.618489074707031250e+01 1.043990112304687500e+03 4.308811340332031250e+02 1.273249626159667969e+01 2.618489074707031250e+01 1.043990112304687500e+03 4.308811340332031250e+02
1.300000000000000000e+04 1.302010059356689453e+01 2.663449478149414062e+01 9.789291992187500000e+02 4.303645324707031250e+02 1.302010059356689453e+01 2.663449478149414062e+01 9.789291992187500000e+02 4.303645324707031250e+02
1.400000000000000000e+04 1.553913784027099609e+01 2.730186843872070312e+01 8.717736206054687500e+02 4.298627319335937500e+02 1.553913784027099609e+01 2.730186843872070312e+01 8.717736206054687500e+02 4.298627319335937500e+02
1.500000000000000000e+04 1.979986572265625000e+01 2.895551490783691406e+01 7.312359619140625000e+02 4.299897460937500000e+02 1.979986572265625000e+01 2.895551490783691406e+01 7.312359619140625000e+02 4.299897460937500000e+02
1.600000000000000000e+04 2.003756713867187500e+01 3.143157768249511719e+01 6.361687622070312500e+02 4.311066589355468750e+02 2.003756713867187500e+01 3.143157768249511719e+01 6.361687622070312500e+02 4.311066589355468750e+02
1.700000000000000000e+04 1.353669929504394531e+01 3.233850479125976562e+01 5.876401367187500000e+02 4.306982421875000000e+02 1.353669929504394531e+01 3.233850479125976562e+01 5.876401367187500000e+02 4.306982421875000000e+02
1.800000000000000000e+04 9.373522758483886719e+00 3.212628173828125000e+01 5.390539550781250000e+02 4.283305664062500000e+02 9.373522758483886719e+00 3.212628173828125000e+01 5.390539550781250000e+02 4.283305664062500000e+02
1.900000000000000000e+04 7.881763458251953125e+00 3.193193054199218750e+01 4.726162109375000000e+02 4.246203308105468750e+02 7.881763458251953125e+00 3.193193054199218750e+01 4.726162109375000000e+02 4.246203308105468750e+02
2.000000000000000000e+04 7.515285491943359375e+00 3.196897315979003906e+01 3.772864379882812500e+02 4.194155578613281250e+02 7.515285491943359375e+00 3.196897315979003906e+01 3.772864379882812500e+02 4.194155578613281250e+02
