# step, loss_train, loss_test, metrics_test
0.000000000000000000e+00 3.054624062500000000e+05 3.424066925048828125e+01 6.275789550781250000e+03 1.920245819091796875e+02 3.054624062500000000e+05 3.424066925048828125e+01 6.275789550781250000e+03 1.920245819091796875e+02
1.000000000000000000e+03 7.461257324218750000e+02 3.437900924682617188e+01 1.725680847167968750e+02 1.418519592285156250e+02 7.461257324218750000e+02 3.437900924682617188e+01 1.725680847167968750e+02 1.418519592285156250e+02
2.000000000000000000e+03 2.802292480468750000e+02 3.031178665161132812e+01 6.436769104003906250e+01 1.436830139160156250e+02 2.802292480468750000e+02 3.031178665161132812e+01 6.436769104003906250e+01 1.436830139160156250e+02
3.000000000000000000e+03 1.815734405517578125e+02 2.650235939025878906e+01 2.912008285522460938e+01 1.430799713134765625e+02 1.815734405517578125e+02 2.650235939025878906e+01 2.912008285522460938e+01 1.430799713134765625e+02
4.000000000000000000e+03 1.373848571777343750e+02 2.111585617065429688e+01 1.621249008178710938e+01 1.418968963623046875e+02 1.373848571777343750e+02 2.111585617065429688e+01 1.621249008178710938e+01 1.418968963623046875e+02
5.000000000000000000e+03 8.190782165527343750e+01 1.536882591247558594e+01 6.447735309600830078e+00 1.397271728515625000e+02 8.190782165527343750e+01 1.536882591247558594e+01 6.447735309600830078e+00 1.397271728515625000e+02
6.000000000000000000e+03 5.374682235717773438e+01 8.783281326293945312e+00 2.443581342697143555e+00 1.362476654052734375e+02 5.374682235717773438e+01 8.783281326293945312e+00 2.443581342697143555e+00 1.362476654052734375e+02
7.000000000000000000e+03 3.668687820434570312e+01 5.478693008422851562e+00 8.831619024276733398e-01 1.335616912841796875e+02 3.668687820434570312e+01 5.478693008422851562e+00 8.831619024276733398e-01 1.335616912841796875e+02
8.000000000000000000e+03 2.633247947692871094e+01 3.622314214706420898e+00 4.305003285408020020e-01 1.300523376464843750e+02 2.633247947692871094e+01 3.622314214706420898e+00 4.305003285408020020e-01 1.300523376464843750e+02
9.000000000000000000e+03 1.715672874450683594e+01 3.328077793121337891e+00 3.897616267204284668e-01 1.266958084106445312e+02 1.715672874450683594e+01 3.328077793121337891e+00 3.897616267204284668e-01 1.266958084106445312e+02
1.000000000000000000e+04 1.241992187500000000e+01 3.080417633056640625e+00 3.977283537387847900e-01 1.235982513427734375e+02 1.241992187500000000e+01 3.080417633056640625e+00 3.977283537387847900e-01 1.235982513427734375e+02
1.100000000000000000e+04 1.099269676208496094e+01 2.875316381454467773e+00 5.615574717521667480e-01 1.197550048828125000e+02 1.099269676208496094e+01 2.875316381454467773e+00 5.615574717521667480e-01 1.197550048828125000e+02
1.200000000000000000e+04 9.762061119079589844e+00 2.971642732620239258e+00 6.883702874183654785e-01 1.132156677246093750e+02 9.762061119079589844e+00 2.971642732620239258e+00 6.883702874183654785e-01 1.132156677246093750e+02
1.300000000000000000e+04 1.118188858032226562e+01 2.334472894668579102e+00 1.065725684165954590e+00 1.055655059814453125e+02 1.118188858032226562e+01 2.334472894668579102e+00 1.065725684165954590e+00 1.055655059814453125e+02
1.400000000000000000e+04 1.253474903106689453e+01 2.691365003585815430e+00 6.645002961158752441e-01 9.715251922607421875e+01 1.253474903106689453e+01 2.691365003585815430e+00 6.645002961158752441e-01 9.715251922607421875e+01
1.500000000000000000e+04 1.416808605194091797e+01 2.202134132385253906e+00 3.266151547431945801e-01 8.966300964355468750e+01 1.416808605194091797e+01 2.202134132385253906e+00 3.266151547431945801e-01 8.966300964355468750e+01
1.600000000000000000e+04 1.568228149414062500e+01 1.953977823257446289e+00 9.893445968627929688e-01 8.080290222167968750e+01 1.568228149414062500e+01 1.953977823257446289e+00 9.893445968627929688e-01 8.080290222167968750e+01
1.700000000000000000e+04 1.842893409729003906e+01 1.848205804824829102e+00 2.879138469696044922e+00 7.286241149902343750e+01 1.842893409729003906e+01 1.848205804824829102e+00 2.879138469696044922e+00 7.286241149902343750e+01
1.800000000000000000e+04 1.958995437622070312e+01 1.421399354934692383e+00 5.310497879981994629e-01 6.789573669433593750e+01 1.958995437622070312e+01 1.421399354934692383e+00 5.310497879981994629e-01 6.789573669433593750e+01
1.900000000000000000e+04 2.109811019897460938e+01 1.225622653961181641e+00 1.364823579788208008e+00 6.239665603637695312e+01 2.109811019897460938e+01 1.225622653961181641e+00 1.364823579788208008e+00 6.239665603637695312e+01
2.000000000000000000e+04 2.047815704345703125e+01 1.299397349357604980e+00 3.755419850349426270e-01 5.752328872680664062e+01 2.047815704345703125e+01 1.299397349357604980e+00 3.755419850349426270e-01 5.752328872680664062e+01
