# step, loss_train, loss_test, metrics_test
0.000000000000000000e+00 1.046157226562500000e+04 3.780141067504882812e+01 9.156396484375000000e+03 3.860185546875000000e+02 1.046157226562500000e+04 3.780141067504882812e+01 9.156396484375000000e+03 3.860185546875000000e+02
1.000000000000000000e+03 1.469683105468750000e+03 3.035995864868164062e+01 6.083611816406250000e+03 3.631140136718750000e+02 1.469683105468750000e+03 3.035995864868164062e+01 6.083611816406250000e+03 3.631140136718750000e+02
2.000000000000000000e+03 5.413968505859375000e+02 2.488443565368652344e+01 3.995634277343750000e+03 3.526254272460937500e+02 5.413968505859375000e+02 2.488443565368652344e+01 3.995634277343750000e+03 3.526254272460937500e+02
3.000000000000000000e+03 2.542373199462890625e+02 2.166137313842773438e+01 2.820511474609375000e+03 3.478068847656250000e+02 2.542373199462890625e+02 2.166137313842773438e+01 2.820511474609375000e+03 3.478068847656250000e+02
4.000000000000000000e+03 1.084049530029296875e+02 2.067960739135742188e+01 2.253482177734375000e+03 3.465286254882812500e+02 1.084049530029296875e+02 2.067960739135742188e+01 2.253482177734375000e+03 3.465286254882812500e+02
5.000000000000000000e+03 6.310247802734375000e+01 2.156439781188964844e+01 2.038415283203125000e+03 3.474638977050781250e+02 6.310247802734375000e+01 2.156439781188964844e+01 2.038415283203125000e+03 3.474638977050781250e+02
6.000000000000000000e+03 5.343838500976562500e+01 2.256181526184082031e+01 1.923020141601562500e+03 3.489461364746093750e+02 5.343838500976562500e+01 2.256181526184082031e+01 1.923020141601562500e+03 3.489461364746093750e+02
7.000000000000000000e+03 4.903028488159179688e+01 2.325585365295410156e+01 1.812046630859375000e+03 3.503262939453125000e+02 4.903028488159179688e+01 2.325585365295410156e+01 1.812046630859375000e+03 3.503262939453125000e+02
8.000000000000000000e+03 4.987257766723632812e+01 2.378630638122558594e+01 1.693852539062500000e+03 3.516072082519531250e+02 4.987257766723632812e+01 2.378630638122558594e+01 1.693852539062500000e+03 3.516072082519531250e+02
9.000000000000000000e+03 5.983928680419921875e+01 2.421385383605957031e+01 1.556828735351562500e+03 3.524439392089843750e+02 5.983928680419921875e+01 2.421385383605957031e+01 1.556828735351562500e+03 3.524439392089843750e+02
1.000000000000000000e+04 7.463932800292968750e+01 2.470645332336425781e+01 1.374992919921875000e+03 3.514686584472656250e+02 7.463932800292968750e+01 2.470645332336425781e+01 1.374992919921875000e+03 3.514686584472656250e+02
1.100000000000000000e+04 9.597442626953125000e+01 2.781188201904296875e+01 1.088787109375000000e+03 3.469425354003906250e+02 9.597442626953125000e+01 2.781188201904296875e+01 1.088787109375000000e+03 3.469425354003906250e+02
1.200000000000000000e+04 1.324123687744140625e+02 4.028111648559570312e+01 6.539552612304687500e+02 3.380909423828125000e+02 1.324123687744140625e+02 4.028111648559570312e+01 6.539552612304687500e+02 3.380909423828125000e+02
1.300000000000000000e+04 1.331627502441406250e+02 6.496228027343750000e+01 2.761802673339843750e+02 3.290032043457031250e+02 1.331627502441406250e+02 6.496228027343750000e+01 2.761802673339843750e+02 3.290032043457031250e+02
1.400000000000000000e+04 9.722112274169921875e+01 7.993009185791015625e+01 1.277755050659179688e+02 3.263653259277343750e+02 9.722112274169921875e+01 7.993009185791015625e+01 1.277755050659179688e+02 3.263653259277343750e+02
1.500000000000000000e+04 6.708426666259765625e+01 8.175299072265625000e+01 7.375363159179687500e+01 3.265240478515625000e+02 6.708426666259765625e+01 8.175299072265625000e+01 7.375363159179687500e+01 3.265240478515625000e+02
1.600000000000000000e+04 4.627871704101562500e+01 7.835595703125000000e+01 4.913514328002929688e+01 3.271267700195312500e+02 4.627871704101562500e+01 7.835595703125000000e+01 4.913514328002929688e+01 3.271267700195312500e+02
1.700000000000000000e+04 3.363212966918945312e+01 7.341513061523437500e+01 3.405717086791992188e+01 3.277117614746093750e+02 3.363212966918945312e+01 7.341513061523437500e+01 3.405717086791992188e+01 3.277117614746093750e+02
1.800000000000000000e+04 2.417299461364746094e+01 6.826461791992187500e+01 2.438592338562011719e+01 3.279796447753906250e+02 2.417299461364746094e+01 6.826461791992187500e+01 2.438592338562011719e+01 3.279796447753906250e+02
1.900000000000000000e+04 1.726598358154296875e+01 6.370929718017578125e+01 1.728072357177734375e+01 3.285069580078125000e+02 1.726598358154296875e+01 6.370929718017578125e+01 1.728072357177734375e+01 3.285069580078125000e+02
2.000000000000000000e+04 1.125467586517333984e+01 5.981210327148437500e+01 1.187892055511474609e+01 3.289623413085937500e+02 1.125467586517333984e+01 5.981210327148437500e+01 1.187892055511474609e+01 3.289623413085937500e+02
