# step, loss_train, loss_test, metrics_test
0.000000000000000000e+00 8.255964965820312500e+02 4.420388793945312500e+01 2.907106689453125000e+03 2.440993499755859375e+02 8.255964965820312500e+02 4.420388793945312500e+01 2.907106689453125000e+03 2.440993499755859375e+02
1.000000000000000000e+03 8.119691848754882812e+00 4.740615844726562500e+01 6.661025047302246094e+00 2.469831237792968750e+02 8.119691848754882812e+00 4.740615844726562500e+01 6.661025047302246094e+00 2.469831237792968750e+02
2.000000000000000000e+03 4.008333206176757812e+00 4.632445907592773438e+01 3.603191614151000977e+00 2.368095245361328125e+02 4.008333206176757812e+00 4.632445907592773438e+01 3.603191614151000977e+00 2.368095245361328125e+02
3.000000000000000000e+03 3.091459035873413086e+00 4.220855712890625000e+01 2.582585573196411133e+00 2.321778564453125000e+02 3.091459035873413086e+00 4.220855712890625000e+01 2.582585573196411133e+00 2.321778564453125000e+02
4.000000000000000000e+03 2.954171419143676758e+00 3.554483795166015625e+01 2.008752346038818359e+00 2.288792266845703125e+02 2.954171419143676758e+00 3.554483795166015625e+01 2.008752346038818359e+00 2.288792266845703125e+02
5.000000000000000000e+03 2.829060316085815430e+00 2.652951812744140625e+01 1.251783013343811035e+00 2.256672821044921875e+02 2.829060316085815430e+00 2.652951812744140625e+01 1.251783013343811035e+00 2.256672821044921875e+02
6.000000000000000000e+03 2.962912321090698242e+00 1.495940780639648438e+01 7.651861310005187988e-01 2.221468963623046875e+02 2.962912321090698242e+00 1.495940780639648438e+01 7.651861310005187988e-01 2.221468963623046875e+02
7.000000000000000000e+03 2.796015501022338867e+00 8.457414627075195312e+00 6.023327112197875977e-01 2.190641174316406250e+02 2.796015501022338867e+00 8.457414627075195312e+00 6.023327112197875977e-01 2.190641174316406250e+02
8.000000000000000000e+03 2.248333454132080078e+00 7.830020427703857422e+00 5.903057456016540527e-01 2.167235260009765625e+02 2.248333454132080078e+00 7.830020427703857422e+00 5.903057456016540527e-01 2.167235260009765625e+02
9.000000000000000000e+03 2.452038049697875977e+00 8.011659622192382812e+00 5.773513317108154297e-01 2.147036285400390625e+02 2.452038049697875977e+00 8.011659622192382812e+00 5.773513317108154297e-01 2.147036285400390625e+02
1.000000000000000000e+04 9.179895401000976562e+00 8.045466423034667969e+00 1.148259401321411133e+00 2.122915802001953125e+02 9.179895401000976562e+00 8.045466423034667969e+00 1.148259401321411133e+00 2.122915802001953125e+02
1.100000000000000000e+04 2.235838413238525391e+00 8.442876815795898438e+00 7.656301259994506836e-01 2.093545532226562500e+02 2.235838413238525391e+00 8.442876815795898438e+00 7.656301259994506836e-01 2.093545532226562500e+02
1.200000000000000000e+04 2.920814752578735352e+00 8.605040550231933594e+00 9.183576107025146484e-01 2.053968811035156250e+02 2.920814752578735352e+00 8.605040550231933594e+00 9.183576107025146484e-01 2.053968811035156250e+02
1.300000000000000000e+04 3.863838911056518555e+00 8.666310310363769531e+00 1.218431830406188965e+00 1.991501770019531250e+02 3.863838911056518555e+00 8.666310310363769531e+00 1.218431830406188965e+00 1.991501770019531250e+02
1.400000000000000000e+04 8.138895988464355469e+00 8.978355407714843750e+00 1.439420819282531738e+00 1.904447326660156250e+02 8.138895988464355469e+00 8.978355407714843750e+00 1.439420819282531738e+00 1.904447326660156250e+02
1.500000000000000000e+04 7.817902565002441406e+00 8.995757102966308594e+00 1.734246969223022461e+00 1.791492919921875000e+02 7.817902565002441406e+00 8.995757102966308594e+00 1.734246969223022461e+00 1.791492919921875000e+02
1.600000000000000000e+04 1.151841163635253906e+01 8.808496475219726562e+00 2.011250257492065430e+00 1.655576782226562500e+02 1.151841163635253906e+01 8.808496475219726562e+00 2.011250257492065430e+00 1.655576782226562500e+02
1.700000000000000000e+04 1.562230110168457031e+01 8.401474952697753906e+00 2.453957557678222656e+00 1.487662506103515625e+02 1.562230110168457031e+01 8.401474952697753906e+00 2.453957557678222656e+00 1.487662506103515625e+02
1.800000000000000000e+04 2.000892639160156250e+01 8.070930480957031250e+00 3.128445386886596680e+00 1.303214111328125000e+02 2.000892639160156250e+01 8.070930480957031250e+00 3.128445386886596680e+00 1.303214111328125000e+02
1.900000000000000000e+04 2.437631988525390625e+01 7.833434104919433594e+00 3.690431833267211914e+00 1.152132110595703125e+02 2.437631988525390625e+01 7.833434104919433594e+00 3.690431833267211914e+00 1.152132110595703125e+02
2.000000000000000000e+04 2.795040130615234375e+01 7.313287734985351562e+00 4.128063201904296875e+00 1.028019866943359375e+02 2.795040130615234375e+01 7.313287734985351562e+00 4.128063201904296875e+00 1.028019866943359375e+02
