# step, loss_train, loss_test, metrics_test
0.000000000000000000e+00 1.931646881103515625e+02 2.402055931091308594e+01 9.758027343750000000e+03 4.191832275390625000e+02 1.931646881103515625e+02 2.402055931091308594e+01 9.758027343750000000e+03 4.191832275390625000e+02
1.000000000000000000e+03 1.192274894467443801e-15 1.360112762451171875e+01 2.329622314453125000e+03 3.709363098144531250e+02 1.192274894467443801e-15 1.360112762451171875e+01 2.329622314453125000e+03 3.709363098144531250e+02
2.000000000000000000e+03 1.254374797358037610e-15 2.076495170593261719e+01 2.519410888671875000e+03 3.791953430175781250e+02 1.254374797358037610e-15 2.076495170593261719e+01 2.519410888671875000e+03 3.791953430175781250e+02
3.000000000000000000e+03 1.395815111747639257e-15 1.321105480194091797e+01 2.331542968750000000e+03 3.704925842285156250e+02 1.395815111747639257e-15 1.321105480194091797e+01 2.331542968750000000e+03 3.704925842285156250e+02
4.000000000000000000e+03 1.713140229447820267e-15 1.360123443603515625e+01 2.329622314453125000e+03 3.709364013671875000e+02 1.713140229447820267e-15 1.360123443603515625e+01 2.329622314453125000e+03 3.709364013671875000e+02
5.000000000000000000e+03 2.597026097929497519e-15 1.360094833374023438e+01 2.329622558593750000e+03 3.709361267089843750e+02 2.597026097929497519e-15 1.360094833374023438e+01 2.329622558593750000e+03 3.709361267089843750e+02
6.000000000000000000e+03 3.327092689013925152e-15 1.378202819824218750e+01 2.329454589843750000e+03 3.711424255371093750e+02 3.327092689013925152e-15 1.378202819824218750e+01 2.329454589843750000e+03 3.711424255371093750e+02
7.000000000000000000e+03 1.044248051879992714e-15 1.381183052062988281e+01 2.329467773437500000e+03 3.711764221191406250e+02 1.044248051879992714e-15 1.381183052062988281e+01 2.329467773437500000e+03 3.711764221191406250e+02
8.000000000000000000e+03 3.758429182568363836e-16 1.360059070587158203e+01 2.329623535156250000e+03 3.709356994628906250e+02 3.758429182568363836e-16 1.360059070587158203e+01 2.329623535156250000e+03 3.709356994628906250e+02
9.000000000000000000e+03 1.011027260870001445e-16 1.000513172149658203e+01 2.507066162109375000e+03 3.669237670898437500e+02 1.011027260870001445e-16 1.000513172149658203e+01 2.507066162109375000e+03 3.669237670898437500e+02
1.000000000000000000e+04 3.219521609060107344e-17 1.357194137573242188e+01 2.329690673828125000e+03 3.709030456542968750e+02 3.219521609060107344e-17 1.357194137573242188e+01 2.329690673828125000e+03 3.709030456542968750e+02
1.100000000000000000e+04 1.247222927607455128e-17 1.360041999816894531e+01 2.329623779296875000e+03 3.709355163574218750e+02 1.247222927607455128e-17 1.360041999816894531e+01 2.329623779296875000e+03 3.709355163574218750e+02
1.200000000000000000e+04 1.286882846538861338e-17 1.360055065155029297e+01 2.329623535156250000e+03 3.709356384277343750e+02 1.286882846538861338e-17 1.360055065155029297e+01 2.329623535156250000e+03 3.709356384277343750e+02
1.300000000000000000e+04 2.195253593678714455e-18 1.359333038330078125e+01 2.329639404296875000e+03 3.709274291992187500e+02 2.195253593678714455e-18 1.359333038330078125e+01 2.329639404296875000e+03 3.709274291992187500e+02
1.400000000000000000e+04 6.727790794138795291e-19 1.360100460052490234e+01 2.329622558593750000e+03 3.709361572265625000e+02 6.727790794138795291e-19 1.360100460052490234e+01 2.329622558593750000e+03 3.709361572265625000e+02
1.500000000000000000e+04 1.689654049163366678e-19 1.801996994018554688e+01 2.411920654296875000e+03 3.760137634277343750e+02 1.689654049163366678e-19 1.801996994018554688e+01 2.411920654296875000e+03 3.760137634277343750e+02
1.600000000000000000e+04 6.298211991350426408e-20 1.357166576385498047e+01 2.329691406250000000e+03 3.709027709960937500e+02 6.298211991350426408e-20 1.357166576385498047e+01 2.329691406250000000e+03 3.709027709960937500e+02
1.700000000000000000e+04 4.968834519279970263e-20 1.360074520111083984e+01 2.329623046875000000e+03 3.709358520507812500e+02 4.968834519279970263e-20 1.360074520111083984e+01 2.329623046875000000e+03 3.709358520507812500e+02
1.800000000000000000e+04 2.437667014746534034e-20 1.360132122039794922e+01 2.329621826171875000e+03 3.709365234375000000e+02 2.437667014746534034e-20 1.360132122039794922e+01 2.329621826171875000e+03 3.709365234375000000e+02
1.900000000000000000e+04 9.899238744288609705e-21 1.088358879089355469e+01 2.411675781250000000e+03 3.678785705566406250e+02 9.899238744288609705e-21 1.088358879089355469e+01 2.411675781250000000e+03 3.678785705566406250e+02
2.000000000000000000e+04 3.680149567365078096e-21 1.246760272979736328e+01 2.342141845703125000e+03 3.696502990722656250e+02 3.680149567365078096e-21 1.246760272979736328e+01 2.342141845703125000e+03 3.696502990722656250e+02
