# step, loss_train, loss_test, metrics_test
0.000000000000000000e+00 0.000000000000000000e+00 1.337419281005859375e+02 1.140065917968750000e+03 4.680585327148437500e+02 0.000000000000000000e+00 1.337419281005859375e+02 1.140065917968750000e+03 4.680585327148437500e+02
1.000000000000000000e+03 0.000000000000000000e+00 2.129423320293426514e-01 4.184765338897705078e+00 1.356731414794921875e+00 0.000000000000000000e+00 2.129423320293426514e-01 4.184765338897705078e+00 1.356731414794921875e+00
2.000000000000000000e+03 0.000000000000000000e+00 1.801712989807128906e+01 7.910892963409423828e+00 4.162869873046875000e+02 0.000000000000000000e+00 1.801712989807128906e+01 7.910892963409423828e+00 4.162869873046875000e+02
3.000000000000000000e+03 0.000000000000000000e+00 1.697179031372070312e+01 8.948504924774169922e-01 4.148455200195312500e+02 0.000000000000000000e+00 1.697179031372070312e+01 8.948504924774169922e-01 4.148455200195312500e+02
4.000000000000000000e+03 0.000000000000000000e+00 1.670298385620117188e+01 4.483533203601837158e-01 4.142039184570312500e+02 0.000000000000000000e+00 1.670298385620117188e+01 4.483533203601837158e-01 4.142039184570312500e+02
5.000000000000000000e+03 0.000000000000000000e+00 8.111640136718750000e+03 2.125256960000000000e+08 6.314233886718750000e+03 0.000000000000000000e+00 8.111640136718750000e+03 2.125256960000000000e+08 6.314233886718750000e+03
6.000000000000000000e+03 0.000000000000000000e+00 2.974770164489746094e+01 8.348885345458984375e+01 4.250024108886718750e+02 0.000000000000000000e+00 2.974770164489746094e+01 8.348885345458984375e+01 4.250024108886718750e+02
7.000000000000000000e+03 0.000000000000000000e+00 2.107321166992187500e+01 4.806714630126953125e+01 4.183619079589843750e+02 0.000000000000000000e+00 2.107321166992187500e+01 4.806714630126953125e+01 4.183619079589843750e+02
8.000000000000000000e+03 0.000000000000000000e+00 2.055510711669921875e+01 2.834853553771972656e+01 4.179461669921875000e+02 0.000000000000000000e+00 2.055510711669921875e+01 2.834853553771972656e+01 4.179461669921875000e+02
9.000000000000000000e+03 0.000000000000000000e+00 2.069563484191894531e+01 2.109123802185058594e+01 4.180522155761718750e+02 0.000000000000000000e+00 2.069563484191894531e+01 2.109123802185058594e+01 4.180522155761718750e+02
1.000000000000000000e+04 0.000000000000000000e+00 2.081638526916503906e+01 1.110057735443115234e+01 4.181351623535156250e+02 0.000000000000000000e+00 2.081638526916503906e+01 1.110057735443115234e+01 4.181351623535156250e+02
1.100000000000000000e+04 0.000000000000000000e+00 1.834288215637207031e+01 2.153413534164428711e+00 4.161269531250000000e+02 0.000000000000000000e+00 1.834288215637207031e+01 2.153413534164428711e+00 4.161269531250000000e+02
1.200000000000000000e+04 0.000000000000000000e+00 3.682504577636718750e+02 1.619269440000000000e+08 6.783189086914062500e+02 0.000000000000000000e+00 3.682504577636718750e+02 1.619269440000000000e+08 6.783189086914062500e+02
1.300000000000000000e+04 0.000000000000000000e+00 3.783073043823242188e+01 1.237948379516601562e+02 4.292746582031250000e+02 0.000000000000000000e+00 3.783073043823242188e+01 1.237948379516601562e+02 4.292746582031250000e+02
1.400000000000000000e+04 0.000000000000000000e+00 2.735285186767578125e+01 1.078327255249023438e+02 4.219134216308593750e+02 0.000000000000000000e+00 2.735285186767578125e+01 1.078327255249023438e+02 4.219134216308593750e+02
1.500000000000000000e+04 0.000000000000000000e+00 2.231572723388671875e+01 1.034970855712890625e+02 4.184317626953125000e+02 0.000000000000000000e+00 2.231572723388671875e+01 1.034970855712890625e+02 4.184317626953125000e+02
1.600000000000000000e+04 0.000000000000000000e+00 2.103126144409179688e+01 1.013902435302734375e+02 4.175582885742187500e+02 0.000000000000000000e+00 2.103126144409179688e+01 1.013902435302734375e+02 4.175582885742187500e+02
1.700000000000000000e+04 0.000000000000000000e+00 2.100828361511230469e+01 9.637808990478515625e+01 4.175391845703125000e+02 0.000000000000000000e+00 2.100828361511230469e+01 9.637808990478515625e+01 4.175391845703125000e+02
1.800000000000000000e+04 0.000000000000000000e+00 2.476805686950683594e+01 6.899255371093750000e+01 4.200778503417968750e+02 0.000000000000000000e+00 2.476805686950683594e+01 6.899255371093750000e+01 4.200778503417968750e+02
1.900000000000000000e+04 0.000000000000000000e+00 1.693573608398437500e+03 5.032006347656250000e+03 1.629101196289062500e+03 0.000000000000000000e+00 1.693573608398437500e+03 5.032006347656250000e+03 1.629101196289062500e+03
2.000000000000000000e+04 0.000000000000000000e+00 6.522268676757812500e+02 1.003047241210937500e+03 8.731522216796875000e+02 0.000000000000000000e+00 6.522268676757812500e+02 1.003047241210937500e+03 8.731522216796875000e+02
