# step, loss_train, loss_test, metrics_test
0.000000000000000000e+00 1.046157226562500000e+04 3.395126724243164062e+01 1.433577270507812500e+03 4.812012023925781250e+02 1.046157226562500000e+04 3.395126724243164062e+01 1.433577270507812500e+03 4.812012023925781250e+02
1.000000000000000000e+03 1.123602905273437500e+03 2.909480094909667969e+01 1.172882812500000000e+03 4.593097839355468750e+02 1.123602905273437500e+03 2.909480094909667969e+01 1.172882812500000000e+03 4.593097839355468750e+02
2.000000000000000000e+03 3.340109863281250000e+02 2.224813461303710938e+01 8.622177734375000000e+02 4.450600280761718750e+02 3.340109863281250000e+02 2.224813461303710938e+01 8.622177734375000000e+02 4.450600280761718750e+02
3.000000000000000000e+03 1.293467559814453125e+02 1.767863273620605469e+01 6.348121948242187500e+02 4.361091308593750000e+02 1.293467559814453125e+02 1.767863273620605469e+01 6.348121948242187500e+02 4.361091308593750000e+02
4.000000000000000000e+03 4.866828536987304688e+01 1.551826953887939453e+01 4.874498901367187500e+02 4.312021179199218750e+02 4.866828536987304688e+01 1.551826953887939453e+01 4.874498901367187500e+02 4.312021179199218750e+02
5.000000000000000000e+03 2.397401809692382812e+01 1.515685081481933594e+01 3.986941528320312500e+02 4.292569274902343750e+02 2.397401809692382812e+01 1.515685081481933594e+01 3.986941528320312500e+02 4.292569274902343750e+02
6.000000000000000000e+03 1.805255126953125000e+01 1.597460079193115234e+01 3.546205444335937500e+02 4.295433654785156250e+02 1.805255126953125000e+01 1.597460079193115234e+01 3.546205444335937500e+02 4.295433654785156250e+02
7.000000000000000000e+03 1.409768772125244141e+01 1.723026657104492188e+01 3.357344055175781250e+02 4.309382934570312500e+02 1.409768772125244141e+01 1.723026657104492188e+01 3.357344055175781250e+02 4.309382934570312500e+02
8.000000000000000000e+03 1.129923629760742188e+01 1.816988945007324219e+01 3.235883483886718750e+02 4.322274475097656250e+02 1.129923629760742188e+01 1.816988945007324219e+01 3.235883483886718750e+02 4.322274475097656250e+02
9.000000000000000000e+03 9.556051254272460938e+00 1.881083488464355469e+01 3.119757385253906250e+02 4.332605895996093750e+02 9.556051254272460938e+00 1.881083488464355469e+01 3.119757385253906250e+02 4.332605895996093750e+02
1.000000000000000000e+04 8.483906745910644531e+00 1.933973693847656250e+01 3.004111633300781250e+02 4.342334899902343750e+02 8.483906745910644531e+00 1.933973693847656250e+01 3.004111633300781250e+02 4.342334899902343750e+02
1.100000000000000000e+04 7.810737133026123047e+00 1.986410522460937500e+01 2.881873168945312500e+02 4.352700500488281250e+02 7.810737133026123047e+00 1.986410522460937500e+01 2.881873168945312500e+02 4.352700500488281250e+02
1.200000000000000000e+04 7.879017829895019531e+00 2.046052551269531250e+01 2.739715881347656250e+02 4.364645996093750000e+02 7.879017829895019531e+00 2.046052551269531250e+01 2.739715881347656250e+02 4.364645996093750000e+02
1.300000000000000000e+04 8.497462272644042969e+00 2.102947235107421875e+01 2.571771545410156250e+02 4.373848266601562500e+02 8.497462272644042969e+00 2.102947235107421875e+01 2.571771545410156250e+02 4.373848266601562500e+02
1.400000000000000000e+04 1.078088569641113281e+01 2.141173362731933594e+01 2.378359527587890625e+02 4.368469238281250000e+02 1.078088569641113281e+01 2.141173362731933594e+01 2.378359527587890625e+02 4.368469238281250000e+02
1.500000000000000000e+04 1.645270538330078125e+01 2.233208847045898438e+01 2.064841003417968750e+02 4.334285278320312500e+02 1.645270538330078125e+01 2.233208847045898438e+01 2.064841003417968750e+02 4.334285278320312500e+02
1.600000000000000000e+04 2.507808494567871094e+01 2.655270767211914062e+01 1.526222839355468750e+02 4.243845520019531250e+02 2.507808494567871094e+01 2.655270767211914062e+01 1.526222839355468750e+02 4.243845520019531250e+02
1.700000000000000000e+04 2.864244079589843750e+01 3.867168807983398438e+01 8.830554962158203125e+01 4.103549194335937500e+02 2.864244079589843750e+01 3.867168807983398438e+01 8.830554962158203125e+01 4.103549194335937500e+02
1.800000000000000000e+04 2.419517326354980469e+01 4.867612075805664062e+01 4.956914520263671875e+01 4.018577270507812500e+02 2.419517326354980469e+01 4.867612075805664062e+01 4.956914520263671875e+01 4.018577270507812500e+02
1.900000000000000000e+04 1.926079559326171875e+01 5.104804229736328125e+01 3.183724975585937500e+01 3.978827819824218750e+02 1.926079559326171875e+01 5.104804229736328125e+01 3.183724975585937500e+01 3.978827819824218750e+02
2.000000000000000000e+04 1.318483352661132812e+01 5.050284957885742188e+01 2.230960655212402344e+01 3.937333068847656250e+02 1.318483352661132812e+01 5.050284957885742188e+01 2.230960655212402344e+01 3.937333068847656250e+02
