# step, loss_train, loss_test, metrics_test
0.000000000000000000e+00 3.000455000000000000e+05 6.869967651367187500e+02 9.909559375000000000e+04 4.277598876953125000e+02 3.000455000000000000e+05 6.869967651367187500e+02 9.909559375000000000e+04 4.277598876953125000e+02
1.000000000000000000e+03 8.775284576416015625e+01 2.552173042297363281e+01 8.433872680664062500e+02 1.076021347045898438e+02 8.775284576416015625e+01 2.552173042297363281e+01 8.433872680664062500e+02 1.076021347045898438e+02
2.000000000000000000e+03 1.020108337402343750e+02 2.713135528564453125e+01 6.506040039062500000e+02 1.056265411376953125e+02 1.020108337402343750e+02 2.713135528564453125e+01 6.506040039062500000e+02 1.056265411376953125e+02
3.000000000000000000e+03 3.871285095214843750e+02 4.103832626342773438e+01 3.752064819335937500e+02 1.032438659667968750e+02 3.871285095214843750e+02 4.103832626342773438e+01 3.752064819335937500e+02 1.032438659667968750e+02
4.000000000000000000e+03 7.525102996826171875e+01 4.963270950317382812e+01 6.993782806396484375e+01 1.051227111816406250e+02 7.525102996826171875e+01 4.963270950317382812e+01 6.993782806396484375e+01 1.051227111816406250e+02
5.000000000000000000e+03 2.815129470825195312e+01 4.228034973144531250e+01 3.412197875976562500e+01 1.052957229614257812e+02 2.815129470825195312e+01 4.228034973144531250e+01 3.412197875976562500e+01 1.052957229614257812e+02
6.000000000000000000e+03 3.759835815429687500e+01 3.849297714233398438e+01 3.054523620605468750e+02 1.047994308471679688e+02 3.759835815429687500e+01 3.849297714233398438e+01 3.054523620605468750e+02 1.047994308471679688e+02
7.000000000000000000e+03 2.488050460815429688e+01 2.263593673706054688e+01 3.235799865722656250e+02 1.046280364990234375e+02 2.488050460815429688e+01 2.263593673706054688e+01 3.235799865722656250e+02 1.046280364990234375e+02
8.000000000000000000e+03 1.247254753112792969e+01 1.443251800537109375e+01 3.088780784606933594e+01 1.020848083496093750e+02 1.247254753112792969e+01 1.443251800537109375e+01 3.088780784606933594e+01 1.020848083496093750e+02
9.000000000000000000e+03 9.099153518676757812e+00 1.581831073760986328e+01 9.963009953498840332e-01 1.023066101074218750e+02 9.099153518676757812e+00 1.581831073760986328e+01 9.963009953498840332e-01 1.023066101074218750e+02
1.000000000000000000e+04 5.564322948455810547e+00 7.620285511016845703e+00 3.575290679931640625e+00 1.001273345947265625e+02 5.564322948455810547e+00 7.620285511016845703e+00 3.575290679931640625e+00 1.001273345947265625e+02
1.100000000000000000e+04 6.792726516723632812e+00 4.085252285003662109e+00 1.010685348510742188e+01 9.653572082519531250e+01 6.792726516723632812e+00 4.085252285003662109e+00 1.010685348510742188e+01 9.653572082519531250e+01
1.200000000000000000e+04 2.506738471984863281e+01 4.835379409790039062e+01 2.905174636840820312e+01 1.000211486816406250e+02 2.506738471984863281e+01 4.835379409790039062e+01 2.905174636840820312e+01 1.000211486816406250e+02
1.300000000000000000e+04 1.021353816986083984e+01 3.666833114624023438e+01 2.585947990417480469e+00 1.043188247680664062e+02 1.021353816986083984e+01 3.666833114624023438e+01 2.585947990417480469e+00 1.043188247680664062e+02
1.400000000000000000e+04 1.215221118927001953e+01 2.683624839782714844e+01 3.393494796752929688e+01 1.050638656616210938e+02 1.215221118927001953e+01 2.683624839782714844e+01 3.393494796752929688e+01 1.050638656616210938e+02
1.500000000000000000e+04 5.660113811492919922e+00 1.890126228332519531e+01 7.983040213584899902e-01 1.035817489624023438e+02 5.660113811492919922e+00 1.890126228332519531e+01 7.983040213584899902e-01 1.035817489624023438e+02
1.600000000000000000e+04 1.119019222259521484e+01 2.045522880554199219e+01 7.593255004882812500e+02 1.051968917846679688e+02 1.119019222259521484e+01 2.045522880554199219e+01 7.593255004882812500e+02 1.051968917846679688e+02
1.700000000000000000e+04 4.241974830627441406e+00 1.092014694213867188e+01 3.117150366306304932e-01 1.014006881713867188e+02 4.241974830627441406e+00 1.092014694213867188e+01 3.117150366306304932e-01 1.014006881713867188e+02
1.800000000000000000e+04 4.846582889556884766e+00 8.438973426818847656e+00 5.186216831207275391e+00 9.968429565429687500e+01 4.846582889556884766e+00 8.438973426818847656e+00 5.186216831207275391e+00 9.968429565429687500e+01
1.900000000000000000e+04 3.042039871215820312e+00 5.466158866882324219e+00 3.298513591289520264e-01 9.675403594970703125e+01 3.042039871215820312e+00 5.466158866882324219e+00 3.298513591289520264e-01 9.675403594970703125e+01
2.000000000000000000e+04 8.145957500000000000e+06 1.355209863281250000e+04 1.000998937500000000e+06 4.144148437500000000e+03 8.145957500000000000e+06 1.355209863281250000e+04 1.000998937500000000e+06 4.144148437500000000e+03
