# step, loss_train, loss_test, metrics_test
0.000000000000000000e+00 0.000000000000000000e+00 4.150354003906250000e+01 3.859486083984375000e+03 4.640909118652343750e+02 0.000000000000000000e+00 4.150354003906250000e+01 3.859486083984375000e+03 4.640909118652343750e+02
1.000000000000000000e+03 0.000000000000000000e+00 9.477997779846191406e+00 1.325129866600036621e+00 8.273065185546875000e+01 0.000000000000000000e+00 9.477997779846191406e+00 1.325129866600036621e+00 8.273065185546875000e+01
2.000000000000000000e+03 0.000000000000000000e+00 5.390508770942687988e-01 8.251985162496566772e-02 2.476893806457519531e+01 0.000000000000000000e+00 5.390508770942687988e-01 8.251985162496566772e-02 2.476893806457519531e+01
3.000000000000000000e+03 0.000000000000000000e+00 1.266427934169769287e-01 1.156521439552307129e+00 1.508222866058349609e+01 0.000000000000000000e+00 1.266427934169769287e-01 1.156521439552307129e+00 1.508222866058349609e+01
4.000000000000000000e+03 0.000000000000000000e+00 1.192053928971290588e-01 3.749062776565551758e+00 1.070517826080322266e+01 0.000000000000000000e+00 1.192053928971290588e-01 3.749062776565551758e+00 1.070517826080322266e+01
5.000000000000000000e+03 0.000000000000000000e+00 6.191824376583099365e-02 2.869468182325363159e-03 8.497485160827636719e+00 0.000000000000000000e+00 6.191824376583099365e-02 2.869468182325363159e-03 8.497485160827636719e+00
6.000000000000000000e+03 0.000000000000000000e+00 4.671621322631835938e-02 2.829192439094185829e-03 6.095035076141357422e+00 0.000000000000000000e+00 4.671621322631835938e-02 2.829192439094185829e-03 6.095035076141357422e+00
7.000000000000000000e+03 0.000000000000000000e+00 2.822287939488887787e-02 1.031608041375875473e-02 4.915831565856933594e+00 0.000000000000000000e+00 2.822287939488887787e-02 1.031608041375875473e-02 4.915831565856933594e+00
8.000000000000000000e+03 0.000000000000000000e+00 1.663380861282348633e-02 3.296304028481245041e-03 4.243787765502929688e+00 0.000000000000000000e+00 1.663380861282348633e-02 3.296304028481245041e-03 4.243787765502929688e+00
9.000000000000000000e+03 0.000000000000000000e+00 3.817349672317504883e-02 1.812206745147705078e+00 3.782511711120605469e+00 0.000000000000000000e+00 3.817349672317504883e-02 1.812206745147705078e+00 3.782511711120605469e+00
1.000000000000000000e+04 0.000000000000000000e+00 8.384227752685546875e-03 7.501110900193452835e-03 3.358097076416015625e+00 0.000000000000000000e+00 8.384227752685546875e-03 7.501110900193452835e-03 3.358097076416015625e+00
1.100000000000000000e+04 0.000000000000000000e+00 7.948017679154872894e-03 1.521819154731929302e-03 3.022936344146728516e+00 0.000000000000000000e+00 7.948017679154872894e-03 1.521819154731929302e-03 3.022936344146728516e+00
1.200000000000000000e+04 0.000000000000000000e+00 7.399047724902629852e-03 1.454893872141838074e-02 2.758570194244384766e+00 0.000000000000000000e+00 7.399047724902629852e-03 1.454893872141838074e-02 2.758570194244384766e+00
1.300000000000000000e+04 0.000000000000000000e+00 7.238547317683696747e-03 3.972867969423532486e-03 2.543041706085205078e+00 0.000000000000000000e+00 7.238547317683696747e-03 3.972867969423532486e-03 2.543041706085205078e+00
1.400000000000000000e+04 0.000000000000000000e+00 7.000470533967018127e-03 3.532002568244934082e-01 2.393671274185180664e+00 0.000000000000000000e+00 7.000470533967018127e-03 3.532002568244934082e-01 2.393671274185180664e+00
1.500000000000000000e+04 0.000000000000000000e+00 6.174270994961261749e-03 1.079913508147001266e-02 2.228123903274536133e+00 0.000000000000000000e+00 6.174270994961261749e-03 1.079913508147001266e-02 2.228123903274536133e+00
1.600000000000000000e+04 0.000000000000000000e+00 1.037118211388587952e-02 2.128864824771881104e-01 2.111805677413940430e+00 0.000000000000000000e+00 1.037118211388587952e-02 2.128864824771881104e-01 2.111805677413940430e+00
1.700000000000000000e+04 0.000000000000000000e+00 5.229720380157232285e-03 2.444887999445199966e-03 1.992946505546569824e+00 0.000000000000000000e+00 5.229720380157232285e-03 2.444887999445199966e-03 1.992946505546569824e+00
1.800000000000000000e+04 0.000000000000000000e+00 6.932695861905813217e-03 1.814192980527877808e-01 1.904187202453613281e+00 0.000000000000000000e+00 6.932695861905813217e-03 1.814192980527877808e-01 1.904187202453613281e+00
1.900000000000000000e+04 0.000000000000000000e+00 4.042670130729675293e-03 4.894716665148735046e-03 1.807597398757934570e+00 0.000000000000000000e+00 4.042670130729675293e-03 4.894716665148735046e-03 1.807597398757934570e+00
2.000000000000000000e+04 0.000000000000000000e+00 3.490297356620430946e-03 6.230749189853668213e-02 1.743070363998413086e+00 0.000000000000000000e+00 3.490297356620430946e-03 6.230749189853668213e-02 1.743070363998413086e+00
