# step, loss_train, loss_test, metrics_test
0.000000000000000000e+00 0.000000000000000000e+00 3.885144805908203125e+01 6.058020019531250000e+03 0.000000000000000000e+00 0.000000000000000000e+00 3.885144805908203125e+01 6.058020019531250000e+03 0.000000000000000000e+00
1.000000000000000000e+03 0.000000000000000000e+00 5.926247596740722656e+00 6.452312469482421875e-01 0.000000000000000000e+00 0.000000000000000000e+00 5.926247596740722656e+00 6.452312469482421875e-01 0.000000000000000000e+00
2.000000000000000000e+03 0.000000000000000000e+00 2.090884208679199219e+00 1.100933551788330078e-01 0.000000000000000000e+00 0.000000000000000000e+00 2.090884208679199219e+00 1.100933551788330078e-01 0.000000000000000000e+00
3.000000000000000000e+03 0.000000000000000000e+00 4.461216628551483154e-01 8.932318538427352905e-02 0.000000000000000000e+00 0.000000000000000000e+00 4.461216628551483154e-01 8.932318538427352905e-02 0.000000000000000000e+00
4.000000000000000000e+03 0.000000000000000000e+00 6.255079805850982666e-02 3.275059536099433899e-02 0.000000000000000000e+00 0.000000000000000000e+00 6.255079805850982666e-02 3.275059536099433899e-02 0.000000000000000000e+00
5.000000000000000000e+03 0.000000000000000000e+00 8.596710860729217529e-03 8.571051992475986481e-03 0.000000000000000000e+00 0.000000000000000000e+00 8.596710860729217529e-03 8.571051992475986481e-03 0.000000000000000000e+00
6.000000000000000000e+03 0.000000000000000000e+00 1.670309458859264851e-03 1.176312565803527832e-03 0.000000000000000000e+00 0.000000000000000000e+00 1.670309458859264851e-03 1.176312565803527832e-03 0.000000000000000000e+00
7.000000000000000000e+03 0.000000000000000000e+00 4.134835908189415932e-04 1.374530256725847721e-04 0.000000000000000000e+00 0.000000000000000000e+00 4.134835908189415932e-04 1.374530256725847721e-04 0.000000000000000000e+00
8.000000000000000000e+03 0.000000000000000000e+00 2.189504593843594193e-04 7.833853305783122778e-05 0.000000000000000000e+00 0.000000000000000000e+00 2.189504593843594193e-04 7.833853305783122778e-05 0.000000000000000000e+00
9.000000000000000000e+03 0.000000000000000000e+00 2.395763585809618235e-04 1.125568378483876586e-04 0.000000000000000000e+00 0.000000000000000000e+00 2.395763585809618235e-04 1.125568378483876586e-04 0.000000000000000000e+00
1.000000000000000000e+04 0.000000000000000000e+00 9.417167166247963905e-05 8.051758777583017945e-05 0.000000000000000000e+00 0.000000000000000000e+00 9.417167166247963905e-05 8.051758777583017945e-05 0.000000000000000000e+00
1.100000000000000000e+04 0.000000000000000000e+00 1.287890336243435740e-04 7.233209908008575439e-05 0.000000000000000000e+00 0.000000000000000000e+00 1.287890336243435740e-04 7.233209908008575439e-05 0.000000000000000000e+00
1.200000000000000000e+04 0.000000000000000000e+00 1.639887195779010653e-04 9.806435991777107120e-05 0.000000000000000000e+00 0.000000000000000000e+00 1.639887195779010653e-04 9.806435991777107120e-05 0.000000000000000000e+00
1.300000000000000000e+04 0.000000000000000000e+00 9.682631207397207618e-05 5.405396223068237305e-05 0.000000000000000000e+00 0.000000000000000000e+00 9.682631207397207618e-05 5.405396223068237305e-05 0.000000000000000000e+00
1.400000000000000000e+04 0.000000000000000000e+00 1.399989851051941514e-04 8.541681017959490418e-05 0.000000000000000000e+00 0.000000000000000000e+00 1.399989851051941514e-04 8.541681017959490418e-05 0.000000000000000000e+00
1.500000000000000000e+04 0.000000000000000000e+00 7.128054130589589477e-05 3.865888356813229620e-05 0.000000000000000000e+00 0.000000000000000000e+00 7.128054130589589477e-05 3.865888356813229620e-05 0.000000000000000000e+00
1.600000000000000000e+04 0.000000000000000000e+00 1.028460101224482059e-04 7.077806367306038737e-05 0.000000000000000000e+00 0.000000000000000000e+00 1.028460101224482059e-04 7.077806367306038737e-05 0.000000000000000000e+00
1.700000000000000000e+04 0.000000000000000000e+00 5.452031109598465264e-05 6.002670124871656299e-05 0.000000000000000000e+00 0.000000000000000000e+00 5.452031109598465264e-05 6.002670124871656299e-05 0.000000000000000000e+00
1.800000000000000000e+04 0.000000000000000000e+00 5.909228639211505651e-05 2.399906952632591128e-05 0.000000000000000000e+00 0.000000000000000000e+00 5.909228639211505651e-05 2.399906952632591128e-05 0.000000000000000000e+00
1.900000000000000000e+04 0.000000000000000000e+00 5.834365583723410964e-05 2.087350731017068028e-05 0.000000000000000000e+00 0.000000000000000000e+00 5.834365583723410964e-05 2.087350731017068028e-05 0.000000000000000000e+00
2.000000000000000000e+04 0.000000000000000000e+00 6.102169936639256775e-05 2.453907291055656970e-05 0.000000000000000000e+00 0.000000000000000000e+00 6.102169936639256775e-05 2.453907291055656970e-05 0.000000000000000000e+00
