# step, loss_train, loss_test, metrics_test
0.000000000000000000e+00 1.492281738281250000e+04 3.868607330322265625e+01 2.079447753906250000e+03 4.116947021484375000e+02 1.492281738281250000e+04 3.868607330322265625e+01 2.079447753906250000e+03 4.116947021484375000e+02
1.000000000000000000e+03 2.691564941406250000e+02 3.043095207214355469e+01 8.566392898559570312e+00 4.182678833007812500e+02 2.691564941406250000e+02 3.043095207214355469e+01 8.566392898559570312e+00 4.182678833007812500e+02
2.000000000000000000e+03 1.014933471679687500e+02 2.394338035583496094e+01 2.643958330154418945e+00 3.934544372558593750e+02 1.014933471679687500e+02 2.394338035583496094e+01 2.643958330154418945e+00 3.934544372558593750e+02
3.000000000000000000e+03 5.799011230468750000e+01 1.938859558105468750e+01 1.325865268707275391e+00 3.781563720703125000e+02 5.799011230468750000e+01 1.938859558105468750e+01 1.325865268707275391e+00 3.781563720703125000e+02
4.000000000000000000e+03 4.469012832641601562e+01 1.508748626708984375e+01 8.005738854408264160e-01 3.630896301269531250e+02 4.469012832641601562e+01 1.508748626708984375e+01 8.005738854408264160e-01 3.630896301269531250e+02
5.000000000000000000e+03 3.905052185058593750e+01 1.326042556762695312e+01 7.393963932991027832e-01 3.449883728027343750e+02 3.905052185058593750e+01 1.326042556762695312e+01 7.393963932991027832e-01 3.449883728027343750e+02
6.000000000000000000e+03 3.085445213317871094e+01 1.162748908996582031e+01 1.228932738304138184e+00 3.146034240722656250e+02 3.085445213317871094e+01 1.162748908996582031e+01 1.228932738304138184e+00 3.146034240722656250e+02
7.000000000000000000e+03 3.336489868164062500e+01 1.169695091247558594e+01 1.270217657089233398e+00 2.702662048339843750e+02 3.336489868164062500e+01 1.169695091247558594e+01 1.270217657089233398e+00 2.702662048339843750e+02
8.000000000000000000e+03 4.277529144287109375e+01 9.199503898620605469e+00 1.566435217857360840e+00 2.101042785644531250e+02 4.277529144287109375e+01 9.199503898620605469e+00 1.566435217857360840e+00 2.101042785644531250e+02
9.000000000000000000e+03 4.943041610717773438e+01 7.946903705596923828e+00 2.338306665420532227e+00 1.594240112304687500e+02 4.943041610717773438e+01 7.946903705596923828e+00 2.338306665420532227e+00 1.594240112304687500e+02
1.000000000000000000e+04 5.190662765502929688e+01 6.589915752410888672e+00 1.093125534057617188e+01 1.193421630859375000e+02 5.190662765502929688e+01 6.589915752410888672e+00 1.093125534057617188e+01 1.193421630859375000e+02
1.100000000000000000e+04 5.265510559082031250e+01 5.249949455261230469e+00 9.082624912261962891e-01 9.619585418701171875e+01 5.265510559082031250e+01 5.249949455261230469e+00 9.082624912261962891e-01 9.619585418701171875e+01
1.200000000000000000e+04 5.413179779052734375e+01 4.064988136291503906e+00 1.783756136894226074e+00 7.968311309814453125e+01 5.413179779052734375e+01 4.064988136291503906e+00 1.783756136894226074e+00 7.968311309814453125e+01
1.300000000000000000e+04 5.092640686035156250e+01 3.232674360275268555e+00 4.134435176849365234e+00 6.375291442871093750e+01 5.092640686035156250e+01 3.232674360275268555e+00 4.134435176849365234e+00 6.375291442871093750e+01
1.400000000000000000e+04 5.513706207275390625e+01 2.575196504592895508e+00 2.817670631408691406e+01 5.478926467895507812e+01 5.513706207275390625e+01 2.575196504592895508e+00 2.817670631408691406e+01 5.478926467895507812e+01
1.500000000000000000e+04 4.912155151367187500e+01 2.202832937240600586e+00 1.497745037078857422e+00 4.712561416625976562e+01 4.912155151367187500e+01 2.202832937240600586e+00 1.497745037078857422e+00 4.712561416625976562e+01
1.600000000000000000e+04 5.085934066772460938e+01 2.352859735488891602e+00 1.312489604949951172e+01 4.202713012695312500e+01 5.085934066772460938e+01 2.352859735488891602e+00 1.312489604949951172e+01 4.202713012695312500e+01
1.700000000000000000e+04 4.589083862304687500e+01 1.745253324508666992e+00 2.088754892349243164e+00 3.747132492065429688e+01 4.589083862304687500e+01 1.745253324508666992e+00 2.088754892349243164e+00 3.747132492065429688e+01
1.800000000000000000e+04 4.716965103149414062e+01 1.615153074264526367e+00 3.050192356109619141e+00 3.334020233154296875e+01 4.716965103149414062e+01 1.615153074264526367e+00 3.050192356109619141e+00 3.334020233154296875e+01
1.900000000000000000e+04 4.225275802612304688e+01 1.488258361816406250e+00 5.364027619361877441e-01 3.037416648864746094e+01 4.225275802612304688e+01 1.488258361816406250e+00 5.364027619361877441e-01 3.037416648864746094e+01
2.000000000000000000e+04 4.507995605468750000e+01 1.127693653106689453e+00 6.454253196716308594e+00 2.829795646667480469e+01 4.507995605468750000e+01 1.127693653106689453e+00 6.454253196716308594e+00 2.829795646667480469e+01
