# step, loss_train, loss_test, metrics_test
0.000000000000000000e+00 2.410353271484375000e+03 4.296906661987304688e+01 8.751294921875000000e+03 4.830243530273437500e+02 2.410353271484375000e+03 4.296906661987304688e+01 8.751294921875000000e+03 4.830243530273437500e+02
1.000000000000000000e+03 5.704768066406250000e+02 3.335031509399414062e+01 3.852863525390625000e+03 4.488181762695312500e+02 5.704768066406250000e+02 3.335031509399414062e+01 3.852863525390625000e+03 4.488181762695312500e+02
2.000000000000000000e+03 2.933977355957031250e+02 2.640748977661132812e+01 2.421842529296875000e+03 4.359039306640625000e+02 2.933977355957031250e+02 2.640748977661132812e+01 2.421842529296875000e+03 4.359039306640625000e+02
3.000000000000000000e+03 1.168547897338867188e+02 2.440915489196777344e+01 2.082618896484375000e+03 4.333470458984375000e+02 1.168547897338867188e+02 2.440915489196777344e+01 2.082618896484375000e+03 4.333470458984375000e+02
4.000000000000000000e+03 5.418031692504882812e+01 2.489984703063964844e+01 1.975698364257812500e+03 4.348362731933593750e+02 5.418031692504882812e+01 2.489984703063964844e+01 1.975698364257812500e+03 4.348362731933593750e+02
5.000000000000000000e+03 3.798526763916015625e+01 2.579858589172363281e+01 1.857202636718750000e+03 4.369024353027343750e+02 3.798526763916015625e+01 2.579858589172363281e+01 1.857202636718750000e+03 4.369024353027343750e+02
6.000000000000000000e+03 4.867644882202148438e+01 2.661009025573730469e+01 1.710554321289062500e+03 4.392273254394531250e+02 4.867644882202148438e+01 2.661009025573730469e+01 1.710554321289062500e+03 4.392273254394531250e+02
7.000000000000000000e+03 7.175663757324218750e+01 2.684200668334960938e+01 1.517569213867187500e+03 4.405627746582031250e+02 7.175663757324218750e+01 2.684200668334960938e+01 1.517569213867187500e+03 4.405627746582031250e+02
8.000000000000000000e+03 8.926490020751953125e+01 2.710891532897949219e+01 1.151716186523437500e+03 4.369635620117187500e+02 8.926490020751953125e+01 2.710891532897949219e+01 1.151716186523437500e+03 4.369635620117187500e+02
9.000000000000000000e+03 9.083677673339843750e+01 3.901100540161132812e+01 6.218777465820312500e+02 4.261314392089843750e+02 9.083677673339843750e+01 3.901100540161132812e+01 6.218777465820312500e+02 4.261314392089843750e+02
1.000000000000000000e+04 6.672679901123046875e+01 6.173731994628906250e+01 3.038120727539062500e+02 4.183948364257812500e+02 6.672679901123046875e+01 6.173731994628906250e+01 3.038120727539062500e+02 4.183948364257812500e+02
1.100000000000000000e+04 4.451670074462890625e+01 6.992360687255859375e+01 1.851687011718750000e+02 4.171093750000000000e+02 4.451670074462890625e+01 6.992360687255859375e+01 1.851687011718750000e+02 4.171093750000000000e+02
1.200000000000000000e+04 3.179518318176269531e+01 6.872129058837890625e+01 1.222349166870117188e+02 4.168627929687500000e+02 3.179518318176269531e+01 6.872129058837890625e+01 1.222349166870117188e+02 4.168627929687500000e+02
1.300000000000000000e+04 2.353266716003417969e+01 6.511727142333984375e+01 8.035419464111328125e+01 4.161692810058593750e+02 2.353266716003417969e+01 6.511727142333984375e+01 8.035419464111328125e+01 4.161692810058593750e+02
1.400000000000000000e+04 1.779834365844726562e+01 6.194124603271484375e+01 5.284078216552734375e+01 4.146690063476562500e+02 1.779834365844726562e+01 6.194124603271484375e+01 5.284078216552734375e+01 4.146690063476562500e+02
1.500000000000000000e+04 1.405643081665039062e+01 5.933542251586914062e+01 3.548068618774414062e+01 4.118873596191406250e+02 1.405643081665039062e+01 5.933542251586914062e+01 3.548068618774414062e+01 4.118873596191406250e+02
1.600000000000000000e+04 1.164769268035888672e+01 5.626333618164062500e+01 2.439537239074707031e+01 4.076691894531250000e+02 1.164769268035888672e+01 5.626333618164062500e+01 2.439537239074707031e+01 4.076691894531250000e+02
1.700000000000000000e+04 1.045430850982666016e+01 5.251344680786132812e+01 1.754032707214355469e+01 4.024224853515625000e+02 1.045430850982666016e+01 5.251344680786132812e+01 1.754032707214355469e+01 4.024224853515625000e+02
1.800000000000000000e+04 1.019559478759765625e+01 4.751968383789062500e+01 1.342149543762207031e+01 3.969917602539062500e+02 1.019559478759765625e+01 4.751968383789062500e+01 1.342149543762207031e+01 3.969917602539062500e+02
1.900000000000000000e+04 1.032297897338867188e+01 4.063434219360351562e+01 9.728701591491699219e+00 3.926698608398437500e+02 1.032297897338867188e+01 4.063434219360351562e+01 9.728701591491699219e+00 3.926698608398437500e+02
2.000000000000000000e+04 1.010164260864257812e+01 3.349050521850585938e+01 6.834906101226806641e+00 3.892262268066406250e+02 1.010164260864257812e+01 3.349050521850585938e+01 6.834906101226806641e+00 3.892262268066406250e+02
