# step, loss_train, loss_test, metrics_test
0.000000000000000000e+00 2.340527750000000000e+06 1.838357543945312500e+03 1.587517500000000000e+05 1.210315551757812500e+02 2.340527750000000000e+06 1.838357543945312500e+03 1.587517500000000000e+05 1.210315551757812500e+02
1.000000000000000000e+03 3.609533593750000000e+04 3.435006332397460938e+01 4.489306030273437500e+02 5.520345687866210938e+01 3.609533593750000000e+04 3.435006332397460938e+01 4.489306030273437500e+02 5.520345687866210938e+01
2.000000000000000000e+03 1.493119628906250000e+04 2.589487075805664062e+01 1.858039245605468750e+02 5.178619384765625000e+01 1.493119628906250000e+04 2.589487075805664062e+01 1.858039245605468750e+02 5.178619384765625000e+01
3.000000000000000000e+03 7.291394531250000000e+03 2.204982566833496094e+01 1.377634582519531250e+02 5.126147842407226562e+01 7.291394531250000000e+03 2.204982566833496094e+01 1.377634582519531250e+02 5.126147842407226562e+01
4.000000000000000000e+03 5.157780273437500000e+03 2.204847526550292969e+01 1.217273025512695312e+02 5.099361038208007812e+01 5.157780273437500000e+03 2.204847526550292969e+01 1.217273025512695312e+02 5.099361038208007812e+01
5.000000000000000000e+03 2.636928222656250000e+03 1.692713928222656250e+01 1.015384445190429688e+02 5.089287567138671875e+01 2.636928222656250000e+03 1.692713928222656250e+01 1.015384445190429688e+02 5.089287567138671875e+01
6.000000000000000000e+03 1.644677978515625000e+03 1.804695129394531250e+01 6.164451217651367188e+01 5.169908142089843750e+01 1.644677978515625000e+03 1.804695129394531250e+01 6.164451217651367188e+01 5.169908142089843750e+01
7.000000000000000000e+03 1.688999755859375000e+03 1.760782814025878906e+01 3.422169494628906250e+01 5.236543273925781250e+01 1.688999755859375000e+03 1.760782814025878906e+01 3.422169494628906250e+01 5.236543273925781250e+01
8.000000000000000000e+03 1.067845458984375000e+03 1.495350933074951172e+01 2.239546966552734375e+01 5.206910324096679688e+01 1.067845458984375000e+03 1.495350933074951172e+01 2.239546966552734375e+01 5.206910324096679688e+01
9.000000000000000000e+03 6.467735595703125000e+02 1.135799980163574219e+01 9.955787658691406250e+00 5.156872177124023438e+01 6.467735595703125000e+02 1.135799980163574219e+01 9.955787658691406250e+00 5.156872177124023438e+01
1.000000000000000000e+04 5.424525756835937500e+02 1.088196945190429688e+01 4.300569057464599609e+00 5.160966110229492188e+01 5.424525756835937500e+02 1.088196945190429688e+01 4.300569057464599609e+00 5.160966110229492188e+01
1.100000000000000000e+04 2.738224487304687500e+02 1.029379081726074219e+01 2.334419727325439453e+00 5.090697479248046875e+01 2.738224487304687500e+02 1.029379081726074219e+01 2.334419727325439453e+00 5.090697479248046875e+01
1.200000000000000000e+04 2.391517486572265625e+02 6.497783184051513672e+00 1.194206118583679199e+00 5.019600677490234375e+01 2.391517486572265625e+02 6.497783184051513672e+00 1.194206118583679199e+00 5.019600677490234375e+01
1.300000000000000000e+04 1.737742004394531250e+02 6.334943294525146484e+00 5.044503808021545410e-01 4.989101028442382812e+01 1.737742004394531250e+02 6.334943294525146484e+00 5.044503808021545410e-01 4.989101028442382812e+01
1.400000000000000000e+04 1.087680664062500000e+02 4.970049381256103516e+00 2.502192258834838867e-01 4.960192108154296875e+01 1.087680664062500000e+02 4.970049381256103516e+00 2.502192258834838867e-01 4.960192108154296875e+01
1.500000000000000000e+04 8.318315124511718750e+01 3.339415073394775391e+00 7.781140208244323730e-01 4.905415344238281250e+01 8.318315124511718750e+01 3.339415073394775391e+00 7.781140208244323730e-01 4.905415344238281250e+01
1.600000000000000000e+04 4.387423706054687500e+01 2.697263240814208984e+00 4.257511496543884277e-01 4.847185134887695312e+01 4.387423706054687500e+01 2.697263240814208984e+00 4.257511496543884277e-01 4.847185134887695312e+01
1.700000000000000000e+04 3.393461990356445312e+01 2.187696695327758789e+00 3.347497582435607910e-01 4.780827331542968750e+01 3.393461990356445312e+01 2.187696695327758789e+00 3.347497582435607910e-01 4.780827331542968750e+01
1.800000000000000000e+04 2.891193771362304688e+01 1.714070200920104980e+00 3.101607263088226318e-01 4.753641891479492188e+01 2.891193771362304688e+01 1.714070200920104980e+00 3.101607263088226318e-01 4.753641891479492188e+01
1.900000000000000000e+04 2.504127120971679688e+01 1.679932355880737305e+00 4.555065333843231201e-01 4.692388534545898438e+01 2.504127120971679688e+01 1.679932355880737305e+00 4.555065333843231201e-01 4.692388534545898438e+01
2.000000000000000000e+04 1.956675148010253906e+01 1.565142989158630371e+00 9.523337483406066895e-01 4.654279708862304688e+01 1.956675148010253906e+01 1.565142989158630371e+00 9.523337483406066895e-01 4.654279708862304688e+01
