# step, loss_train, loss_test, metrics_test
0.000000000000000000e+00 4.048681152343750000e+03 1.848204994201660156e+01 5.493045410156250000e+03 2.113472290039062500e+02 4.048681152343750000e+03 1.848204994201660156e+01 5.493045410156250000e+03 2.113472290039062500e+02
1.000000000000000000e+03 1.742281319216942848e-10 1.391404151916503906e+01 1.810277587890625000e+03 2.031889190673828125e+02 1.742281319216942848e-10 1.391404151916503906e+01 1.810277587890625000e+03 2.031889190673828125e+02
2.000000000000000000e+03 1.742281319216942848e-10 1.391404151916503906e+01 1.810277587890625000e+03 2.031889190673828125e+02 1.742281319216942848e-10 1.391404151916503906e+01 1.810277587890625000e+03 2.031889190673828125e+02
3.000000000000000000e+03 1.742281319216942848e-10 1.391406440734863281e+01 1.810277465820312500e+03 2.031889343261718750e+02 1.742281319216942848e-10 1.391406440734863281e+01 1.810277465820312500e+03 2.031889343261718750e+02
4.000000000000000000e+03 1.742281319216942848e-10 1.391404151916503906e+01 1.810277587890625000e+03 2.031889190673828125e+02 1.742281319216942848e-10 1.391404151916503906e+01 1.810277587890625000e+03 2.031889190673828125e+02
5.000000000000000000e+03 1.742281319216942848e-10 1.391406440734863281e+01 1.810277465820312500e+03 2.031889343261718750e+02 1.742281319216942848e-10 1.391406440734863281e+01 1.810277465820312500e+03 2.031889343261718750e+02
6.000000000000000000e+03 1.742281319216942848e-10 1.391408157348632812e+01 1.810277465820312500e+03 2.031889343261718750e+02 1.742281319216942848e-10 1.391408157348632812e+01 1.810277465820312500e+03 2.031889343261718750e+02
7.000000000000000000e+03 1.742281319216942848e-10 1.391420650482177734e+01 1.810277465820312500e+03 2.031890258789062500e+02 1.742281319216942848e-10 1.391420650482177734e+01 1.810277465820312500e+03 2.031890258789062500e+02
8.000000000000000000e+03 1.742281735550577082e-10 1.391425895690917969e+01 1.810277221679687500e+03 2.031890411376953125e+02 1.742281735550577082e-10 1.391425895690917969e+01 1.810277221679687500e+03 2.031890411376953125e+02
9.000000000000000000e+03 1.742280902883308613e-10 1.391490268707275391e+01 1.810276000976562500e+03 2.031894378662109375e+02 1.742280902883308613e-10 1.391490268707275391e+01 1.810276000976562500e+03 2.031894378662109375e+02
1.000000000000000000e+04 1.742278682437259363e-10 1.391199874877929688e+01 1.810280761718750000e+03 2.031876678466796875e+02 1.742278682437259363e-10 1.391199874877929688e+01 1.810280761718750000e+03 2.031876678466796875e+02
1.100000000000000000e+04 1.742377631064329080e-10 1.421249580383300781e+01 1.810234008789062500e+03 2.033710937500000000e+02 1.742377631064329080e-10 1.421249580383300781e+01 1.810234008789062500e+03 2.033710937500000000e+02
1.200000000000000000e+04 1.742366806389838985e-10 1.406749439239501953e+01 1.810147583007812500e+03 2.032825317382812500e+02 1.742366806389838985e-10 1.406749439239501953e+01 1.810147583007812500e+03 2.032825317382812500e+02
1.300000000000000000e+04 1.742280347771796301e-10 1.391447162628173828e+01 1.810276855468750000e+03 2.031891784667968750e+02 1.742280347771796301e-10 1.391447162628173828e+01 1.810276855468750000e+03 2.031891784667968750e+02
1.400000000000000000e+04 1.785459557979152123e-10 1.476940917968750000e+02 1.017660058593750000e+04 2.877348632812500000e+02 1.785459557979152123e-10 1.476940917968750000e+02 1.017660058593750000e+04 2.877348632812500000e+02
1.500000000000000000e+04 1.741399108246000083e-10 1.316454887390136719e+01 1.814589843750000000e+03 2.027328643798828125e+02 1.741399108246000083e-10 1.316454887390136719e+01 1.814589843750000000e+03 2.027328643798828125e+02
1.600000000000000000e+04 1.742268412874281580e-10 1.388119697570800781e+01 1.810335815429687500e+03 2.031688690185546875e+02 1.742268412874281580e-10 1.388119697570800781e+01 1.810335815429687500e+03 2.031688690185546875e+02
1.700000000000000000e+04 1.742529315285068492e-10 1.409532928466796875e+01 1.810149047851562500e+03 2.032995300292968750e+02 1.742529315285068492e-10 1.409532928466796875e+01 1.810149047851562500e+03 2.032995300292968750e+02
1.800000000000000000e+04 1.741716909586799034e-10 1.335968494415283203e+01 1.812828857421875000e+03 2.028513793945312500e+02 1.741716909586799034e-10 1.335968494415283203e+01 1.812828857421875000e+03 2.028513793945312500e+02
1.900000000000000000e+04 1.742401917192992755e-10 1.409687614440917969e+01 1.810149169921875000e+03 2.033004760742187500e+02 1.742401917192992755e-10 1.409687614440917969e+01 1.810149169921875000e+03 2.033004760742187500e+02
2.000000000000000000e+04 1.741676941557912528e-10 1.378879547119140625e+01 1.810559570312500000e+03 2.031125335693359375e+02 1.741676941557912528e-10 1.378879547119140625e+01 1.810559570312500000e+03 2.031125335693359375e+02
