# step, loss_train, loss_test, metrics_test
0.000000000000000000e+00 1.219359125000000000e+06 4.277040100097656250e+02 6.160699218750000000e+04 8.241822509765625000e+02 1.219359125000000000e+06 4.277040100097656250e+02 6.160699218750000000e+04 8.241822509765625000e+02
1.000000000000000000e+03 6.724253845214843750e+01 3.078576660156250000e+01 2.695662260055541992e+00 3.503995361328125000e+02 6.724253845214843750e+01 3.078576660156250000e+01 2.695662260055541992e+00 3.503995361328125000e+02
2.000000000000000000e+03 3.023108673095703125e+01 2.473646545410156250e+01 1.790645599365234375e+00 3.438110351562500000e+02 3.023108673095703125e+01 2.473646545410156250e+01 1.790645599365234375e+00 3.438110351562500000e+02
3.000000000000000000e+03 1.798851966857910156e+01 2.091757583618164062e+01 1.574631810188293457e+00 3.387153930664062500e+02 1.798851966857910156e+01 2.091757583618164062e+01 1.574631810188293457e+00 3.387153930664062500e+02
4.000000000000000000e+03 1.413489913940429688e+01 1.687141609191894531e+01 1.359925031661987305e+00 3.367396240234375000e+02 1.413489913940429688e+01 1.687141609191894531e+01 1.359925031661987305e+00 3.367396240234375000e+02
5.000000000000000000e+03 1.086619472503662109e+01 1.459150314331054688e+01 1.114342808723449707e+00 3.333159484863281250e+02 1.086619472503662109e+01 1.459150314331054688e+01 1.114342808723449707e+00 3.333159484863281250e+02
6.000000000000000000e+03 2.684028816223144531e+01 1.208246612548828125e+01 3.855435848236083984e+00 3.314983520507812500e+02 2.684028816223144531e+01 1.208246612548828125e+01 3.855435848236083984e+00 3.314983520507812500e+02
7.000000000000000000e+03 5.636674404144287109e+00 1.213814926147460938e+01 8.997498750686645508e-01 3.249439392089843750e+02 5.636674404144287109e+00 1.213814926147460938e+01 8.997498750686645508e-01 3.249439392089843750e+02
8.000000000000000000e+03 3.827129516601562500e+02 8.903755187988281250e+00 1.159138679504394531e+01 3.234118041992187500e+02 3.827129516601562500e+02 8.903755187988281250e+00 1.159138679504394531e+01 3.234118041992187500e+02
9.000000000000000000e+03 2.546978187561035156e+01 9.479947090148925781e+00 2.450629472732543945e+00 3.179461975097656250e+02 2.546978187561035156e+01 9.479947090148925781e+00 2.450629472732543945e+00 3.179461975097656250e+02
1.000000000000000000e+04 6.739356994628906250e+01 9.027753829956054688e+00 4.035093307495117188e+00 3.116462402343750000e+02 6.739356994628906250e+01 9.027753829956054688e+00 4.035093307495117188e+00 3.116462402343750000e+02
1.100000000000000000e+04 7.051557540893554688e+00 9.898172378540039062e+00 9.120015501976013184e-01 3.019043884277343750e+02 7.051557540893554688e+00 9.898172378540039062e+00 9.120015501976013184e-01 3.019043884277343750e+02
1.200000000000000000e+04 5.356298828125000000e+01 8.686786651611328125e+00 2.060531139373779297e+00 2.921923217773437500e+02 5.356298828125000000e+01 8.686786651611328125e+00 2.060531139373779297e+00 2.921923217773437500e+02
1.300000000000000000e+04 2.229196548461914062e+01 7.493082046508789062e+00 2.151577234268188477e+00 2.772377624511718750e+02 2.229196548461914062e+01 7.493082046508789062e+00 2.151577234268188477e+00 2.772377624511718750e+02
1.400000000000000000e+04 5.938800334930419922e+00 6.806971549987792969e+00 1.233688473701477051e+00 2.570014648437500000e+02 5.938800334930419922e+00 6.806971549987792969e+00 1.233688473701477051e+00 2.570014648437500000e+02
1.500000000000000000e+04 7.955862522125244141e+00 7.821857929229736328e+00 1.122894883155822754e+00 2.589403381347656250e+02 7.955862522125244141e+00 7.821857929229736328e+00 1.122894883155822754e+00 2.589403381347656250e+02
1.600000000000000000e+04 1.971133804321289062e+01 6.834093570709228516e+00 1.130490779876708984e+00 2.341441345214843750e+02 1.971133804321289062e+01 6.834093570709228516e+00 1.130490779876708984e+00 2.341441345214843750e+02
1.700000000000000000e+04 9.145359992980957031e+00 5.547019958496093750e+00 7.043011784553527832e-01 2.072047882080078125e+02 9.145359992980957031e+00 5.547019958496093750e+00 7.043011784553527832e-01 2.072047882080078125e+02
1.800000000000000000e+04 9.966325759887695312e+00 4.552431106567382812e+00 6.046682000160217285e-01 1.795714416503906250e+02 9.966325759887695312e+00 4.552431106567382812e+00 6.046682000160217285e-01 1.795714416503906250e+02
1.900000000000000000e+04 1.741415977478027344e+01 4.240650653839111328e+00 7.892516851425170898e-01 1.574776000976562500e+02 1.741415977478027344e+01 4.240650653839111328e+00 7.892516851425170898e-01 1.574776000976562500e+02
2.000000000000000000e+04 8.421780586242675781e+00 2.584236621856689453e+00 4.479998350143432617e-01 1.283356170654296875e+02 8.421780586242675781e+00 2.584236621856689453e+00 4.479998350143432617e-01 1.283356170654296875e+02
