# step, loss_train, loss_test, metrics_test
0.000000000000000000e+00 0.000000000000000000e+00 2.595353698730468750e+01 0.000000000000000000e+00 4.115763244628906250e+02 0.000000000000000000e+00 2.595353698730468750e+01 0.000000000000000000e+00 4.115763244628906250e+02
1.000000000000000000e+03 0.000000000000000000e+00 2.192427635192871094e+01 0.000000000000000000e+00 1.412311248779296875e+02 0.000000000000000000e+00 2.192427635192871094e+01 0.000000000000000000e+00 1.412311248779296875e+02
2.000000000000000000e+03 0.000000000000000000e+00 1.141478419303894043e+00 0.000000000000000000e+00 4.207428741455078125e+01 0.000000000000000000e+00 1.141478419303894043e+00 0.000000000000000000e+00 4.207428741455078125e+01
3.000000000000000000e+03 0.000000000000000000e+00 1.164591219276189804e-02 0.000000000000000000e+00 9.692583084106445312e-01 0.000000000000000000e+00 1.164591219276189804e-02 0.000000000000000000e+00 9.692583084106445312e-01
4.000000000000000000e+03 0.000000000000000000e+00 8.265715092420578003e-03 0.000000000000000000e+00 3.537341356277465820e-01 0.000000000000000000e+00 8.265715092420578003e-03 0.000000000000000000e+00 3.537341356277465820e-01
5.000000000000000000e+03 0.000000000000000000e+00 4.606244154274463654e-03 0.000000000000000000e+00 1.706356853246688843e-01 0.000000000000000000e+00 4.606244154274463654e-03 0.000000000000000000e+00 1.706356853246688843e-01
6.000000000000000000e+03 0.000000000000000000e+00 2.714355243369936943e-03 0.000000000000000000e+00 9.795282781124114990e-02 0.000000000000000000e+00 2.714355243369936943e-03 0.000000000000000000e+00 9.795282781124114990e-02
7.000000000000000000e+03 0.000000000000000000e+00 1.651219907216727734e-03 0.000000000000000000e+00 6.379303336143493652e-02 0.000000000000000000e+00 1.651219907216727734e-03 0.000000000000000000e+00 6.379303336143493652e-02
8.000000000000000000e+03 0.000000000000000000e+00 1.086725154891610146e-03 0.000000000000000000e+00 4.503934830427169800e-02 0.000000000000000000e+00 1.086725154891610146e-03 0.000000000000000000e+00 4.503934830427169800e-02
9.000000000000000000e+03 0.000000000000000000e+00 1.622965326532721519e-03 0.000000000000000000e+00 3.402950987219810486e-02 0.000000000000000000e+00 1.622965326532721519e-03 0.000000000000000000e+00 3.402950987219810486e-02
1.000000000000000000e+04 0.000000000000000000e+00 2.803719835355877876e-04 0.000000000000000000e+00 2.551524154841899872e-02 0.000000000000000000e+00 2.803719835355877876e-04 0.000000000000000000e+00 2.551524154841899872e-02
1.100000000000000000e+04 0.000000000000000000e+00 1.614139910088852048e-04 0.000000000000000000e+00 2.019086852669715881e-02 0.000000000000000000e+00 1.614139910088852048e-04 0.000000000000000000e+00 2.019086852669715881e-02
1.200000000000000000e+04 0.000000000000000000e+00 1.259823620785027742e-04 0.000000000000000000e+00 1.640745624899864197e-02 0.000000000000000000e+00 1.259823620785027742e-04 0.000000000000000000e+00 1.640745624899864197e-02
1.300000000000000000e+04 0.000000000000000000e+00 4.631265532225370407e-03 0.000000000000000000e+00 1.552601344883441925e-02 0.000000000000000000e+00 4.631265532225370407e-03 0.000000000000000000e+00 1.552601344883441925e-02
1.400000000000000000e+04 0.000000000000000000e+00 5.618075010715983808e-05 0.000000000000000000e+00 1.164153032004833221e-02 0.000000000000000000e+00 5.618075010715983808e-05 0.000000000000000000e+00 1.164153032004833221e-02
1.500000000000000000e+04 0.000000000000000000e+00 1.757749269017949700e-04 0.000000000000000000e+00 1.008091121912002563e-02 0.000000000000000000e+00 1.757749269017949700e-04 0.000000000000000000e+00 1.008091121912002563e-02
1.600000000000000000e+04 0.000000000000000000e+00 4.193711356492713094e-05 0.000000000000000000e+00 8.835655637085437775e-03 0.000000000000000000e+00 4.193711356492713094e-05 0.000000000000000000e+00 8.835655637085437775e-03
1.700000000000000000e+04 0.000000000000000000e+00 5.115163730806671083e-05 0.000000000000000000e+00 7.726539392024278641e-03 0.000000000000000000e+00 5.115163730806671083e-05 0.000000000000000000e+00 7.726539392024278641e-03
1.800000000000000000e+04 0.000000000000000000e+00 1.016056558000855148e-05 0.000000000000000000e+00 6.846387870609760284e-03 0.000000000000000000e+00 1.016056558000855148e-05 0.000000000000000000e+00 6.846387870609760284e-03
1.900000000000000000e+04 0.000000000000000000e+00 7.907138751761522144e-06 0.000000000000000000e+00 6.128604523837566376e-03 0.000000000000000000e+00 7.907138751761522144e-06 0.000000000000000000e+00 6.128604523837566376e-03
2.000000000000000000e+04 0.000000000000000000e+00 3.292369365226477385e-05 0.000000000000000000e+00 5.535657983273267746e-03 0.000000000000000000e+00 3.292369365226477385e-05 0.000000000000000000e+00 5.535657983273267746e-03
