# step, loss_train, loss_test, metrics_test
0.000000000000000000e+00 6.163175625000000000e+05 2.119449768066406250e+02 1.687861132812500000e+04 7.235521850585937500e+02 6.163175625000000000e+05 2.119449768066406250e+02 1.687861132812500000e+04 7.235521850585937500e+02
1.000000000000000000e+03 2.443696777343750000e+03 9.849646568298339844e+00 4.988371276855468750e+02 3.470316467285156250e+02 2.443696777343750000e+03 9.849646568298339844e+00 4.988371276855468750e+02 3.470316467285156250e+02
2.000000000000000000e+03 4.124727343750000000e+04 1.378719711303710938e+01 9.347073364257812500e+02 3.322255859375000000e+02 4.124727343750000000e+04 1.378719711303710938e+01 9.347073364257812500e+02 3.322255859375000000e+02
3.000000000000000000e+03 0.000000000000000000e+00 1.915149879455566406e+01 2.393583984375000000e+03 3.624533081054687500e+02 0.000000000000000000e+00 1.915149879455566406e+01 2.393583984375000000e+03 3.624533081054687500e+02
4.000000000000000000e+03 0.000000000000000000e+00 1.806891632080078125e+01 2.301722900390625000e+03 3.608991394042968750e+02 0.000000000000000000e+00 1.806891632080078125e+01 2.301722900390625000e+03 3.608991394042968750e+02
5.000000000000000000e+03 0.000000000000000000e+00 1.644727134704589844e+01 2.160748046875000000e+03 3.585667419433593750e+02 0.000000000000000000e+00 1.644727134704589844e+01 2.160748046875000000e+03 3.585667419433593750e+02
6.000000000000000000e+03 0.000000000000000000e+00 1.420300674438476562e+01 1.956938232421875000e+03 3.553278808593750000e+02 0.000000000000000000e+00 1.420300674438476562e+01 1.956938232421875000e+03 3.553278808593750000e+02
7.000000000000000000e+03 0.000000000000000000e+00 1.147402095794677734e+01 1.687532958984375000e+03 3.513620300292968750e+02 0.000000000000000000e+00 1.147402095794677734e+01 1.687532958984375000e+03 3.513620300292968750e+02
8.000000000000000000e+03 0.000000000000000000e+00 8.861390113830566406e+00 1.378892822265625000e+03 3.475010070800781250e+02 0.000000000000000000e+00 8.861390113830566406e+00 1.378892822265625000e+03 3.475010070800781250e+02
9.000000000000000000e+03 0.000000000000000000e+00 7.442537307739257812e+00 1.098041748046875000e+03 3.452605590820312500e+02 0.000000000000000000e+00 7.442537307739257812e+00 1.098041748046875000e+03 3.452605590820312500e+02
1.000000000000000000e+04 0.000000000000000000e+00 7.956985950469970703e+00 9.208699340820312500e+02 3.457191467285156250e+02 0.000000000000000000e+00 7.956985950469970703e+00 9.208699340820312500e+02 3.457191467285156250e+02
1.100000000000000000e+04 0.000000000000000000e+00 9.557060241699218750e+00 8.572636108398437500e+02 3.477633972167968750e+02 0.000000000000000000e+00 9.557060241699218750e+00 8.572636108398437500e+02 3.477633972167968750e+02
1.200000000000000000e+04 0.000000000000000000e+00 1.059014892578125000e+01 8.468781127929687500e+02 3.491222229003906250e+02 0.000000000000000000e+00 1.059014892578125000e+01 8.468781127929687500e+02 3.491222229003906250e+02
1.300000000000000000e+04 0.000000000000000000e+00 1.081843757629394531e+01 8.461018676757812500e+02 3.494244079589843750e+02 0.000000000000000000e+00 1.081843757629394531e+01 8.461018676757812500e+02 3.494244079589843750e+02
1.400000000000000000e+04 0.000000000000000000e+00 1.083149719238281250e+01 8.460708007812500000e+02 3.494417419433593750e+02 0.000000000000000000e+00 1.083149719238281250e+01 8.460708007812500000e+02 3.494417419433593750e+02
1.500000000000000000e+04 0.000000000000000000e+00 1.083152484893798828e+01 8.460708007812500000e+02 3.494417419433593750e+02 0.000000000000000000e+00 1.083152484893798828e+01 8.460708007812500000e+02 3.494417419433593750e+02
1.600000000000000000e+04 0.000000000000000000e+00 1.083154773712158203e+01 8.460706787109375000e+02 3.494418029785156250e+02 0.000000000000000000e+00 1.083154773712158203e+01 8.460706787109375000e+02 3.494418029785156250e+02
1.700000000000000000e+04 0.000000000000000000e+00 1.083156299591064453e+01 8.460706787109375000e+02 3.494418029785156250e+02 0.000000000000000000e+00 1.083156299591064453e+01 8.460706787109375000e+02 3.494418029785156250e+02
1.800000000000000000e+04 0.000000000000000000e+00 1.083157062530517578e+01 8.460706176757812500e+02 3.494418029785156250e+02 0.000000000000000000e+00 1.083157062530517578e+01 8.460706176757812500e+02 3.494418029785156250e+02
1.900000000000000000e+04 0.000000000000000000e+00 1.083157539367675781e+01 8.460706176757812500e+02 3.494418029785156250e+02 0.000000000000000000e+00 1.083157539367675781e+01 8.460706176757812500e+02 3.494418029785156250e+02
2.000000000000000000e+04 0.000000000000000000e+00 1.083157920837402344e+01 8.460706176757812500e+02 3.494418029785156250e+02 0.000000000000000000e+00 1.083157920837402344e+01 8.460706176757812500e+02 3.494418029785156250e+02
