# step, loss_train, loss_test, metrics_test
0.000000000000000000e+00 1.134728320312500000e+04 1.012042999267578125e+02 2.085568359375000000e+04 1.059263000488281250e+02 1.134728320312500000e+04 1.012042999267578125e+02 2.085568359375000000e+04 1.059263000488281250e+02
1.000000000000000000e+03 3.752767562866210938e+00 1.625603437423706055e-01 1.903247088193893433e-03 8.307784271240234375e+01 3.752767562866210938e+00 1.625603437423706055e-01 1.903247088193893433e-03 8.307784271240234375e+01
2.000000000000000000e+03 1.857095360755920410e+00 1.162590608000755310e-01 4.397373199462890625e-01 7.056533050537109375e+01 1.857095360755920410e+00 1.162590608000755310e-01 4.397373199462890625e-01 7.056533050537109375e+01
3.000000000000000000e+03 2.375741720199584961e+00 2.700622797012329102e+00 2.676653146743774414e+00 9.144399261474609375e+01 2.375741720199584961e+00 2.700622797012329102e+00 2.676653146743774414e+00 9.144399261474609375e+01
4.000000000000000000e+03 2.343673905790582784e+18 1.378736035156250000e+04 3.054956544000000000e+09 3.734757080078125000e+03 2.343673905790582784e+18 1.378736035156250000e+04 3.054956544000000000e+09 3.734757080078125000e+03
5.000000000000000000e+03 3.162178846720000000e+12 2.820873641967773438e+01 1.710250781250000000e+04 9.606400299072265625e+01 3.162178846720000000e+12 2.820873641967773438e+01 1.710250781250000000e+04 9.606400299072265625e+01
6.000000000000000000e+03 1.149982867456000000e+12 1.261435794830322266e+01 7.183791992187500000e+03 9.152608489990234375e+01 1.149982867456000000e+12 1.261435794830322266e+01 7.183791992187500000e+03 9.152608489990234375e+01
7.000000000000000000e+03 5.506146631680000000e+11 1.394771003723144531e+01 5.125479003906250000e+03 9.186241912841796875e+01 5.506146631680000000e+11 1.394771003723144531e+01 5.125479003906250000e+03 9.186241912841796875e+01
8.000000000000000000e+03 2.885565480960000000e+11 1.426088142395019531e+01 4.161334960937500000e+03 9.194161224365234375e+01 2.885565480960000000e+11 1.426088142395019531e+01 4.161334960937500000e+03 9.194161224365234375e+01
9.000000000000000000e+03 3.310121779200000000e+11 2.180904197692871094e+01 4.076541015625000000e+03 9.388739013671875000e+01 3.310121779200000000e+11 2.180904197692871094e+01 4.076541015625000000e+03 9.388739013671875000e+01
1.000000000000000000e+04 6.050031206400000000e+10 1.763723564147949219e+01 2.991394287109375000e+03 9.280683898925781250e+01 6.050031206400000000e+10 1.763723564147949219e+01 2.991394287109375000e+03 9.280683898925781250e+01
1.100000000000000000e+04 2.920869068800000000e+10 1.560420799255371094e+01 2.864429443359375000e+03 9.228433990478515625e+01 2.920869068800000000e+10 1.560420799255371094e+01 2.864429443359375000e+03 9.228433990478515625e+01
1.200000000000000000e+04 1.305974272000000000e+10 1.530422401428222656e+01 2.680836914062500000e+03 9.220753479003906250e+01 1.305974272000000000e+10 1.530422401428222656e+01 2.680836914062500000e+03 9.220753479003906250e+01
1.300000000000000000e+04 3.961656320000000000e+09 1.508874607086181641e+01 2.674832763671875000e+03 9.215209960937500000e+01 3.961656320000000000e+09 1.508874607086181641e+01 2.674832763671875000e+03 9.215209960937500000e+01
1.400000000000000000e+04 1.346234496000000000e+09 1.524137401580810547e+01 2.682790771484375000e+03 9.219112396240234375e+01 1.346234496000000000e+09 1.524137401580810547e+01 2.682790771484375000e+03 9.219112396240234375e+01
1.500000000000000000e+04 4.520220160000000000e+08 1.520964431762695312e+01 2.710816406250000000e+03 9.218305969238281250e+01 4.520220160000000000e+08 1.520964431762695312e+01 2.710816406250000000e+03 9.218305969238281250e+01
1.600000000000000000e+04 1.887955680000000000e+08 1.512581253051757812e+01 2.701944580078125000e+03 9.216154479980468750e+01 1.887955680000000000e+08 1.512581253051757812e+01 2.701944580078125000e+03 9.216154479980468750e+01
1.700000000000000000e+04 8.011792000000000000e+07 1.510527038574218750e+01 2.675454833984375000e+03 9.215631866455078125e+01 8.011792000000000000e+07 1.510527038574218750e+01 2.675454833984375000e+03 9.215631866455078125e+01
1.800000000000000000e+04 7.419261747200000000e+11 1.529035568237304688e+01 7.560442871093750000e+03 9.220468902587890625e+01 7.419261747200000000e+11 1.529035568237304688e+01 7.560442871093750000e+03 9.220468902587890625e+01
1.900000000000000000e+04 6.186746400000000000e+07 1.511659240722656250e+01 2.657143798828125000e+03 9.215921783447265625e+01 6.186746400000000000e+07 1.511659240722656250e+01 2.657143798828125000e+03 9.215921783447265625e+01
2.000000000000000000e+04 6.401683125000000000e+05 1.513098430633544922e+01 2.658422119140625000e+03 9.216292572021484375e+01 6.401683125000000000e+05 1.513098430633544922e+01 2.658422119140625000e+03 9.216292572021484375e+01
