# step, loss_train, loss_test, metrics_test
0.000000000000000000e+00 1.760644653320312500e+03 2.270935821533203125e+01 4.260633300781250000e+03 3.630926818847656250e+02 1.760644653320312500e+03 2.270935821533203125e+01 4.260633300781250000e+03 3.630926818847656250e+02
1.000000000000000000e+03 1.533951091766357422e+01 4.787207794189453125e+01 1.333734893798828125e+01 3.708467712402343750e+02 1.533951091766357422e+01 4.787207794189453125e+01 1.333734893798828125e+01 3.708467712402343750e+02
2.000000000000000000e+03 7.207669734954833984e+00 4.584497451782226562e+01 3.899453401565551758e+00 3.500575256347656250e+02 7.207669734954833984e+00 4.584497451782226562e+01 3.899453401565551758e+00 3.500575256347656250e+02
3.000000000000000000e+03 4.943631172180175781e+00 4.094924163818359375e+01 1.912337064743041992e+00 3.366743774414062500e+02 4.943631172180175781e+00 4.094924163818359375e+01 1.912337064743041992e+00 3.366743774414062500e+02
4.000000000000000000e+03 4.301345348358154297e+00 2.954477882385253906e+01 1.200702548027038574e+00 3.300903625488281250e+02 4.301345348358154297e+00 2.954477882385253906e+01 1.200702548027038574e+00 3.300903625488281250e+02
5.000000000000000000e+03 4.238125324249267578e+00 1.711969566345214844e+01 9.239810705184936523e-01 3.250450439453125000e+02 4.238125324249267578e+00 1.711969566345214844e+01 9.239810705184936523e-01 3.250450439453125000e+02
6.000000000000000000e+03 3.528183937072753906e+00 1.179324436187744141e+01 8.864268660545349121e-01 3.196420288085937500e+02 3.528183937072753906e+00 1.179324436187744141e+01 8.864268660545349121e-01 3.196420288085937500e+02
7.000000000000000000e+03 3.059269189834594727e+00 1.221823120117187500e+01 9.007303118705749512e-01 3.132651062011718750e+02 3.059269189834594727e+00 1.221823120117187500e+01 9.007303118705749512e-01 3.132651062011718750e+02
8.000000000000000000e+03 3.077959775924682617e+00 1.329738044738769531e+01 1.189977049827575684e+00 3.049862060546875000e+02 3.077959775924682617e+00 1.329738044738769531e+01 1.189977049827575684e+00 3.049862060546875000e+02
9.000000000000000000e+03 5.057099819183349609e+00 1.444306278228759766e+01 1.218116879463195801e+00 2.896594543457031250e+02 5.057099819183349609e+00 1.444306278228759766e+01 1.218116879463195801e+00 2.896594543457031250e+02
1.000000000000000000e+04 1.212373161315917969e+01 1.464500808715820312e+01 1.156330704689025879e+00 2.562922363281250000e+02 1.212373161315917969e+01 1.464500808715820312e+01 1.156330704689025879e+00 2.562922363281250000e+02
1.100000000000000000e+04 2.740305519104003906e+01 1.342484569549560547e+01 1.906035542488098145e+00 1.965778808593750000e+02 2.740305519104003906e+01 1.342484569549560547e+01 1.906035542488098145e+00 1.965778808593750000e+02
1.200000000000000000e+04 3.874100875854492188e+01 1.197505760192871094e+01 2.629767656326293945e+00 1.463756103515625000e+02 3.874100875854492188e+01 1.197505760192871094e+01 2.629767656326293945e+00 1.463756103515625000e+02
1.300000000000000000e+04 4.498972320556640625e+01 1.003569889068603516e+01 2.869769096374511719e+00 1.076106414794921875e+02 4.498972320556640625e+01 1.003569889068603516e+01 2.869769096374511719e+00 1.076106414794921875e+02
1.400000000000000000e+04 4.854955673217773438e+01 8.569867134094238281e+00 3.189018249511718750e+00 8.402699279785156250e+01 4.854955673217773438e+01 8.569867134094238281e+00 3.189018249511718750e+00 8.402699279785156250e+01
1.500000000000000000e+04 5.392413330078125000e+01 7.089133262634277344e+00 3.326660156250000000e+00 7.005716705322265625e+01 5.392413330078125000e+01 7.089133262634277344e+00 3.326660156250000000e+00 7.005716705322265625e+01
1.600000000000000000e+04 4.864398574829101562e+01 6.597257614135742188e+00 3.196966409683227539e+00 6.351661300659179688e+01 4.864398574829101562e+01 6.597257614135742188e+00 3.196966409683227539e+00 6.351661300659179688e+01
1.700000000000000000e+04 4.815998077392578125e+01 6.023115634918212891e+00 2.530989170074462891e+00 5.330105209350585938e+01 4.815998077392578125e+01 6.023115634918212891e+00 2.530989170074462891e+00 5.330105209350585938e+01
1.800000000000000000e+04 5.028365707397460938e+01 5.786437034606933594e+00 2.321538209915161133e+00 5.077893829345703125e+01 5.028365707397460938e+01 5.786437034606933594e+00 2.321538209915161133e+00 5.077893829345703125e+01
1.900000000000000000e+04 4.704435729980468750e+01 5.240903377532958984e+00 2.026688337326049805e+00 4.520500946044921875e+01 4.704435729980468750e+01 5.240903377532958984e+00 2.026688337326049805e+00 4.520500946044921875e+01
2.000000000000000000e+04 5.302106475830078125e+01 4.868143558502197266e+00 1.933115243911743164e+00 4.427738571166992188e+01 5.302106475830078125e+01 4.868143558502197266e+00 1.933115243911743164e+00 4.427738571166992188e+01
