# step, loss_train, loss_test, metrics_test
0.000000000000000000e+00 1.076998168945312500e+03 3.919147491455078125e+01 1.289527050781250000e+04 2.566295471191406250e+02 1.076998168945312500e+03 3.919147491455078125e+01 1.289527050781250000e+04 2.566295471191406250e+02
1.000000000000000000e+03 4.152642577537335455e-05 1.530854511260986328e+01 2.744972167968750000e+03 2.362955627441406250e+02 4.152642577537335455e-05 1.530854511260986328e+01 2.744972167968750000e+03 2.362955627441406250e+02
2.000000000000000000e+03 7.780813575664069504e-07 1.530958747863769531e+01 2.745009765625000000e+03 2.362957000732421875e+02 7.780813575664069504e-07 1.530958747863769531e+01 2.745009765625000000e+03 2.362957000732421875e+02
3.000000000000000000e+03 2.441350943627185188e-07 1.672410392761230469e+01 2.753769042968750000e+03 2.372133026123046875e+02 2.441350943627185188e-07 1.672410392761230469e+01 2.753769042968750000e+03 2.372133026123046875e+02
4.000000000000000000e+03 9.077769091980769645e-10 1.530960273742675781e+01 2.745004638671875000e+03 2.362957305908203125e+02 9.077769091980769645e-10 1.530960273742675781e+01 2.745004638671875000e+03 2.362957305908203125e+02
5.000000000000000000e+03 5.815106174367201675e-10 1.530982112884521484e+01 2.745004150390625000e+03 2.362958679199218750e+02 5.815106174367201675e-10 1.530982112884521484e+01 2.745004150390625000e+03 2.362958679199218750e+02
6.000000000000000000e+03 9.055509120337035256e-11 1.530958175659179688e+01 2.745004638671875000e+03 2.362957305908203125e+02 9.055509120337035256e-11 1.530958175659179688e+01 2.745004638671875000e+03 2.362957305908203125e+02
7.000000000000000000e+03 1.908077251755457837e-09 1.530960559844970703e+01 2.745004394531250000e+03 2.362957305908203125e+02 1.908077251755457837e-09 1.530960559844970703e+01 2.745004394531250000e+03 2.362957305908203125e+02
8.000000000000000000e+03 1.562389106979367170e-09 1.530722236633300781e+01 2.745008789062500000e+03 2.362941741943359375e+02 1.562389106979367170e-09 1.530722236633300781e+01 2.745008789062500000e+03 2.362941741943359375e+02
9.000000000000000000e+03 2.356836514144644568e-13 1.531003379821777344e+01 2.745003662109375000e+03 2.362960052490234375e+02 2.356836514144644568e-13 1.531003379821777344e+01 2.745003662109375000e+03 2.362960052490234375e+02
1.000000000000000000e+04 1.280959604881004577e-12 2.474343299865722656e+01 3.038733642578125000e+03 2.424774169921875000e+02 1.280959604881004577e-12 2.474343299865722656e+01 3.038733642578125000e+03 2.424774169921875000e+02
1.100000000000000000e+04 2.636856878679427751e-12 3.113400840759277344e+01 3.405349365234375000e+03 2.467092285156250000e+02 2.636856878679427751e-12 3.113400840759277344e+01 3.405349365234375000e+03 2.467092285156250000e+02
1.200000000000000000e+04 3.595378728353700037e-14 1.399269962310791016e+01 2.759795898437500000e+03 2.354475250244140625e+02 3.595378728353700037e-14 1.399269962310791016e+01 2.759795898437500000e+03 2.354475250244140625e+02
1.300000000000000000e+04 3.215178842022776984e-14 1.524985790252685547e+01 2.745125488281250000e+03 2.362570953369140625e+02 3.215178842022776984e-14 1.524985790252685547e+01 2.745125488281250000e+03 2.362570953369140625e+02
1.400000000000000000e+04 1.211006223414672761e-14 1.541144084930419922e+01 2.744901367187500000e+03 2.363615722656250000e+02 1.211006223414672761e-14 1.541144084930419922e+01 2.744901367187500000e+03 2.363615722656250000e+02
1.500000000000000000e+04 1.334481985432547403e-15 1.531293106079101562e+01 2.744999023437500000e+03 2.362978668212890625e+02 1.334481985432547403e-15 1.531293106079101562e+01 2.744999023437500000e+03 2.362978668212890625e+02
1.600000000000000000e+04 2.359742077400063928e-19 1.530928039550781250e+01 2.745005371093750000e+03 2.362955017089843750e+02 2.359742077400063928e-19 1.530928039550781250e+01 2.745005371093750000e+03 2.362955017089843750e+02
1.700000000000000000e+04 8.711450635868740831e-17 1.531352806091308594e+01 2.744998291015625000e+03 2.362982482910156250e+02 8.711450635868740831e-17 1.531352806091308594e+01 2.744998291015625000e+03 2.362982482910156250e+02
1.800000000000000000e+04 1.797927353965248875e-17 1.460303878784179688e+01 2.749551757812500000e+03 2.358397216796875000e+02 1.797927353965248875e-17 1.460303878784179688e+01 2.749551757812500000e+03 2.358397216796875000e+02
1.900000000000000000e+04 2.878413169394675067e-17 1.498380088806152344e+01 2.746231445312500000e+03 2.360852203369140625e+02 2.878413169394675067e-17 1.498380088806152344e+01 2.746231445312500000e+03 2.360852203369140625e+02
2.000000000000000000e+04 3.020255586206206091e-16 1.530963802337646484e+01 2.745004394531250000e+03 2.362957458496093750e+02 3.020255586206206091e-16 1.530963802337646484e+01 2.745004394531250000e+03 2.362957458496093750e+02
