# step, loss_train, loss_test, metrics_test
0.000000000000000000e+00 8.334474945068359375e+01 0.000000000000000000e+00 2.368813232421875000e+03 1.419951782226562500e+02 8.334474945068359375e+01 0.000000000000000000e+00 2.368813232421875000e+03 1.419951782226562500e+02
1.000000000000000000e+03 1.338455915451049805e+00 0.000000000000000000e+00 5.725931525230407715e-01 1.280011596679687500e+02 1.338455915451049805e+00 0.000000000000000000e+00 5.725931525230407715e-01 1.280011596679687500e+02
2.000000000000000000e+03 5.582426786422729492e-01 0.000000000000000000e+00 3.346755802631378174e-01 1.204374389648437500e+02 5.582426786422729492e-01 0.000000000000000000e+00 3.346755802631378174e-01 1.204374389648437500e+02
3.000000000000000000e+03 2.684653854370117188e+01 0.000000000000000000e+00 1.831210174560546875e+02 1.194240722656250000e+02 2.684653854370117188e+01 0.000000000000000000e+00 1.831210174560546875e+02 1.194240722656250000e+02
4.000000000000000000e+03 3.550832366943359375e+01 0.000000000000000000e+00 1.534551544189453125e+02 1.164270401000976562e+02 3.550832366943359375e+01 0.000000000000000000e+00 1.534551544189453125e+02 1.164270401000976562e+02
5.000000000000000000e+03 3.940746188163757324e-01 0.000000000000000000e+00 5.659537911415100098e-01 1.184955368041992188e+02 3.940746188163757324e-01 0.000000000000000000e+00 5.659537911415100098e-01 1.184955368041992188e+02
6.000000000000000000e+03 1.465877294540405273e+00 0.000000000000000000e+00 4.775429368019104004e-01 1.105717315673828125e+02 1.465877294540405273e+00 0.000000000000000000e+00 4.775429368019104004e-01 1.105717315673828125e+02
7.000000000000000000e+03 2.530214548110961914e+00 0.000000000000000000e+00 6.046567559242248535e-01 1.074017944335937500e+02 2.530214548110961914e+00 0.000000000000000000e+00 6.046567559242248535e-01 1.074017944335937500e+02
8.000000000000000000e+03 8.289789581298828125e+01 0.000000000000000000e+00 2.662195587158203125e+01 1.342972106933593750e+02 8.289789581298828125e+01 0.000000000000000000e+00 2.662195587158203125e+01 1.342972106933593750e+02
9.000000000000000000e+03 2.960571479797363281e+01 0.000000000000000000e+00 8.825024604797363281e+00 1.365128173828125000e+02 2.960571479797363281e+01 0.000000000000000000e+00 8.825024604797363281e+00 1.365128173828125000e+02
1.000000000000000000e+04 1.197818470001220703e+01 0.000000000000000000e+00 4.095320701599121094e+00 1.344959259033203125e+02 1.197818470001220703e+01 0.000000000000000000e+00 4.095320701599121094e+00 1.344959259033203125e+02
1.100000000000000000e+04 5.658539772033691406e+00 0.000000000000000000e+00 1.990337133407592773e+00 1.290742492675781250e+02 5.658539772033691406e+00 0.000000000000000000e+00 1.990337133407592773e+00 1.290742492675781250e+02
1.200000000000000000e+04 3.844574213027954102e+00 0.000000000000000000e+00 2.931571006774902344e+00 1.281787109375000000e+02 3.844574213027954102e+00 0.000000000000000000e+00 2.931571006774902344e+00 1.281787109375000000e+02
1.300000000000000000e+04 2.225069046020507812e+00 0.000000000000000000e+00 9.784464240074157715e-01 1.233253097534179688e+02 2.225069046020507812e+00 0.000000000000000000e+00 9.784464240074157715e-01 1.233253097534179688e+02
1.400000000000000000e+04 3.748756647109985352e+00 0.000000000000000000e+00 5.315849304199218750e+00 1.373836059570312500e+02 3.748756647109985352e+00 0.000000000000000000e+00 5.315849304199218750e+00 1.373836059570312500e+02
1.500000000000000000e+04 9.154412150382995605e-01 0.000000000000000000e+00 3.249683618545532227e+00 1.291063385009765625e+02 9.154412150382995605e-01 0.000000000000000000e+00 3.249683618545532227e+00 1.291063385009765625e+02
1.600000000000000000e+04 6.809610366821289062e+00 0.000000000000000000e+00 2.875678710937500000e+02 1.262075729370117188e+02 6.809610366821289062e+00 0.000000000000000000e+00 2.875678710937500000e+02 1.262075729370117188e+02
1.700000000000000000e+04 1.046700477600097656e+00 0.000000000000000000e+00 1.500942707061767578e+00 1.164906311035156250e+02 1.046700477600097656e+00 0.000000000000000000e+00 1.500942707061767578e+00 1.164906311035156250e+02
1.800000000000000000e+04 4.180649757385253906e+00 0.000000000000000000e+00 4.719980239868164062e+01 1.152987442016601562e+02 4.180649757385253906e+00 0.000000000000000000e+00 4.719980239868164062e+01 1.152987442016601562e+02
1.900000000000000000e+04 6.078464031219482422e+00 0.000000000000000000e+00 5.261683940887451172e+00 1.435680389404296875e+02 6.078464031219482422e+00 0.000000000000000000e+00 5.261683940887451172e+00 1.435680389404296875e+02
2.000000000000000000e+04 3.326179742813110352e+00 0.000000000000000000e+00 4.282917499542236328e+00 1.359420623779296875e+02 3.326179742813110352e+00 0.000000000000000000e+00 4.282917499542236328e+00 1.359420623779296875e+02
