# step, loss_train, loss_test, metrics_test
0.000000000000000000e+00 0.000000000000000000e+00 4.737983322143554688e+01 4.203529663085937500e+02 4.400579223632812500e+02 0.000000000000000000e+00 4.737983322143554688e+01 4.203529663085937500e+02 4.400579223632812500e+02
1.000000000000000000e+03 0.000000000000000000e+00 1.689651012420654297e+00 3.685616016387939453e+00 3.070743083953857422e+00 0.000000000000000000e+00 1.689651012420654297e+00 3.685616016387939453e+00 3.070743083953857422e+00
2.000000000000000000e+03 0.000000000000000000e+00 3.475690484046936035e-01 2.395566463470458984e+00 9.228122234344482422e-01 0.000000000000000000e+00 3.475690484046936035e-01 2.395566463470458984e+00 9.228122234344482422e-01
3.000000000000000000e+03 0.000000000000000000e+00 4.108405709266662598e-01 2.079744488000869751e-01 3.057780981063842773e+00 0.000000000000000000e+00 4.108405709266662598e-01 2.079744488000869751e-01 3.057780981063842773e+00
4.000000000000000000e+03 0.000000000000000000e+00 3.522670865058898926e-01 1.907448768615722656e+00 1.023900747299194336e+00 0.000000000000000000e+00 3.522670865058898926e-01 1.907448768615722656e+00 1.023900747299194336e+00
5.000000000000000000e+03 0.000000000000000000e+00 2.134298515319824219e+01 1.513679656982421875e+02 4.201563415527343750e+02 0.000000000000000000e+00 2.134298515319824219e+01 1.513679656982421875e+02 4.201563415527343750e+02
6.000000000000000000e+03 0.000000000000000000e+00 2.134298515319824219e+01 1.513679656982421875e+02 4.201563415527343750e+02 0.000000000000000000e+00 2.134298515319824219e+01 1.513679656982421875e+02 4.201563415527343750e+02
7.000000000000000000e+03 0.000000000000000000e+00 2.134298515319824219e+01 1.513679656982421875e+02 4.201563415527343750e+02 0.000000000000000000e+00 2.134298515319824219e+01 1.513679656982421875e+02 4.201563415527343750e+02
8.000000000000000000e+03 0.000000000000000000e+00 2.134298515319824219e+01 1.513679656982421875e+02 4.201563415527343750e+02 0.000000000000000000e+00 2.134298515319824219e+01 1.513679656982421875e+02 4.201563415527343750e+02
9.000000000000000000e+03 0.000000000000000000e+00 2.132582283020019531e+01 1.513969573974609375e+02 4.201445617675781250e+02 0.000000000000000000e+00 2.132582283020019531e+01 1.513969573974609375e+02 4.201445617675781250e+02
1.000000000000000000e+04 0.000000000000000000e+00 2.138997268676757812e+01 1.512896423339843750e+02 4.201883850097656250e+02 0.000000000000000000e+00 2.138997268676757812e+01 1.512896423339843750e+02 4.201883850097656250e+02
1.100000000000000000e+04 0.000000000000000000e+00 2.134348487854003906e+01 1.513671417236328125e+02 4.201566772460937500e+02 0.000000000000000000e+00 2.134348487854003906e+01 1.513671417236328125e+02 4.201566772460937500e+02
1.200000000000000000e+04 0.000000000000000000e+00 2.113800621032714844e+01 1.517273254394531250e+02 4.200163879394531250e+02 0.000000000000000000e+00 2.113800621032714844e+01 1.517273254394531250e+02 4.200163879394531250e+02
1.300000000000000000e+04 0.000000000000000000e+00 2.134311103820800781e+01 1.513677673339843750e+02 4.201563720703125000e+02 0.000000000000000000e+00 2.134311103820800781e+01 1.513677673339843750e+02 4.201563720703125000e+02
1.400000000000000000e+04 0.000000000000000000e+00 2.134292411804199219e+01 1.513680725097656250e+02 4.201562500000000000e+02 0.000000000000000000e+00 2.134292411804199219e+01 1.513680725097656250e+02 4.201562500000000000e+02
1.500000000000000000e+04 0.000000000000000000e+00 2.125803375244140625e+01 1.515133972167968750e+02 4.200982971191406250e+02 0.000000000000000000e+00 2.125803375244140625e+01 1.515133972167968750e+02 4.200982971191406250e+02
1.600000000000000000e+04 0.000000000000000000e+00 2.131326866149902344e+01 1.514183044433593750e+02 4.201360168457031250e+02 0.000000000000000000e+00 2.131326866149902344e+01 1.514183044433593750e+02 4.201360168457031250e+02
1.700000000000000000e+04 0.000000000000000000e+00 2.136036872863769531e+01 1.513388214111328125e+02 4.201682128906250000e+02 0.000000000000000000e+00 2.136036872863769531e+01 1.513388214111328125e+02 4.201682128906250000e+02
1.800000000000000000e+04 0.000000000000000000e+00 2.134289169311523438e+01 1.513681335449218750e+02 4.201562500000000000e+02 0.000000000000000000e+00 2.134289169311523438e+01 1.513681335449218750e+02 4.201562500000000000e+02
1.900000000000000000e+04 0.000000000000000000e+00 2.191581535339355469e+01 1.505066070556640625e+02 4.205484619140625000e+02 0.000000000000000000e+00 2.191581535339355469e+01 1.505066070556640625e+02 4.205484619140625000e+02
2.000000000000000000e+04 0.000000000000000000e+00 2.134298515319824219e+01 1.513679809570312500e+02 4.201563110351562500e+02 0.000000000000000000e+00 2.134298515319824219e+01 1.513679809570312500e+02 4.201563110351562500e+02
