# step, loss_train, loss_test, metrics_test
0.000000000000000000e+00 6.014405517578125000e+02 3.919147491455078125e+01 1.331349511718750000e+04 1.976047515869140625e+02 6.014405517578125000e+02 3.919147491455078125e+01 1.331349511718750000e+04 1.976047515869140625e+02
1.000000000000000000e+03 2.981107234954833984e+00 8.710359573364257812e+00 1.267857742309570312e+01 1.704903411865234375e+02 2.981107234954833984e+00 8.710359573364257812e+00 1.267857742309570312e+01 1.704903411865234375e+02
2.000000000000000000e+03 9.823954105377197266e-01 4.986347198486328125e+00 8.133909106254577637e-01 1.631560974121093750e+02 9.823954105377197266e-01 4.986347198486328125e+00 8.133909106254577637e-01 1.631560974121093750e+02
3.000000000000000000e+03 1.164854645729064941e+00 5.243240356445312500e+00 8.187061548233032227e-01 1.562510681152343750e+02 1.164854645729064941e+00 5.243240356445312500e+00 8.187061548233032227e-01 1.562510681152343750e+02
4.000000000000000000e+03 1.633987784385681152e+00 4.811242580413818359e+00 1.012992978096008301e+00 1.482375488281250000e+02 1.633987784385681152e+00 4.811242580413818359e+00 1.012992978096008301e+00 1.482375488281250000e+02
5.000000000000000000e+03 3.235400676727294922e+00 4.221413135528564453e+00 6.089022159576416016e+00 1.426182556152343750e+02 3.235400676727294922e+00 4.221413135528564453e+00 6.089022159576416016e+00 1.426182556152343750e+02
6.000000000000000000e+03 2.274751424789428711e+00 5.086699485778808594e+00 1.224705100059509277e+00 1.365512847900390625e+02 2.274751424789428711e+00 5.086699485778808594e+00 1.224705100059509277e+00 1.365512847900390625e+02
7.000000000000000000e+03 2.378680706024169922e+00 5.234819412231445312e+00 1.307574391365051270e+00 1.336962127685546875e+02 2.378680706024169922e+00 5.234819412231445312e+00 1.307574391365051270e+00 1.336962127685546875e+02
8.000000000000000000e+03 2.459761142730712891e+00 5.343471050262451172e+00 1.298012495040893555e+00 1.320593872070312500e+02 2.459761142730712891e+00 5.343471050262451172e+00 1.298012495040893555e+00 1.320593872070312500e+02
9.000000000000000000e+03 2.492842197418212891e+00 5.326055526733398438e+00 1.310947656631469727e+00 1.307272186279296875e+02 2.492842197418212891e+00 5.326055526733398438e+00 1.310947656631469727e+00 1.307272186279296875e+02
1.000000000000000000e+04 2.537284374237060547e+00 5.348337173461914062e+00 1.321083664894104004e+00 1.295489196777343750e+02 2.537284374237060547e+00 5.348337173461914062e+00 1.321083664894104004e+00 1.295489196777343750e+02
1.100000000000000000e+04 2.662516832351684570e+00 5.523782730102539062e+00 1.472278833389282227e+00 1.287902526855468750e+02 2.662516832351684570e+00 5.523782730102539062e+00 1.472278833389282227e+00 1.287902526855468750e+02
1.200000000000000000e+04 2.670529365539550781e+00 5.468861579895019531e+00 1.122780799865722656e+00 1.273574981689453125e+02 2.670529365539550781e+00 5.468861579895019531e+00 1.122780799865722656e+00 1.273574981689453125e+02
1.300000000000000000e+04 2.659546375274658203e+00 5.178124904632568359e+00 9.474948644638061523e-01 1.260646667480468750e+02 2.659546375274658203e+00 5.178124904632568359e+00 9.474948644638061523e-01 1.260646667480468750e+02
1.400000000000000000e+04 2.659143209457397461e+00 5.259909152984619141e+00 8.026873469352722168e-01 1.241003646850585938e+02 2.659143209457397461e+00 5.259909152984619141e+00 8.026873469352722168e-01 1.241003646850585938e+02
1.500000000000000000e+04 2.746354579925537109e+00 5.498190402984619141e+00 7.791978120803833008e-01 1.226500930786132812e+02 2.746354579925537109e+00 5.498190402984619141e+00 7.791978120803833008e-01 1.226500930786132812e+02
1.600000000000000000e+04 2.875750780105590820e+00 5.703564643859863281e+00 7.150139808654785156e-01 1.216098175048828125e+02 2.875750780105590820e+00 5.703564643859863281e+00 7.150139808654785156e-01 1.216098175048828125e+02
1.700000000000000000e+04 2.950785160064697266e+00 5.664618015289306641e+00 7.119279503822326660e-01 1.204594497680664062e+02 2.950785160064697266e+00 5.664618015289306641e+00 7.119279503822326660e-01 1.204594497680664062e+02
1.800000000000000000e+04 3.732484102249145508e+00 5.636051177978515625e+00 4.338447570800781250e+00 1.193705825805664062e+02 3.732484102249145508e+00 5.636051177978515625e+00 4.338447570800781250e+00 1.193705825805664062e+02
1.900000000000000000e+04 3.201681613922119141e+00 5.604393005371093750e+00 7.229259014129638672e-01 1.182998657226562500e+02 3.201681613922119141e+00 5.604393005371093750e+00 7.229259014129638672e-01 1.182998657226562500e+02
2.000000000000000000e+04 3.835485935211181641e+00 5.000621795654296875e+00 1.420753669738769531e+01 1.181984558105468750e+02 3.835485935211181641e+00 5.000621795654296875e+00 1.420753669738769531e+01 1.181984558105468750e+02
