# step, loss_train, loss_test, metrics_test
0.000000000000000000e+00 0.000000000000000000e+00 2.287611389160156250e+01 7.042808593750000000e+03 3.179656982421875000e+02 0.000000000000000000e+00 2.287611389160156250e+01 7.042808593750000000e+03 3.179656982421875000e+02
1.000000000000000000e+03 0.000000000000000000e+00 5.865543149411678314e-03 1.602641642093658447e-01 8.006523251533508301e-01 0.000000000000000000e+00 5.865543149411678314e-03 1.602641642093658447e-01 8.006523251533508301e-01
2.000000000000000000e+03 0.000000000000000000e+00 5.340030670166015625e+01 1.445583496093750000e+02 3.348543090820312500e+02 0.000000000000000000e+00 5.340030670166015625e+01 1.445583496093750000e+02 3.348543090820312500e+02
3.000000000000000000e+03 0.000000000000000000e+00 3.066730117797851562e+01 6.287640380859375000e+01 3.088992919921875000e+02 0.000000000000000000e+00 3.066730117797851562e+01 6.287640380859375000e+01 3.088992919921875000e+02
4.000000000000000000e+03 0.000000000000000000e+00 2.542182350158691406e+01 2.488873863220214844e+01 2.824453735351562500e+02 0.000000000000000000e+00 2.542182350158691406e+01 2.488873863220214844e+01 2.824453735351562500e+02
5.000000000000000000e+03 0.000000000000000000e+00 2.139453125000000000e+01 5.262106323242187500e+01 2.405202941894531250e+02 0.000000000000000000e+00 2.139453125000000000e+01 5.262106323242187500e+01 2.405202941894531250e+02
6.000000000000000000e+03 0.000000000000000000e+00 1.612183380126953125e+01 1.739528961181640625e+02 1.913787689208984375e+02 0.000000000000000000e+00 1.612183380126953125e+01 1.739528961181640625e+02 1.913787689208984375e+02
7.000000000000000000e+03 0.000000000000000000e+00 2.227442026138305664e+00 1.333574829101562500e+02 1.395327301025390625e+02 0.000000000000000000e+00 2.227442026138305664e+00 1.333574829101562500e+02 1.395327301025390625e+02
8.000000000000000000e+03 0.000000000000000000e+00 8.692126274108886719e-01 1.355476140975952148e+00 1.040458297729492188e+02 0.000000000000000000e+00 8.692126274108886719e-01 1.355476140975952148e+00 1.040458297729492188e+02
9.000000000000000000e+03 0.000000000000000000e+00 7.542293071746826172e-01 5.250383377075195312e+00 7.855059814453125000e+01 0.000000000000000000e+00 7.542293071746826172e-01 5.250383377075195312e+00 7.855059814453125000e+01
1.000000000000000000e+04 0.000000000000000000e+00 9.497601985931396484e-01 1.013111114501953125e+01 5.499700164794921875e+01 0.000000000000000000e+00 9.497601985931396484e-01 1.013111114501953125e+01 5.499700164794921875e+01
1.100000000000000000e+04 0.000000000000000000e+00 4.079377055168151855e-01 1.746802091598510742e+00 5.135261535644531250e+01 0.000000000000000000e+00 4.079377055168151855e-01 1.746802091598510742e+00 5.135261535644531250e+01
1.200000000000000000e+04 0.000000000000000000e+00 1.570917367935180664e-01 1.014788031578063965e+00 2.342748641967773438e+01 0.000000000000000000e+00 1.570917367935180664e-01 1.014788031578063965e+00 2.342748641967773438e+01
1.300000000000000000e+04 0.000000000000000000e+00 4.257868826389312744e-01 2.625679397583007812e+01 1.682568168640136719e+01 0.000000000000000000e+00 4.257868826389312744e-01 2.625679397583007812e+01 1.682568168640136719e+01
1.400000000000000000e+04 0.000000000000000000e+00 6.116625666618347168e-02 1.324540138244628906e+00 1.034364032745361328e+01 0.000000000000000000e+00 6.116625666618347168e-02 1.324540138244628906e+00 1.034364032745361328e+01
1.500000000000000000e+04 0.000000000000000000e+00 9.514504671096801758e-02 3.855990648269653320e+00 7.027609825134277344e+00 0.000000000000000000e+00 9.514504671096801758e-02 3.855990648269653320e+00 7.027609825134277344e+00
1.600000000000000000e+04 0.000000000000000000e+00 1.416479587554931641e+01 2.937895263671875000e+03 3.089810180664062500e+02 0.000000000000000000e+00 1.416479587554931641e+01 2.937895263671875000e+03 3.089810180664062500e+02
1.700000000000000000e+04 0.000000000000000000e+00 1.416497993469238281e+01 2.937894775390625000e+03 3.089707641601562500e+02 0.000000000000000000e+00 1.416497993469238281e+01 2.937894775390625000e+03 3.089707641601562500e+02
1.800000000000000000e+04 0.000000000000000000e+00 1.416498851776123047e+01 2.937894775390625000e+03 3.089700927734375000e+02 0.000000000000000000e+00 1.416498851776123047e+01 2.937894775390625000e+03 3.089700927734375000e+02
1.900000000000000000e+04 0.000000000000000000e+00 1.416499614715576172e+01 2.937894531250000000e+03 3.089698486328125000e+02 0.000000000000000000e+00 1.416499614715576172e+01 2.937894531250000000e+03 3.089698486328125000e+02
2.000000000000000000e+04 0.000000000000000000e+00 1.416499805450439453e+01 2.937894775390625000e+03 3.089697265625000000e+02 0.000000000000000000e+00 1.416499805450439453e+01 2.937894775390625000e+03 3.089697265625000000e+02
