# step, loss_train, loss_test, metrics_test
0.000000000000000000e+00 8.534490966796875000e+02 3.132429695129394531e+01 6.617781738281250000e+03 3.393316345214843750e+02 8.534490966796875000e+02 3.132429695129394531e+01 6.617781738281250000e+03 3.393316345214843750e+02
1.000000000000000000e+03 5.418423652648925781e+00 1.902285766601562500e+01 2.143120288848876953e+00 2.783139648437500000e+02 5.418423652648925781e+00 1.902285766601562500e+01 2.143120288848876953e+00 2.783139648437500000e+02
2.000000000000000000e+03 7.819806098937988281e+00 1.350419235229492188e+01 1.643763661384582520e+00 2.475003204345703125e+02 7.819806098937988281e+00 1.350419235229492188e+01 1.643763661384582520e+00 2.475003204345703125e+02
3.000000000000000000e+03 1.983037185668945312e+01 1.043214130401611328e+01 1.870897769927978516e+00 1.864276580810546875e+02 1.983037185668945312e+01 1.043214130401611328e+01 1.870897769927978516e+00 1.864276580810546875e+02
4.000000000000000000e+03 2.279921531677246094e+01 8.508227348327636719e+00 1.515334486961364746e+00 1.591218109130859375e+02 2.279921531677246094e+01 8.508227348327636719e+00 1.515334486961364746e+00 1.591218109130859375e+02
5.000000000000000000e+03 3.495115661621093750e+01 2.502687644958496094e+01 2.526218795776367188e+01 1.969490203857421875e+02 3.495115661621093750e+01 2.502687644958496094e+01 2.526218795776367188e+01 1.969490203857421875e+02
6.000000000000000000e+03 1.964171218872070312e+01 6.544564247131347656e+00 2.132134199142456055e+00 1.232747955322265625e+02 1.964171218872070312e+01 6.544564247131347656e+00 2.132134199142456055e+00 1.232747955322265625e+02
7.000000000000000000e+03 2.980356025695800781e+01 4.805380821228027344e+00 1.141369700431823730e+00 8.048898315429687500e+01 2.980356025695800781e+01 4.805380821228027344e+00 1.141369700431823730e+00 8.048898315429687500e+01
8.000000000000000000e+03 7.516487884521484375e+01 3.590405941009521484e+00 1.354307174682617188e+00 5.754236984252929688e+01 7.516487884521484375e+01 3.590405941009521484e+00 1.354307174682617188e+00 5.754236984252929688e+01
9.000000000000000000e+03 2.804476547241210938e+01 3.244118928909301758e+00 1.363799691200256348e+00 5.570579910278320312e+01 2.804476547241210938e+01 3.244118928909301758e+00 1.363799691200256348e+00 5.570579910278320312e+01
1.000000000000000000e+04 1.396962127685546875e+02 2.505008220672607422e+00 2.940954208374023438e+01 4.225246429443359375e+01 1.396962127685546875e+02 2.505008220672607422e+00 2.940954208374023438e+01 4.225246429443359375e+01
1.100000000000000000e+04 2.573493194580078125e+01 2.285360097885131836e+00 2.815812528133392334e-01 3.348981475830078125e+01 2.573493194580078125e+01 2.285360097885131836e+00 2.815812528133392334e-01 3.348981475830078125e+01
1.200000000000000000e+04 1.476410369873046875e+02 1.648053169250488281e+00 4.271931838989257812e+01 2.756660652160644531e+01 1.476410369873046875e+02 1.648053169250488281e+00 4.271931838989257812e+01 2.756660652160644531e+01
1.300000000000000000e+04 4.711469268798828125e+01 1.905286788940429688e+00 4.273396134376525879e-01 2.238823318481445312e+01 4.711469268798828125e+01 1.905286788940429688e+00 4.273396134376525879e-01 2.238823318481445312e+01
1.400000000000000000e+04 2.058082389831542969e+01 1.548244595527648926e+00 4.589350521564483643e-01 1.933024978637695312e+01 2.058082389831542969e+01 1.548244595527648926e+00 4.589350521564483643e-01 1.933024978637695312e+01
1.500000000000000000e+04 6.590851593017578125e+01 2.067255735397338867e+00 1.287681698799133301e+00 2.399686050415039062e+01 6.590851593017578125e+01 2.067255735397338867e+00 1.287681698799133301e+00 2.399686050415039062e+01
1.600000000000000000e+04 1.661877441406250000e+01 3.908957242965698242e+00 1.137859225273132324e+00 4.209212875366210938e+01 1.661877441406250000e+01 3.908957242965698242e+00 1.137859225273132324e+00 4.209212875366210938e+01
1.700000000000000000e+04 1.206080169677734375e+02 5.886644840240478516e+00 5.640198516845703125e+01 3.327192306518554688e+01 1.206080169677734375e+02 5.886644840240478516e+00 5.640198516845703125e+01 3.327192306518554688e+01
1.800000000000000000e+04 1.369223632812500000e+02 8.249846696853637695e-01 2.800151443481445312e+01 1.650071334838867188e+01 1.369223632812500000e+02 8.249846696853637695e-01 2.800151443481445312e+01 1.650071334838867188e+01
1.900000000000000000e+04 3.681221771240234375e+01 8.195796608924865723e-01 5.604132175445556641e+00 1.476799106597900391e+01 3.681221771240234375e+01 8.195796608924865723e-01 5.604132175445556641e+00 1.476799106597900391e+01
2.000000000000000000e+04 1.637017822265625000e+01 7.383068203926086426e-01 1.210206270217895508e+00 1.027488613128662109e+01 1.637017822265625000e+01 7.383068203926086426e-01 1.210206270217895508e+00 1.027488613128662109e+01
