# step, loss_train, loss_test, metrics_test
0.000000000000000000e+00 1.007063293457031250e+03 3.919147491455078125e+01 1.122237011718750000e+04 2.207014007568359375e+02 1.007063293457031250e+03 3.919147491455078125e+01 1.122237011718750000e+04 2.207014007568359375e+02
1.000000000000000000e+03 3.633139610290527344e+00 4.750545024871826172e+00 3.331650495529174805e+00 1.715876464843750000e+02 3.633139610290527344e+00 4.750545024871826172e+00 3.331650495529174805e+00 1.715876464843750000e+02
2.000000000000000000e+03 2.975117444992065430e+00 4.648985385894775391e+00 3.055262804031372070e+00 1.623807678222656250e+02 2.975117444992065430e+00 4.648985385894775391e+00 3.055262804031372070e+00 1.623807678222656250e+02
3.000000000000000000e+03 3.132067441940307617e+00 4.543566226959228516e+00 5.007815837860107422e+00 1.572429809570312500e+02 3.132067441940307617e+00 4.543566226959228516e+00 5.007815837860107422e+00 1.572429809570312500e+02
4.000000000000000000e+03 4.478249549865722656e+00 2.651632070541381836e+00 5.188778400421142578e+00 1.518188629150390625e+02 4.478249549865722656e+00 2.651632070541381836e+00 5.188778400421142578e+00 1.518188629150390625e+02
5.000000000000000000e+03 5.144880771636962891e+00 5.726037025451660156e-01 2.015713310241699219e+01 1.513735961914062500e+02 5.144880771636962891e+00 5.726037025451660156e-01 2.015713310241699219e+01 1.513735961914062500e+02
6.000000000000000000e+03 6.945567131042480469e+00 1.065514087677001953e+00 1.447902870178222656e+01 1.539284362792968750e+02 6.945567131042480469e+00 1.065514087677001953e+00 1.447902870178222656e+01 1.539284362792968750e+02
7.000000000000000000e+03 9.904853820800781250e+00 1.284620523452758789e+00 3.358763933181762695e+00 1.396374816894531250e+02 9.904853820800781250e+00 1.284620523452758789e+00 3.358763933181762695e+00 1.396374816894531250e+02
8.000000000000000000e+03 1.069668292999267578e+01 2.172562360763549805e+00 8.537487983703613281e+00 1.332154541015625000e+02 1.069668292999267578e+01 2.172562360763549805e+00 8.537487983703613281e+00 1.332154541015625000e+02
9.000000000000000000e+03 7.264339447021484375e+00 1.768139958381652832e+00 1.769684076309204102e+00 1.304944000244140625e+02 7.264339447021484375e+00 1.768139958381652832e+00 1.769684076309204102e+00 1.304944000244140625e+02
1.000000000000000000e+04 5.876375198364257812e+00 8.267320394515991211e-01 4.715251445770263672e+00 1.335188293457031250e+02 5.876375198364257812e+00 8.267320394515991211e-01 4.715251445770263672e+00 1.335188293457031250e+02
1.100000000000000000e+04 8.040863037109375000e+00 8.231856226921081543e-01 7.219052314758300781e+00 1.295939788818359375e+02 8.040863037109375000e+00 8.231856226921081543e-01 7.219052314758300781e+00 1.295939788818359375e+02
1.200000000000000000e+04 7.664300918579101562e+00 1.692559242248535156e+00 2.332742929458618164e+00 1.258438415527343750e+02 7.664300918579101562e+00 1.692559242248535156e+00 2.332742929458618164e+00 1.258438415527343750e+02
1.300000000000000000e+04 1.049745082855224609e+01 2.102316617965698242e+00 4.000204563140869141e+00 1.270510253906250000e+02 1.049745082855224609e+01 2.102316617965698242e+00 4.000204563140869141e+00 1.270510253906250000e+02
1.400000000000000000e+04 4.086980819702148438e+00 2.533489465713500977e+00 2.044794559478759766e+00 1.474763946533203125e+02 4.086980819702148438e+00 2.533489465713500977e+00 2.044794559478759766e+00 1.474763946533203125e+02
1.500000000000000000e+04 1.207400894165039062e+01 8.642702102661132812e-01 4.089183807373046875e+01 1.330131225585937500e+02 1.207400894165039062e+01 8.642702102661132812e-01 4.089183807373046875e+01 1.330131225585937500e+02
1.600000000000000000e+04 1.032344341278076172e+01 9.155501723289489746e-01 1.448790740966796875e+01 1.283170471191406250e+02 1.032344341278076172e+01 9.155501723289489746e-01 1.448790740966796875e+01 1.283170471191406250e+02
1.700000000000000000e+04 3.435863018035888672e+00 1.082300758361816406e+01 4.189385414123535156e+00 1.864337615966796875e+02 3.435863018035888672e+00 1.082300758361816406e+01 4.189385414123535156e+00 1.864337615966796875e+02
1.800000000000000000e+04 1.333682727813720703e+01 3.185328865051269531e+01 3.031769409179687500e+02 2.152292938232421875e+02 1.333682727813720703e+01 3.185328865051269531e+01 3.031769409179687500e+02 2.152292938232421875e+02
1.900000000000000000e+04 4.017597198486328125e+00 1.199680423736572266e+01 1.980162262916564941e+00 1.861961212158203125e+02 4.017597198486328125e+00 1.199680423736572266e+01 1.980162262916564941e+00 1.861961212158203125e+02
2.000000000000000000e+04 3.658743143081665039e+00 1.750777053833007812e+01 6.445354819297790527e-01 1.906503295898437500e+02 3.658743143081665039e+00 1.750777053833007812e+01 6.445354819297790527e-01 1.906503295898437500e+02
