# step, loss_train, loss_test, metrics_test
0.000000000000000000e+00 1.118959197998046875e+02 3.892486953735351562e+01 1.296497460937500000e+04 1.924721527099609375e+02 1.118959197998046875e+02 3.892486953735351562e+01 1.296497460937500000e+04 1.924721527099609375e+02
1.000000000000000000e+03 6.194111196178297973e-11 1.521932220458984375e+01 2.759823242187500000e+03 1.772285766601562500e+02 6.194111196178297973e-11 1.521932220458984375e+01 2.759823242187500000e+03 1.772285766601562500e+02
2.000000000000000000e+03 3.795029221431711619e-11 1.521934986114501953e+01 2.759822753906250000e+03 1.772285919189453125e+02 3.795029221431711619e-11 1.521934986114501953e+01 2.759822753906250000e+03 1.772285919189453125e+02
3.000000000000000000e+03 4.241060627685477868e-12 1.192330551147460938e+01 2.874804687500000000e+03 1.756407165527343750e+02 4.241060627685477868e-12 1.192330551147460938e+01 2.874804687500000000e+03 1.756407165527343750e+02
4.000000000000000000e+03 4.517165450284438277e-13 1.521935176849365234e+01 2.759820556640625000e+03 1.772285766601562500e+02 4.517165450284438277e-13 1.521935176849365234e+01 2.759820556640625000e+03 1.772285766601562500e+02
5.000000000000000000e+03 3.744641519066137236e-14 1.521935558319091797e+01 2.759820068359375000e+03 1.772285919189453125e+02 3.744641519066137236e-14 1.521935558319091797e+01 2.759820068359375000e+03 1.772285919189453125e+02
6.000000000000000000e+03 4.265630139691986566e-14 1.521962356567382812e+01 2.759819824218750000e+03 1.772286987304687500e+02 4.265630139691986566e-14 1.521962356567382812e+01 2.759819824218750000e+03 1.772286987304687500e+02
7.000000000000000000e+03 1.569747186477442238e-15 1.503530025482177734e+01 2.760314941406250000e+03 1.771387481689453125e+02 1.569747186477442238e-15 1.503530025482177734e+01 2.760314941406250000e+03 1.771387481689453125e+02
8.000000000000000000e+03 1.668269717858207775e-15 1.521956443786621094e+01 2.759820068359375000e+03 1.772286987304687500e+02 1.668269717858207775e-15 1.521956443786621094e+01 2.759820068359375000e+03 1.772286987304687500e+02
9.000000000000000000e+03 4.852712105917378511e-16 1.524796104431152344e+01 2.759782958984375000e+03 1.772425537109375000e+02 4.852712105917378511e-16 1.524796104431152344e+01 2.759782958984375000e+03 1.772425537109375000e+02
1.000000000000000000e+04 3.076320101414927192e-17 1.485613250732421875e+01 2.761236083984375000e+03 1.770513763427734375e+02 3.076320101414927192e-17 1.485613250732421875e+01 2.761236083984375000e+03 1.770513763427734375e+02
1.100000000000000000e+04 1.300117653621648525e-17 1.523331165313720703e+01 2.759800781250000000e+03 1.772354125976562500e+02 1.300117653621648525e-17 1.523331165313720703e+01 2.759800781250000000e+03 1.772354125976562500e+02
1.200000000000000000e+04 5.694989211327029720e-18 1.521861362457275391e+01 2.759821533203125000e+03 1.772282104492187500e+02 5.694989211327029720e-18 1.521861362457275391e+01 2.759821533203125000e+03 1.772282104492187500e+02
1.300000000000000000e+04 2.497737620462565030e-18 1.522019767761230469e+01 2.759819091796875000e+03 1.772289886474609375e+02 2.497737620462565030e-18 1.522019767761230469e+01 2.759819091796875000e+03 1.772289886474609375e+02
1.400000000000000000e+04 9.336445476528902078e-19 1.850951766967773438e+01 2.807901855468750000e+03 1.788456573486328125e+02 9.336445476528902078e-19 1.850951766967773438e+01 2.807901855468750000e+03 1.788456573486328125e+02
1.500000000000000000e+04 3.834111903141877529e-19 1.652911758422851562e+01 2.767606689453125000e+03 1.778700714111328125e+02 3.834111903141877529e-19 1.652911758422851562e+01 2.767606689453125000e+03 1.778700714111328125e+02
1.600000000000000000e+04 1.717469677471081482e-19 1.526179409027099609e+01 2.759768798828125000e+03 1.772492980957031250e+02 1.717469677471081482e-19 1.526179409027099609e+01 2.759768798828125000e+03 1.772492980957031250e+02
1.700000000000000000e+04 8.080604619408351516e-20 1.521802520751953125e+01 2.759822021484375000e+03 1.772279205322265625e+02 8.080604619408351516e-20 1.521802520751953125e+01 2.759822021484375000e+03 1.772279205322265625e+02
1.800000000000000000e+04 3.879615690249787783e-20 1.521924781799316406e+01 2.759820800781250000e+03 1.772285308837890625e+02 3.879615690249787783e-20 1.521924781799316406e+01 2.759820800781250000e+03 1.772285308837890625e+02
1.900000000000000000e+04 1.947353767951166209e-20 1.522000312805175781e+01 2.759819335937500000e+03 1.772289123535156250e+02 1.947353767951166209e-20 1.522000312805175781e+01 2.759819335937500000e+03 1.772289123535156250e+02
2.000000000000000000e+04 1.196346230835972164e-20 1.447582721710205078e+01 2.764747558593750000e+03 1.768662719726562500e+02 1.196346230835972164e-20 1.447582721710205078e+01 2.764747558593750000e+03 1.768662719726562500e+02
