# step, loss_train, loss_test, metrics_test
0.000000000000000000e+00 0.000000000000000000e+00 1.342900543212890625e+02 3.664497680664062500e+02 4.785767211914062500e+02 0.000000000000000000e+00 1.342900543212890625e+02 3.664497680664062500e+02 4.785767211914062500e+02
1.000000000000000000e+03 0.000000000000000000e+00 1.015975341796875000e+03 1.091560500000000000e+06 1.190294311523437500e+03 0.000000000000000000e+00 1.015975341796875000e+03 1.091560500000000000e+06 1.190294311523437500e+03
2.000000000000000000e+03 0.000000000000000000e+00 1.809886360168457031e+01 2.076261520385742188e+01 4.253452758789062500e+02 0.000000000000000000e+00 1.809886360168457031e+01 2.076261520385742188e+01 4.253452758789062500e+02
3.000000000000000000e+03 0.000000000000000000e+00 1.726127815246582031e+01 3.446619987487792969e+00 4.245519714355468750e+02 0.000000000000000000e+00 1.726127815246582031e+01 3.446619987487792969e+00 4.245519714355468750e+02
4.000000000000000000e+03 0.000000000000000000e+00 1.718871116638183594e+01 7.924623489379882812e-01 4.244581604003906250e+02 0.000000000000000000e+00 1.718871116638183594e+01 7.924623489379882812e-01 4.244581604003906250e+02
5.000000000000000000e+03 0.000000000000000000e+00 1.717498970031738281e+01 2.846042811870574951e-01 4.244245605468750000e+02 0.000000000000000000e+00 1.717498970031738281e+01 2.846042811870574951e-01 4.244245605468750000e+02
6.000000000000000000e+03 0.000000000000000000e+00 1.717259788513183594e+01 2.425033450126647949e-01 4.243897094726562500e+02 0.000000000000000000e+00 1.717259788513183594e+01 2.425033450126647949e-01 4.243897094726562500e+02
7.000000000000000000e+03 0.000000000000000000e+00 1.717692375183105469e+01 2.597069740295410156e+01 4.243648681640625000e+02 0.000000000000000000e+00 1.717692375183105469e+01 2.597069740295410156e+01 4.243648681640625000e+02
8.000000000000000000e+03 0.000000000000000000e+00 1.085028027343750000e+04 2.752302539062500000e+04 8.494169921875000000e+03 0.000000000000000000e+00 1.085028027343750000e+04 2.752302539062500000e+04 8.494169921875000000e+03
9.000000000000000000e+03 0.000000000000000000e+00 8.259485351562500000e+03 2.126249804687500000e+04 6.566737304687500000e+03 0.000000000000000000e+00 8.259485351562500000e+03 2.126249804687500000e+04 6.566737304687500000e+03
1.000000000000000000e+04 0.000000000000000000e+00 5.274708984375000000e+03 1.348933398437500000e+04 4.345576171875000000e+03 0.000000000000000000e+00 5.274708984375000000e+03 1.348933398437500000e+04 4.345576171875000000e+03
1.100000000000000000e+04 0.000000000000000000e+00 2.539747558593750000e+03 6.495925292968750000e+03 2.309128417968750000e+03 0.000000000000000000e+00 2.539747558593750000e+03 6.495925292968750000e+03 2.309128417968750000e+03
1.200000000000000000e+04 0.000000000000000000e+00 7.724629516601562500e+02 2.168277099609375000e+03 9.914249877929687500e+02 0.000000000000000000e+00 7.724629516601562500e+02 2.168277099609375000e+03 9.914249877929687500e+02
1.300000000000000000e+04 0.000000000000000000e+00 9.539463043212890625e+01 4.313679809570312500e+02 4.844761047363281250e+02 0.000000000000000000e+00 9.539463043212890625e+01 4.313679809570312500e+02 4.844761047363281250e+02
1.400000000000000000e+04 0.000000000000000000e+00 1.718981933593750000e+01 2.082200781250000000e+04 4.245579223632812500e+02 0.000000000000000000e+00 1.718981933593750000e+01 2.082200781250000000e+04 4.245579223632812500e+02
1.500000000000000000e+04 0.000000000000000000e+00 8.545686035156250000e+02 1.746673828125000000e+03 1.040362060546875000e+03 0.000000000000000000e+00 8.545686035156250000e+02 1.746673828125000000e+03 1.040362060546875000e+03
1.600000000000000000e+04 0.000000000000000000e+00 4.933257141113281250e+02 9.522608642578125000e+02 7.735313110351562500e+02 0.000000000000000000e+00 4.933257141113281250e+02 9.522608642578125000e+02 7.735313110351562500e+02
1.700000000000000000e+04 0.000000000000000000e+00 2.119860382080078125e+02 3.758781738281250000e+02 5.662163085937500000e+02 0.000000000000000000e+00 2.119860382080078125e+02 3.758781738281250000e+02 5.662163085937500000e+02
1.800000000000000000e+04 0.000000000000000000e+00 6.929901885986328125e+01 1.336614074707031250e+02 4.616593627929687500e+02 0.000000000000000000e+00 6.929901885986328125e+01 1.336614074707031250e+02 4.616593627929687500e+02
1.900000000000000000e+04 0.000000000000000000e+00 2.863315200805664062e+01 9.942890930175781250e+01 4.322681884765625000e+02 0.000000000000000000e+00 2.863315200805664062e+01 9.942890930175781250e+01 4.322681884765625000e+02
2.000000000000000000e+04 0.000000000000000000e+00 2.248999633789062500e+02 3.372322998046875000e+02 5.757153320312500000e+02 0.000000000000000000e+00 2.248999633789062500e+02 3.372322998046875000e+02 5.757153320312500000e+02
