# step, loss_train, loss_test, metrics_test
0.000000000000000000e+00 0.000000000000000000e+00 5.548981094360351562e+01 2.184759375000000000e+04 4.829463806152343750e+02 0.000000000000000000e+00 5.548981094360351562e+01 2.184759375000000000e+04 4.829463806152343750e+02
1.000000000000000000e+03 0.000000000000000000e+00 1.445123100280761719e+01 2.937948242187500000e+03 4.300268554687500000e+02 0.000000000000000000e+00 1.445123100280761719e+01 2.937948242187500000e+03 4.300268554687500000e+02
2.000000000000000000e+03 0.000000000000000000e+00 1.445128059387207031e+01 2.937948242187500000e+03 4.300269165039062500e+02 0.000000000000000000e+00 1.445128059387207031e+01 2.937948242187500000e+03 4.300269165039062500e+02
3.000000000000000000e+03 0.000000000000000000e+00 1.473625659942626953e+01 2.937908203125000000e+03 4.303818054199218750e+02 0.000000000000000000e+00 1.473625659942626953e+01 2.937908203125000000e+03 4.303818054199218750e+02
4.000000000000000000e+03 0.000000000000000000e+00 1.448776435852050781e+01 2.937876708984375000e+03 4.300723571777343750e+02 0.000000000000000000e+00 1.448776435852050781e+01 2.937876708984375000e+03 4.300723571777343750e+02
5.000000000000000000e+03 0.000000000000000000e+00 1.444584083557128906e+01 2.937961181640625000e+03 4.300201110839843750e+02 0.000000000000000000e+00 1.444584083557128906e+01 2.937961181640625000e+03 4.300201110839843750e+02
6.000000000000000000e+03 0.000000000000000000e+00 1.445074272155761719e+01 2.937949462890625000e+03 4.300262451171875000e+02 0.000000000000000000e+00 1.445074272155761719e+01 2.937949462890625000e+03 4.300262451171875000e+02
7.000000000000000000e+03 0.000000000000000000e+00 1.445135974884033203e+01 2.937948242187500000e+03 4.300270080566406250e+02 0.000000000000000000e+00 1.445135974884033203e+01 2.937948242187500000e+03 4.300270080566406250e+02
8.000000000000000000e+03 0.000000000000000000e+00 1.046050739288330078e+01 3.193006347656250000e+03 4.251712951660156250e+02 0.000000000000000000e+00 1.046050739288330078e+01 3.193006347656250000e+03 4.251712951660156250e+02
9.000000000000000000e+03 0.000000000000000000e+00 1.455041217803955078e+01 2.937799560546875000e+03 4.301502990722656250e+02 0.000000000000000000e+00 1.455041217803955078e+01 2.937799560546875000e+03 4.301502990722656250e+02
1.000000000000000000e+04 0.000000000000000000e+00 1.445135307312011719e+01 2.937948242187500000e+03 4.300270080566406250e+02 0.000000000000000000e+00 1.445135307312011719e+01 2.937948242187500000e+03 4.300270080566406250e+02
1.100000000000000000e+04 0.000000000000000000e+00 1.608433151245117188e+01 2.951672119140625000e+03 4.320668945312500000e+02 0.000000000000000000e+00 1.608433151245117188e+01 2.951672119140625000e+03 4.320668945312500000e+02
1.200000000000000000e+04 0.000000000000000000e+00 1.446769428253173828e+01 2.937913574218750000e+03 4.300473632812500000e+02 0.000000000000000000e+00 1.446769428253173828e+01 2.937913574218750000e+03 4.300473632812500000e+02
1.300000000000000000e+04 0.000000000000000000e+00 1.445315647125244141e+01 2.937944091796875000e+03 4.300292358398437500e+02 0.000000000000000000e+00 1.445315647125244141e+01 2.937944091796875000e+03 4.300292358398437500e+02
1.400000000000000000e+04 0.000000000000000000e+00 1.445069026947021484e+01 2.937949462890625000e+03 4.300261840820312500e+02 0.000000000000000000e+00 1.445069026947021484e+01 2.937949462890625000e+03 4.300261840820312500e+02
1.500000000000000000e+04 0.000000000000000000e+00 1.445120429992675781e+01 2.937948242187500000e+03 4.300268859863281250e+02 0.000000000000000000e+00 1.445120429992675781e+01 2.937948242187500000e+03 4.300268859863281250e+02
1.600000000000000000e+04 0.000000000000000000e+00 1.446178150177001953e+01 2.937925537109375000e+03 4.300399780273437500e+02 0.000000000000000000e+00 1.446178150177001953e+01 2.937925537109375000e+03 4.300399780273437500e+02
1.700000000000000000e+04 0.000000000000000000e+00 1.445172119140625000e+01 2.937947509765625000e+03 4.300274658203125000e+02 0.000000000000000000e+00 1.445172119140625000e+01 2.937947509765625000e+03 4.300274658203125000e+02
1.800000000000000000e+04 0.000000000000000000e+00 1.445209884643554688e+01 2.937946533203125000e+03 4.300279846191406250e+02 0.000000000000000000e+00 1.445209884643554688e+01 2.937946533203125000e+03 4.300279846191406250e+02
1.900000000000000000e+04 0.000000000000000000e+00 1.440707206726074219e+01 2.938062500000000000e+03 4.299719238281250000e+02 0.000000000000000000e+00 1.440707206726074219e+01 2.938062500000000000e+03 4.299719238281250000e+02
2.000000000000000000e+04 0.000000000000000000e+00 1.443515014648437500e+01 2.937986328125000000e+03 4.300068054199218750e+02 0.000000000000000000e+00 1.443515014648437500e+01 2.937986328125000000e+03 4.300068054199218750e+02
