# step, loss_train, loss_test, metrics_test
0.000000000000000000e+00 4.493529796600341797e-01 3.173623657226562500e+01 6.238346679687500000e+03 3.281781005859375000e+02 4.493529796600341797e-01 3.173623657226562500e+01 6.238346679687500000e+03 3.281781005859375000e+02
1.000000000000000000e+03 3.139647006988525391e+00 1.241936111450195312e+01 1.875512003898620605e+00 2.599298706054687500e+02 3.139647006988525391e+00 1.241936111450195312e+01 1.875512003898620605e+00 2.599298706054687500e+02
2.000000000000000000e+03 1.044547200202941895e+00 8.503298759460449219e+00 2.983739376068115234e+00 2.754045104980468750e+02 1.044547200202941895e+00 8.503298759460449219e+00 2.983739376068115234e+00 2.754045104980468750e+02
3.000000000000000000e+03 2.588523864746093750e+00 1.057560634613037109e+01 2.858497858047485352e+00 2.598659362792968750e+02 2.588523864746093750e+00 1.057560634613037109e+01 2.858497858047485352e+00 2.598659362792968750e+02
4.000000000000000000e+03 4.594010829925537109e+00 2.218938255310058594e+01 2.875668764114379883e+00 2.623085632324218750e+02 4.594010829925537109e+00 2.218938255310058594e+01 2.875668764114379883e+00 2.623085632324218750e+02
5.000000000000000000e+03 8.390324592590332031e+00 1.772286987304687500e+01 7.563300609588623047e+00 2.829395446777343750e+02 8.390324592590332031e+00 1.772286987304687500e+01 7.563300609588623047e+00 2.829395446777343750e+02
6.000000000000000000e+03 2.208365201950073242e+00 2.309503746032714844e+01 2.895700693130493164e+00 2.423887786865234375e+02 2.208365201950073242e+00 2.309503746032714844e+01 2.895700693130493164e+00 2.423887786865234375e+02
7.000000000000000000e+03 3.518176317214965820e+00 2.073660850524902344e+01 3.531548738479614258e+00 2.168560638427734375e+02 3.518176317214965820e+00 2.073660850524902344e+01 3.531548738479614258e+00 2.168560638427734375e+02
8.000000000000000000e+03 6.326774597167968750e+00 4.837532997131347656e+00 1.484361171722412109e+00 5.764356613159179688e+01 6.326774597167968750e+00 4.837532997131347656e+00 1.484361171722412109e+00 5.764356613159179688e+01
9.000000000000000000e+03 2.169383525848388672e+00 2.317807435989379883e+00 1.908077120780944824e+00 9.999677658081054688e+00 2.169383525848388672e+00 2.317807435989379883e+00 1.908077120780944824e+00 9.999677658081054688e+00
1.000000000000000000e+04 3.268108844757080078e+00 1.600552320480346680e+00 1.626768112182617188e+00 8.620040893554687500e+00 3.268108844757080078e+00 1.600552320480346680e+00 1.626768112182617188e+00 8.620040893554687500e+00
1.100000000000000000e+04 1.169438362121582031e+00 1.015193223953247070e+00 1.263234496116638184e+00 3.603810310363769531e+00 1.169438362121582031e+00 1.015193223953247070e+00 1.263234496116638184e+00 3.603810310363769531e+00
1.200000000000000000e+04 1.966657519340515137e+00 5.987881422042846680e-01 1.085339164733886719e+01 6.450207710266113281e+00 1.966657519340515137e+00 5.987881422042846680e-01 1.085339164733886719e+01 6.450207710266113281e+00
1.300000000000000000e+04 8.473599433898925781e+00 5.480010509490966797e-01 2.496457099914550781e-01 5.803236961364746094e+00 8.473599433898925781e+00 5.480010509490966797e-01 2.496457099914550781e-01 5.803236961364746094e+00
1.400000000000000000e+04 1.555784583091735840e+00 1.008038744330406189e-01 2.755290865898132324e-01 1.269105911254882812e+00 1.555784583091735840e+00 1.008038744330406189e-01 2.755290865898132324e-01 1.269105911254882812e+00
1.500000000000000000e+04 1.931630516052246094e+01 2.919706404209136963e-01 2.664623260498046875e+01 1.463743805885314941e+00 1.931630516052246094e+01 2.919706404209136963e-01 2.664623260498046875e+01 1.463743805885314941e+00
1.600000000000000000e+04 2.062304019927978516e+00 5.111118778586387634e-02 2.097476482391357422e+00 1.602945923805236816e+00 2.062304019927978516e+00 5.111118778586387634e-02 2.097476482391357422e+00 1.602945923805236816e+00
1.700000000000000000e+04 2.667576408386230469e+01 5.402437224984169006e-02 1.445510625839233398e+00 9.908007979393005371e-01 2.667576408386230469e+01 5.402437224984169006e-02 1.445510625839233398e+00 9.908007979393005371e-01
1.800000000000000000e+04 1.018388175964355469e+01 4.089865833520889282e-02 4.638175487518310547e+00 9.006111025810241699e-01 1.018388175964355469e+01 4.089865833520889282e-02 4.638175487518310547e+00 9.006111025810241699e-01
1.900000000000000000e+04 4.622614860534667969e+00 1.490683481097221375e-02 1.298158049583435059e+00 2.028837203979492188e+00 4.622614860534667969e+00 1.490683481097221375e-02 1.298158049583435059e+00 2.028837203979492188e+00
2.000000000000000000e+04 5.369296550750732422e+00 9.539736807346343994e-02 9.846509099006652832e-01 1.708094596862792969e+00 5.369296550750732422e+00 9.539736807346343994e-02 9.846509099006652832e-01 1.708094596862792969e+00
