# step, loss_train, loss_test, metrics_test
0.000000000000000000e+00 5.175186157226562500e+02 3.865826034545898438e+01 1.080414550781250000e+04 1.129169998168945312e+02 5.175186157226562500e+02 3.865826034545898438e+01 1.080414550781250000e+04 1.129169998168945312e+02
1.000000000000000000e+03 6.044291586335126532e-13 2.865105438232421875e+01 2.745674072265625000e+03 1.079427642822265625e+02 6.044291586335126532e-13 2.865105438232421875e+01 2.745674072265625000e+03 1.079427642822265625e+02
2.000000000000000000e+03 8.603546347574209108e-11 1.513172245025634766e+01 2.299831298828125000e+03 1.039788894653320312e+02 8.603546347574209108e-11 1.513172245025634766e+01 2.299831298828125000e+03 1.039788894653320312e+02
3.000000000000000000e+03 1.650025792844652620e-15 1.511143493652343750e+01 2.299855224609375000e+03 1.039730377197265625e+02 1.650025792844652620e-15 1.511143493652343750e+01 2.299855224609375000e+03 1.039730377197265625e+02
4.000000000000000000e+03 1.460632483019086436e-11 1.449779605865478516e+01 2.302817138671875000e+03 1.037963333129882812e+02 1.460632483019086436e-11 1.449779605865478516e+01 2.302817138671875000e+03 1.037963333129882812e+02
5.000000000000000000e+03 5.028177960803015267e-12 1.511150360107421875e+01 2.299854980468750000e+03 1.039730682373046875e+02 5.028177960803015267e-12 1.511150360107421875e+01 2.299854980468750000e+03 1.039730682373046875e+02
6.000000000000000000e+03 3.805694637464690500e-13 1.021843528747558594e+01 2.698611816406250000e+03 1.026160659790039062e+02 3.805694637464690500e-13 1.021843528747558594e+01 2.698611816406250000e+03 1.026160659790039062e+02
7.000000000000000000e+03 2.935092490233270901e-13 3.063060760498046875e+01 2.848857910156250000e+03 1.085284271240234375e+02 2.935092490233270901e-13 3.063060760498046875e+01 2.848857910156250000e+03 1.085284271240234375e+02
8.000000000000000000e+03 4.268505579378689685e-13 1.510447502136230469e+01 2.299864257812500000e+03 1.039710311889648438e+02 4.268505579378689685e-13 1.510447502136230469e+01 2.299864257812500000e+03 1.039710311889648438e+02
9.000000000000000000e+03 1.944871997824892951e-12 1.509114170074462891e+01 2.299883544921875000e+03 1.039671936035156250e+02 1.944871997824892951e-12 1.509114170074462891e+01 2.299883544921875000e+03 1.039671936035156250e+02
1.000000000000000000e+04 8.624436581561312209e-11 1.511161994934082031e+01 2.299854980468750000e+03 1.039730834960937500e+02 8.624436581561312209e-11 1.511161994934082031e+01 2.299854980468750000e+03 1.039730834960937500e+02
1.100000000000000000e+04 2.450358665276738013e-26 1.511142063140869141e+01 2.299855224609375000e+03 1.039730377197265625e+02 2.450358665276738013e-26 1.511142063140869141e+01 2.299855224609375000e+03 1.039730377197265625e+02
1.200000000000000000e+04 4.854780267442776744e-22 1.511354637145996094e+01 2.299852294921875000e+03 1.039736404418945312e+02 4.854780267442776744e-22 1.511354637145996094e+01 2.299852294921875000e+03 1.039736404418945312e+02
1.300000000000000000e+04 2.143773291718339347e-24 2.644063568115234375e+01 2.637545654296875000e+03 1.072897796630859375e+02 2.143773291718339347e-24 2.644063568115234375e+01 2.637545654296875000e+03 1.072897796630859375e+02
1.400000000000000000e+04 4.466877544159666087e-25 1.519901657104492188e+01 2.299783203125000000e+03 1.039983062744140625e+02 4.466877544159666087e-25 1.519901657104492188e+01 2.299783203125000000e+03 1.039983062744140625e+02
1.500000000000000000e+04 9.341410794005868340e-25 1.511160755157470703e+01 2.299854492187500000e+03 1.039730834960937500e+02 9.341410794005868340e-25 1.511160755157470703e+01 2.299854492187500000e+03 1.039730834960937500e+02
1.600000000000000000e+04 1.415525697441341816e-24 1.511114406585693359e+01 2.299855224609375000e+03 1.039729537963867188e+02 1.415525697441341816e-24 1.511114406585693359e+01 2.299855224609375000e+03 1.039729537963867188e+02
1.700000000000000000e+04 1.003941464446805011e-24 1.779879570007324219e+01 2.327519287109375000e+03 1.047525253295898438e+02 1.003941464446805011e-24 1.779879570007324219e+01 2.327519287109375000e+03 1.047525253295898438e+02
1.800000000000000000e+04 9.429433865962691890e-25 1.644538497924804688e+01 2.306653076171875000e+03 1.043590011596679688e+02 9.429433865962691890e-25 1.644538497924804688e+01 2.306653076171875000e+03 1.043590011596679688e+02
1.900000000000000000e+04 6.270813600820932807e-25 1.498807144165039062e+01 2.300097167968750000e+03 1.039374618530273438e+02 6.270813600820932807e-25 1.498807144165039062e+01 2.300097167968750000e+03 1.039374618530273438e+02
2.000000000000000000e+04 2.972133300628479011e-25 1.510977172851562500e+01 2.299857177734375000e+03 1.039725646972656250e+02 2.972133300628479011e-25 1.510977172851562500e+01 2.299857177734375000e+03 1.039725646972656250e+02
