# step, loss_train, loss_test, metrics_test
0.000000000000000000e+00 4.469553474336862564e-03 2.906954383850097656e+01 5.174193847656250000e+03 4.465861206054687500e+02 4.469553474336862564e-03 2.906954383850097656e+01 5.174193847656250000e+03 4.465861206054687500e+02
1.000000000000000000e+03 3.025809288024902344e+00 2.754044723510742188e+01 2.543265581130981445e+00 3.526065368652343750e+02 3.025809288024902344e+00 2.754044723510742188e+01 2.543265581130981445e+00 3.526065368652343750e+02
2.000000000000000000e+03 1.312221717834472656e+01 6.794366836547851562e+00 2.585262870788574219e+01 3.113344192504882812e+01 1.312221717834472656e+01 6.794366836547851562e+00 2.585262870788574219e+01 3.113344192504882812e+01
3.000000000000000000e+03 2.217262744903564453e+00 1.687103033065795898e+00 6.080176830291748047e-01 4.284230232238769531e+00 2.217262744903564453e+00 1.687103033065795898e+00 6.080176830291748047e-01 4.284230232238769531e+00
4.000000000000000000e+03 2.882281303405761719e+00 1.307272791862487793e+00 2.704861640930175781e+00 6.901867389678955078e+00 2.882281303405761719e+00 1.307272791862487793e+00 2.704861640930175781e+00 6.901867389678955078e+00
5.000000000000000000e+03 1.062610983848571777e+00 6.508685350418090820e-01 4.302021265029907227e-01 2.777580976486206055e+00 1.062610983848571777e+00 6.508685350418090820e-01 4.302021265029907227e-01 2.777580976486206055e+00
6.000000000000000000e+03 2.689778804779052734e+00 7.709630131721496582e-01 1.934021377563476562e+01 2.763155698776245117e+00 2.689778804779052734e+00 7.709630131721496582e-01 1.934021377563476562e+01 2.763155698776245117e+00
7.000000000000000000e+03 9.811000227928161621e-01 2.855370938777923584e-01 3.039012849330902100e-01 2.786698341369628906e+00 9.811000227928161621e-01 2.855370938777923584e-01 3.039012849330902100e-01 2.786698341369628906e+00
8.000000000000000000e+03 1.083378195762634277e+00 1.807343065738677979e-01 1.371317505836486816e-01 1.499588370323181152e+00 1.083378195762634277e+00 1.807343065738677979e-01 1.371317505836486816e-01 1.499588370323181152e+00
9.000000000000000000e+03 5.735948085784912109e-01 8.444634824991226196e-02 1.427386403083801270e-01 1.399957656860351562e+00 5.735948085784912109e-01 8.444634824991226196e-02 1.427386403083801270e-01 1.399957656860351562e+00
1.000000000000000000e+04 4.479513168334960938e-01 4.042623192071914673e-02 2.942762672901153564e-01 1.117425322532653809e+00 4.479513168334960938e-01 4.042623192071914673e-02 2.942762672901153564e-01 1.117425322532653809e+00
1.100000000000000000e+04 6.631168127059936523e-01 2.411114051938056946e-02 6.720962375402450562e-02 1.018357515335083008e+00 6.631168127059936523e-01 2.411114051938056946e-02 6.720962375402450562e-02 1.018357515335083008e+00
1.200000000000000000e+04 1.009043455123901367e+00 3.501392006874084473e-01 1.518677616119384766e+01 2.082572460174560547e+00 1.009043455123901367e+00 3.501392006874084473e-01 1.518677616119384766e+01 2.082572460174560547e+00
1.300000000000000000e+04 1.274740457534790039e+00 1.381620578467845917e-02 3.076966106891632080e-01 9.274249076843261719e-01 1.274740457534790039e+00 1.381620578467845917e-02 3.076966106891632080e-01 9.274249076843261719e-01
1.400000000000000000e+04 1.077879071235656738e+00 3.243160992860794067e-02 3.583137035369873047e+00 7.188215851783752441e-01 1.077879071235656738e+00 3.243160992860794067e-02 3.583137035369873047e+00 7.188215851783752441e-01
1.500000000000000000e+04 3.966735005378723145e-01 2.164862863719463348e-02 1.782719045877456665e-01 8.842962980270385742e-01 3.966735005378723145e-01 2.164862863719463348e-02 1.782719045877456665e-01 8.842962980270385742e-01
1.600000000000000000e+04 7.861220240592956543e-01 2.083410136401653290e-02 1.478753805160522461e+00 6.001003980636596680e-01 7.861220240592956543e-01 2.083410136401653290e-02 1.478753805160522461e+00 6.001003980636596680e-01
1.700000000000000000e+04 2.450201988220214844e+00 1.846654154360294342e-02 1.036671066284179688e+01 7.868808507919311523e-01 2.450201988220214844e+00 1.846654154360294342e-02 1.036671066284179688e+01 7.868808507919311523e-01
1.800000000000000000e+04 4.056488573551177979e-01 2.500738948583602905e-02 5.814575552940368652e-01 6.153241991996765137e-01 4.056488573551177979e-01 2.500738948583602905e-02 5.814575552940368652e-01 6.153241991996765137e-01
1.900000000000000000e+04 5.080531597137451172e+00 1.529380679130554199e-01 2.965728187561035156e+01 6.675412654876708984e-01 5.080531597137451172e+00 1.529380679130554199e-01 2.965728187561035156e+01 6.675412654876708984e-01
2.000000000000000000e+04 1.553110361099243164e+00 4.954696074128150940e-02 1.412879377603530884e-01 4.657267034053802490e-01 1.553110361099243164e+00 4.954696074128150940e-02 1.412879377603530884e-01 4.657267034053802490e-01
