# step, loss_train, loss_test, metrics_test
0.000000000000000000e+00 1.431882031250000000e+05 1.577646026611328125e+02 1.595057324218750000e+04 4.248028259277343750e+02 1.431882031250000000e+05 1.577646026611328125e+02 1.595057324218750000e+04 4.248028259277343750e+02
1.000000000000000000e+03 1.580445556640625000e+03 2.475907135009765625e+01 3.198885742187500000e+03 3.559768066406250000e+02 1.580445556640625000e+03 2.475907135009765625e+01 3.198885742187500000e+03 3.559768066406250000e+02
2.000000000000000000e+03 8.522129516601562500e+02 1.893796539306640625e+01 1.763429687500000000e+03 3.472941589355468750e+02 8.522129516601562500e+02 1.893796539306640625e+01 1.763429687500000000e+03 3.472941589355468750e+02
3.000000000000000000e+03 5.646024169921875000e+02 1.733891868591308594e+01 1.387166870117187500e+03 3.448856811523437500e+02 5.646024169921875000e+02 1.733891868591308594e+01 1.387166870117187500e+03 3.448856811523437500e+02
4.000000000000000000e+03 3.482338867187500000e+02 1.709995079040527344e+01 1.235492919921875000e+03 3.449967651367187500e+02 3.482338867187500000e+02 1.709995079040527344e+01 1.235492919921875000e+03 3.449967651367187500e+02
5.000000000000000000e+03 2.275521392822265625e+02 1.775796890258789062e+01 1.123142456054687500e+03 3.458960266113281250e+02 2.275521392822265625e+02 1.775796890258789062e+01 1.123142456054687500e+03 3.458960266113281250e+02
6.000000000000000000e+03 1.707314300537109375e+02 1.877056121826171875e+01 1.001849853515625000e+03 3.460575866699218750e+02 1.707314300537109375e+02 1.877056121826171875e+01 1.001849853515625000e+03 3.460575866699218750e+02
7.000000000000000000e+03 1.417925872802734375e+02 2.024698638916015625e+01 8.358198242187500000e+02 3.447034606933593750e+02 1.417925872802734375e+02 2.024698638916015625e+01 8.358198242187500000e+02 3.447034606933593750e+02
8.000000000000000000e+03 1.221928253173828125e+02 2.326417732238769531e+01 5.832991943359375000e+02 3.415729980468750000e+02 1.221928253173828125e+02 2.326417732238769531e+01 5.832991943359375000e+02 3.415729980468750000e+02
9.000000000000000000e+03 9.746970367431640625e+01 2.981823158264160156e+01 2.669077148437500000e+02 3.375836486816406250e+02 9.746970367431640625e+01 2.981823158264160156e+01 2.669077148437500000e+02 3.375836486816406250e+02
1.000000000000000000e+04 6.678493499755859375e+01 3.701956558227539062e+01 8.600035095214843750e+01 3.361275634765625000e+02 6.678493499755859375e+01 3.701956558227539062e+01 8.600035095214843750e+01 3.361275634765625000e+02
1.100000000000000000e+04 3.841789627075195312e+01 4.004986572265625000e+01 4.006866073608398438e+01 3.358596801757812500e+02 3.841789627075195312e+01 4.004986572265625000e+01 4.006866073608398438e+01 3.358596801757812500e+02
1.200000000000000000e+04 2.063048553466796875e+01 4.179020690917968750e+01 2.213529205322265625e+01 3.345128479003906250e+02 2.063048553466796875e+01 4.179020690917968750e+01 2.213529205322265625e+01 3.345128479003906250e+02
1.300000000000000000e+04 1.194545364379882812e+01 4.309463500976562500e+01 1.209002304077148438e+01 3.322609863281250000e+02 1.194545364379882812e+01 4.309463500976562500e+01 1.209002304077148438e+01 3.322609863281250000e+02
1.400000000000000000e+04 7.929476737976074219e+00 4.371316146850585938e+01 6.755829811096191406e+00 3.297492675781250000e+02 7.929476737976074219e+00 4.371316146850585938e+01 6.755829811096191406e+00 3.297492675781250000e+02
1.500000000000000000e+04 5.964947223663330078e+00 4.321306228637695312e+01 4.392776012420654297e+00 3.275635986328125000e+02 5.964947223663330078e+00 4.321306228637695312e+01 4.392776012420654297e+00 3.275635986328125000e+02
1.600000000000000000e+04 4.943539142608642578e+00 4.170942306518554688e+01 3.448051214218139648e+00 3.256278381347656250e+02 4.943539142608642578e+00 4.170942306518554688e+01 3.448051214218139648e+00 3.256278381347656250e+02
1.700000000000000000e+04 4.382025718688964844e+00 3.953721618652343750e+01 3.087366580963134766e+00 3.236098022460937500e+02 4.382025718688964844e+00 3.953721618652343750e+01 3.087366580963134766e+00 3.236098022460937500e+02
1.800000000000000000e+04 4.111883163452148438e+00 3.690000915527343750e+01 2.906647443771362305e+00 3.214209594726562500e+02 4.111883163452148438e+00 3.690000915527343750e+01 2.906647443771362305e+00 3.214209594726562500e+02
1.900000000000000000e+04 3.998373746871948242e+00 3.398857498168945312e+01 2.691181659698486328e+00 3.192124328613281250e+02 3.998373746871948242e+00 3.398857498168945312e+01 2.691181659698486328e+00 3.192124328613281250e+02
2.000000000000000000e+04 3.940650224685668945e+00 3.102194404602050781e+01 2.357611417770385742e+00 3.172018737792968750e+02 3.940650224685668945e+00 3.102194404602050781e+01 2.357611417770385742e+00 3.172018737792968750e+02
