# step, loss_train, loss_test, metrics_test
0.000000000000000000e+00 2.537652015686035156e+01 2.376185035705566406e+01 4.678048828125000000e+03 2.678783569335937500e+02 2.537652015686035156e+01 2.376185035705566406e+01 4.678048828125000000e+03 2.678783569335937500e+02
1.000000000000000000e+03 4.779926776885986328e+00 4.122470378875732422e+00 1.354025125503540039e+00 2.034835052490234375e+02 4.779926776885986328e+00 4.122470378875732422e+00 1.354025125503540039e+00 2.034835052490234375e+02
2.000000000000000000e+03 6.089766502380371094e+00 4.306425094604492188e+00 1.925206542015075684e+00 2.003587493896484375e+02 6.089766502380371094e+00 4.306425094604492188e+00 1.925206542015075684e+00 2.003587493896484375e+02
3.000000000000000000e+03 4.827764034271240234e+00 3.273155927658081055e+00 1.929051637649536133e+00 1.960093841552734375e+02 4.827764034271240234e+00 3.273155927658081055e+00 1.929051637649536133e+00 1.960093841552734375e+02
4.000000000000000000e+03 4.214041233062744141e+00 1.197640419006347656e+01 1.499849915504455566e+00 2.317443084716796875e+02 4.214041233062744141e+00 1.197640419006347656e+01 1.499849915504455566e+00 2.317443084716796875e+02
5.000000000000000000e+03 1.182110214233398438e+01 2.014667749404907227e+00 4.985709667205810547e+00 1.895101928710937500e+02 1.182110214233398438e+01 2.014667749404907227e+00 4.985709667205810547e+00 1.895101928710937500e+02
6.000000000000000000e+03 7.424245357513427734e+00 1.642911076545715332e+00 3.355073451995849609e+00 1.393386230468750000e+02 7.424245357513427734e+00 1.642911076545715332e+00 3.355073451995849609e+00 1.393386230468750000e+02
7.000000000000000000e+03 3.325250864028930664e+00 7.502957344055175781e+00 5.470358276367187500e+02 2.432209625244140625e+02 3.325250864028930664e+00 7.502957344055175781e+00 5.470358276367187500e+02 2.432209625244140625e+02
8.000000000000000000e+03 7.509276390075683594e+00 5.301500797271728516e+00 3.298719644546508789e+00 2.256589965820312500e+02 7.509276390075683594e+00 5.301500797271728516e+00 3.298719644546508789e+00 2.256589965820312500e+02
9.000000000000000000e+03 6.374436378479003906e+00 2.977060794830322266e+00 3.193208456039428711e+00 1.965825805664062500e+02 6.374436378479003906e+00 2.977060794830322266e+00 3.193208456039428711e+00 1.965825805664062500e+02
1.000000000000000000e+04 8.681900978088378906e+00 2.094117879867553711e+00 3.754549264907836914e+00 1.801370391845703125e+02 8.681900978088378906e+00 2.094117879867553711e+00 3.754549264907836914e+00 1.801370391845703125e+02
1.100000000000000000e+04 6.658554077148437500e+00 2.717278957366943359e+00 6.071885228157043457e-01 1.767175750732421875e+02 6.658554077148437500e+00 2.717278957366943359e+00 6.071885228157043457e-01 1.767175750732421875e+02
1.200000000000000000e+04 8.402391433715820312e+00 3.952070713043212891e+00 8.401653289794921875e+00 1.617435607910156250e+02 8.402391433715820312e+00 3.952070713043212891e+00 8.401653289794921875e+00 1.617435607910156250e+02
1.300000000000000000e+04 7.301846504211425781e+00 2.284388065338134766e+00 1.696695923805236816e+00 1.567724151611328125e+02 7.301846504211425781e+00 2.284388065338134766e+00 1.696695923805236816e+00 1.567724151611328125e+02
1.400000000000000000e+04 1.724967002868652344e+01 1.644892215728759766e+00 1.677628707885742188e+01 1.445887603759765625e+02 1.724967002868652344e+01 1.644892215728759766e+00 1.677628707885742188e+01 1.445887603759765625e+02
1.500000000000000000e+04 1.408036613464355469e+01 2.715154409408569336e+00 3.896836042404174805e+00 1.412017364501953125e+02 1.408036613464355469e+01 2.715154409408569336e+00 3.896836042404174805e+00 1.412017364501953125e+02
1.600000000000000000e+04 7.996388912200927734e+00 2.148123502731323242e+00 1.684641075134277344e+01 1.364330749511718750e+02 7.996388912200927734e+00 2.148123502731323242e+00 1.684641075134277344e+01 1.364330749511718750e+02
1.700000000000000000e+04 1.435943412780761719e+01 2.749171018600463867e+00 1.460272312164306641e+01 1.339785308837890625e+02 1.435943412780761719e+01 2.749171018600463867e+00 1.460272312164306641e+01 1.339785308837890625e+02
1.800000000000000000e+04 2.342767640948295593e-02 1.501612949371337891e+01 1.691633789062500000e+03 2.598627319335937500e+02 2.342767640948295593e-02 1.501612949371337891e+01 1.691633789062500000e+03 2.598627319335937500e+02
1.900000000000000000e+04 8.009444922208786011e-03 1.501588726043701172e+01 1.691634033203125000e+03 2.598631286621093750e+02 8.009444922208786011e-03 1.501588726043701172e+01 1.691634033203125000e+03 2.598631286621093750e+02
2.000000000000000000e+04 3.834607545286417007e-03 1.501578807830810547e+01 1.691634033203125000e+03 2.598632507324218750e+02 3.834607545286417007e-03 1.501578807830810547e+01 1.691634033203125000e+03 2.598632507324218750e+02
