# step, loss_train, loss_test, metrics_test
0.000000000000000000e+00 7.155715820312500000e+03 3.500130462646484375e+01 3.283354248046875000e+03 0.000000000000000000e+00 7.155715820312500000e+03 3.500130462646484375e+01 3.283354248046875000e+03 0.000000000000000000e+00
1.000000000000000000e+03 8.485183105468750000e+02 2.856656646728515625e+01 2.375219238281250000e+03 0.000000000000000000e+00 8.485183105468750000e+02 2.856656646728515625e+01 2.375219238281250000e+03 0.000000000000000000e+00
2.000000000000000000e+03 2.576200866699218750e+02 2.268019104003906250e+01 1.622198852539062500e+03 0.000000000000000000e+00 2.576200866699218750e+02 2.268019104003906250e+01 1.622198852539062500e+03 0.000000000000000000e+00
3.000000000000000000e+03 1.073957061767578125e+02 1.936023330688476562e+01 1.151715820312500000e+03 0.000000000000000000e+00 1.073957061767578125e+02 1.936023330688476562e+01 1.151715820312500000e+03 0.000000000000000000e+00
4.000000000000000000e+03 4.718568038940429688e+01 1.836972427368164062e+01 8.914152221679687500e+02 0.000000000000000000e+00 4.718568038940429688e+01 1.836972427368164062e+01 8.914152221679687500e+02 0.000000000000000000e+00
5.000000000000000000e+03 2.712917900085449219e+01 1.882500457763671875e+01 7.773012695312500000e+02 0.000000000000000000e+00 2.712917900085449219e+01 1.882500457763671875e+01 7.773012695312500000e+02 0.000000000000000000e+00
6.000000000000000000e+03 2.033308219909667969e+01 1.987686729431152344e+01 7.316372680664062500e+02 0.000000000000000000e+00 2.033308219909667969e+01 1.987686729431152344e+01 7.316372680664062500e+02 0.000000000000000000e+00
7.000000000000000000e+03 1.714970779418945312e+01 2.073744583129882812e+01 6.956408691406250000e+02 0.000000000000000000e+00 1.714970779418945312e+01 2.073744583129882812e+01 6.956408691406250000e+02 0.000000000000000000e+00
8.000000000000000000e+03 1.595423030853271484e+01 2.143400001525878906e+01 6.605921630859375000e+02 0.000000000000000000e+00 1.595423030853271484e+01 2.143400001525878906e+01 6.605921630859375000e+02 0.000000000000000000e+00
9.000000000000000000e+03 1.621772003173828125e+01 2.206768035888671875e+01 6.243031616210937500e+02 0.000000000000000000e+00 1.621772003173828125e+01 2.206768035888671875e+01 6.243031616210937500e+02 0.000000000000000000e+00
1.000000000000000000e+04 1.805750656127929688e+01 2.255716323852539062e+01 5.840761108398437500e+02 0.000000000000000000e+00 1.805750656127929688e+01 2.255716323852539062e+01 5.840761108398437500e+02 0.000000000000000000e+00
1.100000000000000000e+04 2.157404136657714844e+01 2.262547683715820312e+01 5.371907958984375000e+02 0.000000000000000000e+00 2.157404136657714844e+01 2.262547683715820312e+01 5.371907958984375000e+02 0.000000000000000000e+00
1.200000000000000000e+04 2.607572364807128906e+01 2.281898307800292969e+01 4.674585571289062500e+02 0.000000000000000000e+00 2.607572364807128906e+01 2.281898307800292969e+01 4.674585571289062500e+02 0.000000000000000000e+00
1.300000000000000000e+04 3.632997512817382812e+01 2.589672470092773438e+01 3.526872558593750000e+02 0.000000000000000000e+00 3.632997512817382812e+01 2.589672470092773438e+01 3.526872558593750000e+02 0.000000000000000000e+00
1.400000000000000000e+04 4.624619674682617188e+01 3.553295898437500000e+01 2.048482360839843750e+02 0.000000000000000000e+00 4.624619674682617188e+01 3.553295898437500000e+01 2.048482360839843750e+02 0.000000000000000000e+00
1.500000000000000000e+04 4.295721054077148438e+01 4.783145904541015625e+01 9.386119079589843750e+01 0.000000000000000000e+00 4.295721054077148438e+01 4.783145904541015625e+01 9.386119079589843750e+01 0.000000000000000000e+00
1.600000000000000000e+04 3.265939331054687500e+01 5.229942321777343750e+01 4.925686264038085938e+01 0.000000000000000000e+00 3.265939331054687500e+01 5.229942321777343750e+01 4.925686264038085938e+01 0.000000000000000000e+00
1.700000000000000000e+04 2.430847358703613281e+01 5.065443038940429688e+01 2.950088119506835938e+01 0.000000000000000000e+00 2.430847358703613281e+01 5.065443038940429688e+01 2.950088119506835938e+01 0.000000000000000000e+00
1.800000000000000000e+04 1.774228668212890625e+01 4.720416259765625000e+01 1.915282249450683594e+01 0.000000000000000000e+00 1.774228668212890625e+01 4.720416259765625000e+01 1.915282249450683594e+01 0.000000000000000000e+00
1.900000000000000000e+04 1.281111812591552734e+01 4.394280624389648438e+01 1.296754932403564453e+01 0.000000000000000000e+00 1.281111812591552734e+01 4.394280624389648438e+01 1.296754932403564453e+01 0.000000000000000000e+00
2.000000000000000000e+04 8.962337493896484375e+00 4.093473052978515625e+01 8.957390785217285156e+00 0.000000000000000000e+00 8.962337493896484375e+00 4.093473052978515625e+01 8.957390785217285156e+00 0.000000000000000000e+00
