# step, loss_train, loss_test, metrics_test
0.000000000000000000e+00 6.936513185501098633e-01 3.232220077514648438e+01 2.333263671875000000e+03 2.358165283203125000e+02 6.936513185501098633e-01 3.232220077514648438e+01 2.333263671875000000e+03 2.358165283203125000e+02
1.000000000000000000e+03 5.377143859863281250e+00 4.770345211029052734e+00 5.444416403770446777e-01 1.996269531250000000e+02 5.377143859863281250e+00 4.770345211029052734e+00 5.444416403770446777e-01 1.996269531250000000e+02
2.000000000000000000e+03 1.630758476257324219e+01 2.684909248352050781e+01 5.211447525024414062e+01 1.980587005615234375e+02 1.630758476257324219e+01 2.684909248352050781e+01 5.211447525024414062e+01 1.980587005615234375e+02
3.000000000000000000e+03 1.007308483123779297e+00 2.065185928344726562e+01 9.126894474029541016e-01 1.918143920898437500e+02 1.007308483123779297e+00 2.065185928344726562e+01 9.126894474029541016e-01 1.918143920898437500e+02
4.000000000000000000e+03 3.685125827789306641e+00 6.935156822204589844e+00 5.232328891754150391e+00 9.959821319580078125e+01 3.685125827789306641e+00 6.935156822204589844e+00 5.232328891754150391e+00 9.959821319580078125e+01
5.000000000000000000e+03 1.467831611633300781e+00 7.982468128204345703e+00 3.214732408523559570e+00 1.070947494506835938e+02 1.467831611633300781e+00 7.982468128204345703e+00 3.214732408523559570e+00 1.070947494506835938e+02
6.000000000000000000e+03 1.041694927215576172e+01 4.598359107971191406e+00 2.918323993682861328e+00 1.713618469238281250e+01 1.041694927215576172e+01 4.598359107971191406e+00 2.918323993682861328e+00 1.713618469238281250e+01
7.000000000000000000e+03 2.409919738769531250e+01 2.425756454467773438e+00 7.840179443359375000e+00 3.328541278839111328e+00 2.409919738769531250e+01 2.425756454467773438e+00 7.840179443359375000e+00 3.328541278839111328e+00
8.000000000000000000e+03 1.724946403503417969e+01 1.935318350791931152e+00 2.807607173919677734e+00 4.117215156555175781e+00 1.724946403503417969e+01 1.935318350791931152e+00 2.807607173919677734e+00 4.117215156555175781e+00
9.000000000000000000e+03 1.693563537597656250e+02 2.020776987075805664e+00 2.198805999755859375e+01 2.548082590103149414e+00 1.693563537597656250e+02 2.020776987075805664e+00 2.198805999755859375e+01 2.548082590103149414e+00
1.000000000000000000e+04 7.606769800186157227e-01 1.284259557723999023e+00 5.554732680320739746e-01 2.253612041473388672e+00 7.606769800186157227e-01 1.284259557723999023e+00 5.554732680320739746e-01 2.253612041473388672e+00
1.100000000000000000e+04 3.346137237548828125e+01 1.249842762947082520e+00 9.398320317268371582e-01 6.180381298065185547e+00 3.346137237548828125e+01 1.249842762947082520e+00 9.398320317268371582e-01 6.180381298065185547e+00
1.200000000000000000e+04 2.529277086257934570e+00 9.839553833007812500e-01 1.006637334823608398e+00 2.496344089508056641e+00 2.529277086257934570e+00 9.839553833007812500e-01 1.006637334823608398e+00 2.496344089508056641e+00
1.300000000000000000e+04 4.221887886524200439e-01 8.610005974769592285e-01 1.076503157615661621e+00 2.443577527999877930e+00 4.221887886524200439e-01 8.610005974769592285e-01 1.076503157615661621e+00 2.443577527999877930e+00
1.400000000000000000e+04 7.535419464111328125e+00 7.883257865905761719e-01 6.144984960556030273e-01 2.527603626251220703e+00 7.535419464111328125e+00 7.883257865905761719e-01 6.144984960556030273e-01 2.527603626251220703e+00
1.500000000000000000e+04 3.000354528427124023e+00 2.399262487888336182e-01 1.183669447898864746e+00 1.221383094787597656e+00 3.000354528427124023e+00 2.399262487888336182e-01 1.183669447898864746e+00 1.221383094787597656e+00
1.600000000000000000e+04 9.883943200111389160e-01 1.893042623996734619e-01 6.417255997657775879e-01 1.768751382827758789e+00 9.883943200111389160e-01 1.893042623996734619e-01 6.417255997657775879e-01 1.768751382827758789e+00
1.700000000000000000e+04 8.304160237312316895e-01 7.871979475021362305e-02 4.165750741958618164e-01 1.056231975555419922e+00 8.304160237312316895e-01 7.871979475021362305e-02 4.165750741958618164e-01 1.056231975555419922e+00
1.800000000000000000e+04 1.616481661796569824e+00 7.200688868761062622e-02 3.470528721809387207e-01 9.906949400901794434e-01 1.616481661796569824e+00 7.200688868761062622e-02 3.470528721809387207e-01 9.906949400901794434e-01
1.900000000000000000e+04 9.690346717834472656e+00 6.036820262670516968e-02 2.848319292068481445e+00 1.607231616973876953e+00 9.690346717834472656e+00 6.036820262670516968e-02 2.848319292068481445e+00 1.607231616973876953e+00
2.000000000000000000e+04 3.187310695648193359e+00 8.369905501604080200e-02 8.350887298583984375e-01 1.946804404258728027e+00 3.187310695648193359e+00 8.369905501604080200e-02 8.350887298583984375e-01 1.946804404258728027e+00
