# step, loss_train, loss_test, metrics_test
0.000000000000000000e+00 1.811382500000000000e+05 1.567766418457031250e+02 3.534827343750000000e+04 5.790187377929687500e+02 1.811382500000000000e+05 1.567766418457031250e+02 3.534827343750000000e+04 5.790187377929687500e+02
1.000000000000000000e+03 1.495542358398437500e+03 1.656957817077636719e+01 9.055758056640625000e+02 2.983557128906250000e+02 1.495542358398437500e+03 1.656957817077636719e+01 9.055758056640625000e+02 2.983557128906250000e+02
2.000000000000000000e+03 6.635985107421875000e+02 1.826216316223144531e+01 8.238142089843750000e+02 2.994477844238281250e+02 6.635985107421875000e+02 1.826216316223144531e+01 8.238142089843750000e+02 2.994477844238281250e+02
3.000000000000000000e+03 4.064637145996093750e+02 2.248962211608886719e+01 6.442441406250000000e+02 2.963949279785156250e+02 4.064637145996093750e+02 2.248962211608886719e+01 6.442441406250000000e+02 2.963949279785156250e+02
4.000000000000000000e+03 2.858526000976562500e+02 2.675366401672363281e+01 4.110916748046875000e+02 2.896275329589843750e+02 2.858526000976562500e+02 2.675366401672363281e+01 4.110916748046875000e+02 2.896275329589843750e+02
5.000000000000000000e+03 2.513867797851562500e+02 2.993884277343750000e+01 1.928163299560546875e+02 2.841197204589843750e+02 2.513867797851562500e+02 2.993884277343750000e+01 1.928163299560546875e+02 2.841197204589843750e+02
6.000000000000000000e+03 1.588733367919921875e+02 2.975113105773925781e+01 5.503516387939453125e+01 2.812648620605468750e+02 1.588733367919921875e+02 2.975113105773925781e+01 5.503516387939453125e+01 2.812648620605468750e+02
7.000000000000000000e+03 8.631468200683593750e+01 2.817718887329101562e+01 1.858554649353027344e+01 2.814855651855468750e+02 8.631468200683593750e+01 2.817718887329101562e+01 1.858554649353027344e+01 2.814855651855468750e+02
8.000000000000000000e+03 5.162467956542968750e+01 2.646588325500488281e+01 8.752159118652343750e+00 2.788229064941406250e+02 5.162467956542968750e+01 2.646588325500488281e+01 8.752159118652343750e+00 2.788229064941406250e+02
9.000000000000000000e+03 3.457995986938476562e+01 2.349733352661132812e+01 5.594009876251220703e+00 2.778114013671875000e+02 3.457995986938476562e+01 2.349733352661132812e+01 5.594009876251220703e+00 2.778114013671875000e+02
1.000000000000000000e+04 2.437803840637207031e+01 1.961807060241699219e+01 3.153226852416992188e+00 2.759550476074218750e+02 2.437803840637207031e+01 1.961807060241699219e+01 3.153226852416992188e+00 2.759550476074218750e+02
1.100000000000000000e+04 2.008727073669433594e+01 1.498247337341308594e+01 2.535231113433837891e+00 2.754945068359375000e+02 2.008727073669433594e+01 1.498247337341308594e+01 2.535231113433837891e+00 2.754945068359375000e+02
1.200000000000000000e+04 1.441434288024902344e+01 1.218335533142089844e+01 1.498641014099121094e+00 2.743163757324218750e+02 1.441434288024902344e+01 1.218335533142089844e+01 1.498641014099121094e+00 2.743163757324218750e+02
1.300000000000000000e+04 1.059966373443603516e+01 1.110897731781005859e+01 6.178059577941894531e-01 2.690340270996093750e+02 1.059966373443603516e+01 1.110897731781005859e+01 6.178059577941894531e-01 2.690340270996093750e+02
1.400000000000000000e+04 9.300129890441894531e+00 9.847625732421875000e+00 6.493033170700073242e-01 2.631228942871093750e+02 9.300129890441894531e+00 9.847625732421875000e+00 6.493033170700073242e-01 2.631228942871093750e+02
1.500000000000000000e+04 8.458909988403320312e+00 1.000683307647705078e+01 4.722765386104583740e-01 2.572623291015625000e+02 8.458909988403320312e+00 1.000683307647705078e+01 4.722765386104583740e-01 2.572623291015625000e+02
1.600000000000000000e+04 9.252961158752441406e+00 9.052434921264648438e+00 9.735308885574340820e-01 2.499462738037109375e+02 9.252961158752441406e+00 9.052434921264648438e+00 9.735308885574340820e-01 2.499462738037109375e+02
1.700000000000000000e+04 9.512817382812500000e+00 8.986677169799804688e+00 4.200170040130615234e-01 2.445015869140625000e+02 9.512817382812500000e+00 8.986677169799804688e+00 4.200170040130615234e-01 2.445015869140625000e+02
1.800000000000000000e+04 1.123920440673828125e+01 9.076618194580078125e+00 2.649287700653076172e+00 2.396269989013671875e+02 1.123920440673828125e+01 9.076618194580078125e+00 2.649287700653076172e+00 2.396269989013671875e+02
1.900000000000000000e+04 1.303607749938964844e+01 1.044232559204101562e+01 6.060563325881958008e-01 2.319720001220703125e+02 1.303607749938964844e+01 1.044232559204101562e+01 6.060563325881958008e-01 2.319720001220703125e+02
2.000000000000000000e+04 1.357386970520019531e+01 1.041865634918212891e+01 2.257194519042968750e+00 2.270516204833984375e+02 1.357386970520019531e+01 1.041865634918212891e+01 2.257194519042968750e+00 2.270516204833984375e+02
