# step, loss_train, loss_test, metrics_test
0.000000000000000000e+00 0.000000000000000000e+00 2.277401161193847656e+01 6.791017089843750000e+03 4.000000915527343750e+02 0.000000000000000000e+00 2.277401161193847656e+01 6.791017089843750000e+03 4.000000915527343750e+02
1.000000000000000000e+03 0.000000000000000000e+00 1.443681144714355469e+01 2.537348388671875000e+03 3.898432006835937500e+02 0.000000000000000000e+00 1.443681144714355469e+01 2.537348388671875000e+03 3.898432006835937500e+02
2.000000000000000000e+03 0.000000000000000000e+00 1.443681144714355469e+01 2.537348388671875000e+03 3.898432006835937500e+02 0.000000000000000000e+00 1.443681144714355469e+01 2.537348388671875000e+03 3.898432006835937500e+02
3.000000000000000000e+03 0.000000000000000000e+00 1.443681144714355469e+01 2.537348388671875000e+03 3.898432006835937500e+02 0.000000000000000000e+00 1.443681144714355469e+01 2.537348388671875000e+03 3.898432006835937500e+02
4.000000000000000000e+03 0.000000000000000000e+00 1.443681144714355469e+01 2.537348388671875000e+03 3.898432617187500000e+02 0.000000000000000000e+00 1.443681144714355469e+01 2.537348388671875000e+03 3.898432617187500000e+02
5.000000000000000000e+03 0.000000000000000000e+00 1.443684101104736328e+01 2.537348388671875000e+03 3.898432922363281250e+02 0.000000000000000000e+00 1.443684101104736328e+01 2.537348388671875000e+03 3.898432922363281250e+02
6.000000000000000000e+03 0.000000000000000000e+00 1.443753719329833984e+01 2.537347167968750000e+03 3.898440551757812500e+02 0.000000000000000000e+00 1.443753719329833984e+01 2.537347167968750000e+03 3.898440551757812500e+02
7.000000000000000000e+03 0.000000000000000000e+00 1.442618370056152344e+01 2.537371826171875000e+03 3.898312072753906250e+02 0.000000000000000000e+00 1.442618370056152344e+01 2.537371826171875000e+03 3.898312072753906250e+02
8.000000000000000000e+03 0.000000000000000000e+00 1.443549060821533203e+01 2.537351318359375000e+03 3.898417663574218750e+02 0.000000000000000000e+00 1.443549060821533203e+01 2.537351318359375000e+03 3.898417663574218750e+02
9.000000000000000000e+03 0.000000000000000000e+00 1.443478298187255859e+01 2.537352783203125000e+03 3.898409729003906250e+02 0.000000000000000000e+00 1.443478298187255859e+01 2.537352783203125000e+03 3.898409729003906250e+02
1.000000000000000000e+04 0.000000000000000000e+00 1.402019405364990234e+01 2.539432373046875000e+03 3.893737792968750000e+02 0.000000000000000000e+00 1.402019405364990234e+01 2.539432373046875000e+03 3.893737792968750000e+02
1.100000000000000000e+04 0.000000000000000000e+00 1.443657016754150391e+01 2.537348876953125000e+03 3.898429870605468750e+02 0.000000000000000000e+00 1.443657016754150391e+01 2.537348876953125000e+03 3.898429870605468750e+02
1.200000000000000000e+04 0.000000000000000000e+00 1.443683624267578125e+01 2.537348388671875000e+03 3.898432922363281250e+02 0.000000000000000000e+00 1.443683624267578125e+01 2.537348388671875000e+03 3.898432922363281250e+02
1.300000000000000000e+04 0.000000000000000000e+00 1.443736171722412109e+01 2.537347167968750000e+03 3.898438415527343750e+02 0.000000000000000000e+00 1.443736171722412109e+01 2.537347167968750000e+03 3.898438415527343750e+02
1.400000000000000000e+04 0.000000000000000000e+00 1.443603229522705078e+01 2.537349853515625000e+03 3.898423767089843750e+02 0.000000000000000000e+00 1.443603229522705078e+01 2.537349853515625000e+03 3.898423767089843750e+02
1.500000000000000000e+04 0.000000000000000000e+00 1.443655300140380859e+01 2.537348876953125000e+03 3.898429870605468750e+02 0.000000000000000000e+00 1.443655300140380859e+01 2.537348876953125000e+03 3.898429870605468750e+02
1.600000000000000000e+04 0.000000000000000000e+00 1.443719959259033203e+01 2.537347656250000000e+03 3.898436584472656250e+02 0.000000000000000000e+00 1.443719959259033203e+01 2.537347656250000000e+03 3.898436584472656250e+02
1.700000000000000000e+04 0.000000000000000000e+00 1.443683624267578125e+01 2.537348388671875000e+03 3.898432922363281250e+02 0.000000000000000000e+00 1.443683624267578125e+01 2.537348388671875000e+03 3.898432922363281250e+02
1.800000000000000000e+04 0.000000000000000000e+00 1.444619846343994141e+01 2.537329101562500000e+03 3.898538513183593750e+02 0.000000000000000000e+00 1.444619846343994141e+01 2.537329101562500000e+03 3.898538513183593750e+02
1.900000000000000000e+04 0.000000000000000000e+00 1.443703365325927734e+01 2.537347900390625000e+03 3.898435058593750000e+02 0.000000000000000000e+00 1.443703365325927734e+01 2.537347900390625000e+03 3.898435058593750000e+02
2.000000000000000000e+04 0.000000000000000000e+00 1.444186210632324219e+01 2.537337890625000000e+03 3.898489685058593750e+02 0.000000000000000000e+00 1.444186210632324219e+01 2.537337890625000000e+03 3.898489685058593750e+02
