# step, loss_train, loss_test, metrics_test
0.000000000000000000e+00 1.576832421875000000e+04 6.253694152832031250e+01 9.263644531250000000e+03 2.530107727050781250e+02 1.576832421875000000e+04 6.253694152832031250e+01 9.263644531250000000e+03 2.530107727050781250e+02
1.000000000000000000e+03 7.780061340332031250e+01 3.771824645996093750e+01 1.993507385253906250e+02 2.485275115966796875e+02 7.780061340332031250e+01 3.771824645996093750e+01 1.993507385253906250e+02 2.485275115966796875e+02
2.000000000000000000e+03 2.071185684204101562e+01 4.844363784790039062e+01 1.433759975433349609e+01 2.519327087402343750e+02 2.071185684204101562e+01 4.844363784790039062e+01 1.433759975433349609e+01 2.519327087402343750e+02
3.000000000000000000e+03 1.170143222808837891e+01 4.702306747436523438e+01 6.355124473571777344e+00 2.443228454589843750e+02 1.170143222808837891e+01 4.702306747436523438e+01 6.355124473571777344e+00 2.443228454589843750e+02
4.000000000000000000e+03 7.042764186859130859e+00 4.568685531616210938e+01 3.523242712020874023e+00 2.370881652832031250e+02 7.042764186859130859e+00 4.568685531616210938e+01 3.523242712020874023e+00 2.370881652832031250e+02
5.000000000000000000e+03 4.831811428070068359e+00 4.160444641113281250e+01 2.141517639160156250e+00 2.314562988281250000e+02 4.831811428070068359e+00 4.160444641113281250e+01 2.141517639160156250e+00 2.314562988281250000e+02
6.000000000000000000e+03 4.030151844024658203e+00 3.511967468261718750e+01 1.399464607238769531e+00 2.268045196533203125e+02 4.030151844024658203e+00 3.511967468261718750e+01 1.399464607238769531e+00 2.268045196533203125e+02
7.000000000000000000e+03 3.635748624801635742e+00 2.737193870544433594e+01 1.092013001441955566e+00 2.222912597656250000e+02 3.635748624801635742e+00 2.737193870544433594e+01 1.092013001441955566e+00 2.222912597656250000e+02
8.000000000000000000e+03 3.669589757919311523e+00 1.921612548828125000e+01 1.120758175849914551e+00 2.179664916992187500e+02 3.669589757919311523e+00 1.921612548828125000e+01 1.120758175849914551e+00 2.179664916992187500e+02
9.000000000000000000e+03 3.792666196823120117e+00 1.310737609863281250e+01 1.147620916366577148e+00 2.144828643798828125e+02 3.792666196823120117e+00 1.310737609863281250e+01 1.147620916366577148e+00 2.144828643798828125e+02
1.000000000000000000e+04 3.626651525497436523e+00 1.061905097961425781e+01 1.049827575683593750e+00 2.122153472900390625e+02 3.626651525497436523e+00 1.061905097961425781e+01 1.049827575683593750e+00 2.122153472900390625e+02
1.100000000000000000e+04 2.907896995544433594e+00 9.838317871093750000e+00 9.279336929321289062e-01 2.105119628906250000e+02 2.907896995544433594e+00 9.838317871093750000e+00 9.279336929321289062e-01 2.105119628906250000e+02
1.200000000000000000e+04 2.698015213012695312e+00 9.477558135986328125e+00 9.082830548286437988e-01 2.085776977539062500e+02 2.698015213012695312e+00 9.477558135986328125e+00 9.082830548286437988e-01 2.085776977539062500e+02
1.300000000000000000e+04 2.645800113677978516e+00 9.341825485229492188e+00 8.886345624923706055e-01 2.062949829101562500e+02 2.645800113677978516e+00 9.341825485229492188e+00 8.886345624923706055e-01 2.062949829101562500e+02
1.400000000000000000e+04 2.973685264587402344e+00 9.276773452758789062e+00 8.505179882049560547e-01 2.034166259765625000e+02 2.973685264587402344e+00 9.276773452758789062e+00 8.505179882049560547e-01 2.034166259765625000e+02
1.500000000000000000e+04 4.081839561462402344e+00 9.213954925537109375e+00 9.497002363204956055e-01 1.996054840087890625e+02 4.081839561462402344e+00 9.213954925537109375e+00 9.497002363204956055e-01 1.996054840087890625e+02
1.600000000000000000e+04 4.958243370056152344e+00 9.282809257507324219e+00 9.399577379226684570e-01 1.948931732177734375e+02 4.958243370056152344e+00 9.282809257507324219e+00 9.399577379226684570e-01 1.948931732177734375e+02
1.700000000000000000e+04 6.099706172943115234e+00 9.217884063720703125e+00 1.005026102066040039e+00 1.888710784912109375e+02 6.099706172943115234e+00 9.217884063720703125e+00 1.005026102066040039e+00 1.888710784912109375e+02
1.800000000000000000e+04 8.226000785827636719e+00 8.938611984252929688e+00 1.111234903335571289e+00 1.813634338378906250e+02 8.226000785827636719e+00 8.938611984252929688e+00 1.111234903335571289e+00 1.813634338378906250e+02
1.900000000000000000e+04 1.258593750000000000e+01 8.812391281127929688e+00 1.123295187950134277e+00 1.727854614257812500e+02 1.258593750000000000e+01 8.812391281127929688e+00 1.123295187950134277e+00 1.727854614257812500e+02
2.000000000000000000e+04 1.377661895751953125e+01 8.369231224060058594e+00 1.137569427490234375e+00 1.619627380371093750e+02 1.377661895751953125e+01 8.369231224060058594e+00 1.137569427490234375e+00 1.619627380371093750e+02
