# step, loss_train, loss_test, metrics_test
0.000000000000000000e+00 1.854806396484375000e+03 2.030031776428222656e+01 3.898546875000000000e+03 2.266496276855468750e+02 1.854806396484375000e+03 2.030031776428222656e+01 3.898546875000000000e+03 2.266496276855468750e+02
1.000000000000000000e+03 7.634035587310791016e+00 4.866958236694335938e+01 6.234395503997802734e+00 2.302257080078125000e+02 7.634035587310791016e+00 4.866958236694335938e+01 6.234395503997802734e+00 2.302257080078125000e+02
2.000000000000000000e+03 4.088739871978759766e+00 4.339345169067382812e+01 2.624374866485595703e+00 2.180176239013671875e+02 4.088739871978759766e+00 4.339345169067382812e+01 2.624374866485595703e+00 2.180176239013671875e+02
3.000000000000000000e+03 3.478139877319335938e+00 3.497969818115234375e+01 1.457624197006225586e+00 2.123030242919921875e+02 3.478139877319335938e+00 3.497969818115234375e+01 1.457624197006225586e+00 2.123030242919921875e+02
4.000000000000000000e+03 3.415856599807739258e+00 2.393590354919433594e+01 9.261702895164489746e-01 2.086015472412109375e+02 3.415856599807739258e+00 2.393590354919433594e+01 9.261702895164489746e-01 2.086015472412109375e+02
5.000000000000000000e+03 3.780302524566650391e+00 1.306942272186279297e+01 8.910122513771057129e-01 2.054380187988281250e+02 3.780302524566650391e+00 1.306942272186279297e+01 8.910122513771057129e-01 2.054380187988281250e+02
6.000000000000000000e+03 2.624627828598022461e+00 8.206569671630859375e+00 7.020525932312011719e-01 2.022605743408203125e+02 2.624627828598022461e+00 8.206569671630859375e+00 7.020525932312011719e-01 2.022605743408203125e+02
7.000000000000000000e+03 2.723892450332641602e+00 7.620094776153564453e+00 6.851803660392761230e-01 1.993330688476562500e+02 2.723892450332641602e+00 7.620094776153564453e+00 6.851803660392761230e-01 1.993330688476562500e+02
8.000000000000000000e+03 1.644788503646850586e+00 7.666438579559326172e+00 6.906537413597106934e-01 1.965039672851562500e+02 1.644788503646850586e+00 7.666438579559326172e+00 6.906537413597106934e-01 1.965039672851562500e+02
9.000000000000000000e+03 1.618842244148254395e+00 7.975839138031005859e+00 6.937480568885803223e-01 1.932451629638671875e+02 1.618842244148254395e+00 7.975839138031005859e+00 6.937480568885803223e-01 1.932451629638671875e+02
1.000000000000000000e+04 2.049131393432617188e+00 8.333962440490722656e+00 6.942059397697448730e-01 1.885692291259765625e+02 2.049131393432617188e+00 8.333962440490722656e+00 6.942059397697448730e-01 1.885692291259765625e+02
1.100000000000000000e+04 5.683380126953125000e+00 8.607640266418457031e+00 1.245570182800292969e+00 1.811803588867187500e+02 5.683380126953125000e+00 8.607640266418457031e+00 1.245570182800292969e+00 1.811803588867187500e+02
1.200000000000000000e+04 9.458712577819824219e+00 9.295062065124511719e+00 1.281882524490356445e+00 1.703168334960937500e+02 9.458712577819824219e+00 9.295062065124511719e+00 1.281882524490356445e+00 1.703168334960937500e+02
1.300000000000000000e+04 8.192597389221191406e+00 9.267511367797851562e+00 6.912943720817565918e-01 1.546434783935546875e+02 8.192597389221191406e+00 9.267511367797851562e+00 6.912943720817565918e-01 1.546434783935546875e+02
1.400000000000000000e+04 1.283502960205078125e+01 9.340462684631347656e+00 8.849321603775024414e-01 1.344164428710937500e+02 1.283502960205078125e+01 9.340462684631347656e+00 8.849321603775024414e-01 1.344164428710937500e+02
1.500000000000000000e+04 1.879420089721679688e+01 8.549955368041992188e+00 1.306231260299682617e+00 1.132035369873046875e+02 1.879420089721679688e+01 8.549955368041992188e+00 1.306231260299682617e+00 1.132035369873046875e+02
1.600000000000000000e+04 2.415897178649902344e+01 7.248466968536376953e+00 1.538811564445495605e+00 9.354472351074218750e+01 2.415897178649902344e+01 7.248466968536376953e+00 1.538811564445495605e+00 9.354472351074218750e+01
1.700000000000000000e+04 2.764678192138671875e+01 6.236779689788818359e+00 1.308844208717346191e+00 7.622150421142578125e+01 2.764678192138671875e+01 6.236779689788818359e+00 1.308844208717346191e+00 7.622150421142578125e+01
1.800000000000000000e+04 2.683536911010742188e+01 5.163499832153320312e+00 1.308759808540344238e+00 6.540390014648437500e+01 2.683536911010742188e+01 5.163499832153320312e+00 1.308759808540344238e+00 6.540390014648437500e+01
1.900000000000000000e+04 2.898298454284667969e+01 4.457294464111328125e+00 1.486297845840454102e+00 5.782136154174804688e+01 2.898298454284667969e+01 4.457294464111328125e+00 1.486297845840454102e+00 5.782136154174804688e+01
2.000000000000000000e+04 3.158420181274414062e+01 3.957792043685913086e+00 1.664653420448303223e+00 5.100328445434570312e+01 3.158420181274414062e+01 3.957792043685913086e+00 1.664653420448303223e+00 5.100328445434570312e+01
