# step, loss_train, loss_test, metrics_test
0.000000000000000000e+00 0.000000000000000000e+00 2.469833946228027344e+01 7.210383300781250000e+03 2.718209838867187500e+02 0.000000000000000000e+00 2.469833946228027344e+01 7.210383300781250000e+03 2.718209838867187500e+02
1.000000000000000000e+03 0.000000000000000000e+00 1.432733345031738281e+01 2.563703369140625000e+03 2.721544799804687500e+02 0.000000000000000000e+00 1.432733345031738281e+01 2.563703369140625000e+03 2.721544799804687500e+02
2.000000000000000000e+03 0.000000000000000000e+00 1.070954132080078125e+01 2.876449218750000000e+03 2.542799224853515625e+02 0.000000000000000000e+00 1.070954132080078125e+01 2.876449218750000000e+03 2.542799224853515625e+02
3.000000000000000000e+03 0.000000000000000000e+00 1.432504749298095703e+01 2.563706542968750000e+03 2.537873992919921875e+02 0.000000000000000000e+00 1.432504749298095703e+01 2.563706542968750000e+03 2.537873992919921875e+02
4.000000000000000000e+03 0.000000000000000000e+00 1.432346820831298828e+01 2.563708984375000000e+03 2.535580749511718750e+02 0.000000000000000000e+00 1.432346820831298828e+01 2.563708984375000000e+03 2.535580749511718750e+02
5.000000000000000000e+03 0.000000000000000000e+00 1.432340049743652344e+01 2.563708984375000000e+03 2.535367736816406250e+02 0.000000000000000000e+00 1.432340049743652344e+01 2.563708984375000000e+03 2.535367736816406250e+02
6.000000000000000000e+03 0.000000000000000000e+00 1.433723926544189453e+01 2.563687988281250000e+03 2.535435028076171875e+02 0.000000000000000000e+00 1.433723926544189453e+01 2.563687988281250000e+03 2.535435028076171875e+02
7.000000000000000000e+03 0.000000000000000000e+00 1.438815116882324219e+01 2.563642089843750000e+03 2.535750732421875000e+02 0.000000000000000000e+00 1.438815116882324219e+01 2.563642089843750000e+03 2.535750732421875000e+02
8.000000000000000000e+03 0.000000000000000000e+00 1.405517292022705078e+01 2.564853027343750000e+03 2.533690032958984375e+02 0.000000000000000000e+00 1.405517292022705078e+01 2.564853027343750000e+03 2.533690032958984375e+02
9.000000000000000000e+03 0.000000000000000000e+00 1.146277904510498047e+01 2.703015136718750000e+03 2.519111785888671875e+02 0.000000000000000000e+00 1.146277904510498047e+01 2.703015136718750000e+03 2.519111785888671875e+02
1.000000000000000000e+04 0.000000000000000000e+00 4.637756347656250000e+01 4.895518066406250000e+03 2.761541442871093750e+02 0.000000000000000000e+00 4.637756347656250000e+01 4.895518066406250000e+03 2.761541442871093750e+02
1.100000000000000000e+04 0.000000000000000000e+00 1.432435703277587891e+01 2.563707275390625000e+03 2.535354156494140625e+02 0.000000000000000000e+00 1.432435703277587891e+01 2.563707275390625000e+03 2.535354156494140625e+02
1.200000000000000000e+04 0.000000000000000000e+00 1.053829383850097656e+01 3.358176757812500000e+03 2.520802459716796875e+02 0.000000000000000000e+00 1.053829383850097656e+01 3.358176757812500000e+03 2.520802459716796875e+02
1.300000000000000000e+04 0.000000000000000000e+00 1.432546520233154297e+01 2.563705566406250000e+03 2.535360870361328125e+02 0.000000000000000000e+00 1.432546520233154297e+01 2.563705566406250000e+03 2.535360870361328125e+02
1.400000000000000000e+04 0.000000000000000000e+00 1.432204151153564453e+01 2.563711181640625000e+03 2.535339508056640625e+02 0.000000000000000000e+00 1.432204151153564453e+01 2.563711181640625000e+03 2.535339508056640625e+02
1.500000000000000000e+04 0.000000000000000000e+00 1.436426544189453125e+01 2.563657714843750000e+03 2.535601806640625000e+02 0.000000000000000000e+00 1.436426544189453125e+01 2.563657714843750000e+03 2.535601806640625000e+02
1.600000000000000000e+04 0.000000000000000000e+00 1.153284931182861328e+01 2.693539062500000000e+03 2.519440917968750000e+02 0.000000000000000000e+00 1.153284931182861328e+01 2.693539062500000000e+03 2.519440917968750000e+02
1.700000000000000000e+04 0.000000000000000000e+00 1.519762229919433594e+01 2.568789306640625000e+03 2.540851898193359375e+02 0.000000000000000000e+00 1.519762229919433594e+01 2.568789306640625000e+03 2.540851898193359375e+02
1.800000000000000000e+04 0.000000000000000000e+00 1.417344951629638672e+01 2.937879394531250000e+03 2.552065429687500000e+02 0.000000000000000000e+00 1.417344951629638672e+01 2.937879394531250000e+03 2.552065429687500000e+02
1.900000000000000000e+04 0.000000000000000000e+00 1.417350006103515625e+01 2.937879394531250000e+03 2.552065429687500000e+02 0.000000000000000000e+00 1.417350006103515625e+01 2.937879394531250000e+03 2.552065429687500000e+02
2.000000000000000000e+04 0.000000000000000000e+00 1.417349338531494141e+01 2.937879394531250000e+03 2.552065734863281250e+02 0.000000000000000000e+00 1.417349338531494141e+01 2.937879394531250000e+03 2.552065734863281250e+02
