# step, loss_train, loss_test, metrics_test
0.000000000000000000e+00 0.000000000000000000e+00 2.458122444152832031e+01 5.334616699218750000e+02 4.432168884277343750e+02 0.000000000000000000e+00 2.458122444152832031e+01 5.334616699218750000e+02 4.432168884277343750e+02
1.000000000000000000e+03 0.000000000000000000e+00 2.128270912170410156e+01 4.733397216796875000e+02 4.381322021484375000e+02 0.000000000000000000e+00 2.128270912170410156e+01 4.733397216796875000e+02 4.381322021484375000e+02
2.000000000000000000e+03 0.000000000000000000e+00 1.820372390747070312e+01 4.156632385253906250e+02 4.331162414550781250e+02 0.000000000000000000e+00 1.820372390747070312e+01 4.156632385253906250e+02 4.331162414550781250e+02
3.000000000000000000e+03 0.000000000000000000e+00 1.536912059783935547e+01 3.547178039550781250e+02 4.280985412597656250e+02 0.000000000000000000e+00 1.536912059783935547e+01 3.547178039550781250e+02 4.280985412597656250e+02
4.000000000000000000e+03 0.000000000000000000e+00 1.316281795501708984e+01 2.924031372070312500e+02 4.234032897949218750e+02 0.000000000000000000e+00 1.316281795501708984e+01 2.924031372070312500e+02 4.234032897949218750e+02
5.000000000000000000e+03 0.000000000000000000e+00 1.187141418457031250e+01 2.334296722412109375e+02 4.192460021972656250e+02 0.000000000000000000e+00 1.187141418457031250e+01 2.334296722412109375e+02 4.192460021972656250e+02
6.000000000000000000e+03 0.000000000000000000e+00 1.144165325164794922e+01 1.815720977783203125e+02 4.157854919433593750e+02 0.000000000000000000e+00 1.144165325164794922e+01 1.815720977783203125e+02 4.157854919433593750e+02
7.000000000000000000e+03 0.000000000000000000e+00 1.209056663513183594e+01 1.433186645507812500e+02 4.136767578125000000e+02 0.000000000000000000e+00 1.209056663513183594e+01 1.433186645507812500e+02 4.136767578125000000e+02
8.000000000000000000e+03 0.000000000000000000e+00 1.369465160369873047e+01 1.214336776733398438e+02 4.132763061523437500e+02 0.000000000000000000e+00 1.369465160369873047e+01 1.214336776733398438e+02 4.132763061523437500e+02
9.000000000000000000e+03 0.000000000000000000e+00 1.497899532318115234e+01 1.089501647949218750e+02 4.124182434082031250e+02 0.000000000000000000e+00 1.497899532318115234e+01 1.089501647949218750e+02 4.124182434082031250e+02
1.000000000000000000e+04 0.000000000000000000e+00 1.570885086059570312e+01 9.832757568359375000e+01 4.098233032226562500e+02 0.000000000000000000e+00 1.570885086059570312e+01 9.832757568359375000e+01 4.098233032226562500e+02
1.100000000000000000e+04 0.000000000000000000e+00 1.639164352416992188e+01 8.695067596435546875e+01 4.055481567382812500e+02 0.000000000000000000e+00 1.639164352416992188e+01 8.695067596435546875e+01 4.055481567382812500e+02
1.200000000000000000e+04 0.000000000000000000e+00 1.730604171752929688e+01 7.428060150146484375e+01 3.995207824707031250e+02 0.000000000000000000e+00 1.730604171752929688e+01 7.428060150146484375e+01 3.995207824707031250e+02
1.300000000000000000e+04 0.000000000000000000e+00 1.891388130187988281e+01 6.038419342041015625e+01 3.916332397460937500e+02 0.000000000000000000e+00 1.891388130187988281e+01 6.038419342041015625e+01 3.916332397460937500e+02
1.400000000000000000e+04 0.000000000000000000e+00 2.171859931945800781e+01 4.621533203125000000e+01 3.812784118652343750e+02 0.000000000000000000e+00 2.171859931945800781e+01 4.621533203125000000e+01 3.812784118652343750e+02
1.500000000000000000e+04 0.000000000000000000e+00 2.608198356628417969e+01 3.330640792846679688e+01 3.691594543457031250e+02 0.000000000000000000e+00 2.608198356628417969e+01 3.330640792846679688e+01 3.691594543457031250e+02
1.600000000000000000e+04 0.000000000000000000e+00 3.104958915710449219e+01 2.434824562072753906e+01 3.575324707031250000e+02 0.000000000000000000e+00 3.104958915710449219e+01 2.434824562072753906e+01 3.575324707031250000e+02
1.700000000000000000e+04 0.000000000000000000e+00 3.449353408813476562e+01 1.985229301452636719e+01 3.483160400390625000e+02 0.000000000000000000e+00 3.449353408813476562e+01 1.985229301452636719e+01 3.483160400390625000e+02
1.800000000000000000e+04 0.000000000000000000e+00 3.584487915039062500e+01 1.783052062988281250e+01 3.409352111816406250e+02 0.000000000000000000e+00 3.584487915039062500e+01 1.783052062988281250e+01 3.409352111816406250e+02
1.900000000000000000e+04 0.000000000000000000e+00 3.618653869628906250e+01 1.713153648376464844e+01 3.336044616699218750e+02 0.000000000000000000e+00 3.618653869628906250e+01 1.713153648376464844e+01 3.336044616699218750e+02
2.000000000000000000e+04 0.000000000000000000e+00 3.606605529785156250e+01 1.765345001220703125e+01 3.249827575683593750e+02 0.000000000000000000e+00 3.606605529785156250e+01 1.765345001220703125e+01 3.249827575683593750e+02
