# step, loss_train, loss_test, metrics_test
0.000000000000000000e+00 6.627741269767284393e-03 9.372078704833984375e+01 8.564000000000000000e+03 4.296491394042968750e+02 6.627741269767284393e-03 9.372078704833984375e+01 8.564000000000000000e+03 4.296491394042968750e+02
1.000000000000000000e+03 8.412864804267883301e-02 1.608027839660644531e+01 1.275647827148437500e+03 3.539898681640625000e+02 8.412864804267883301e-02 1.608027839660644531e+01 1.275647827148437500e+03 3.539898681640625000e+02
2.000000000000000000e+03 7.828410863876342773e-01 1.701838111877441406e+01 7.856936035156250000e+02 3.567742004394531250e+02 7.828410863876342773e-01 1.701838111877441406e+01 7.856936035156250000e+02 3.567742004394531250e+02
3.000000000000000000e+03 1.695723176002502441e+00 2.143211364746093750e+01 5.641864013671875000e+02 3.629567871093750000e+02 1.695723176002502441e+00 2.143211364746093750e+01 5.641864013671875000e+02 3.629567871093750000e+02
4.000000000000000000e+03 1.312413811683654785e+00 3.693887329101562500e+01 2.136125183105468750e+01 3.410406799316406250e+02 1.312413811683654785e+00 3.693887329101562500e+01 2.136125183105468750e+01 3.410406799316406250e+02
5.000000000000000000e+03 5.817239880561828613e-01 4.581674575805664062e+01 9.915330886840820312e+00 3.248609619140625000e+02 5.817239880561828613e-01 4.581674575805664062e+01 9.915330886840820312e+00 3.248609619140625000e+02
6.000000000000000000e+03 5.230078101158142090e-01 4.705831146240234375e+01 1.009347152709960938e+01 3.189493103027343750e+02 5.230078101158142090e-01 4.705831146240234375e+01 1.009347152709960938e+01 3.189493103027343750e+02
7.000000000000000000e+03 5.409939885139465332e-01 4.653414154052734375e+01 1.000302505493164062e+01 3.164927673339843750e+02 5.409939885139465332e-01 4.653414154052734375e+01 1.000302505493164062e+01 3.164927673339843750e+02
8.000000000000000000e+03 6.500040888786315918e-01 4.454996109008789062e+01 9.425433158874511719e+00 3.155386047363281250e+02 6.500040888786315918e-01 4.454996109008789062e+01 9.425433158874511719e+00 3.155386047363281250e+02
9.000000000000000000e+03 7.549213767051696777e-01 4.040439987182617188e+01 7.627955436706542969e+00 3.156435241699218750e+02 7.549213767051696777e-01 4.040439987182617188e+01 7.627955436706542969e+00 3.156435241699218750e+02
1.000000000000000000e+04 7.220563888549804688e-01 3.138595199584960938e+01 3.656222820281982422e+00 3.177245788574218750e+02 7.220563888549804688e-01 3.138595199584960938e+01 3.656222820281982422e+00 3.177245788574218750e+02
1.100000000000000000e+04 7.175614237785339355e-01 2.442477035522460938e+01 1.376864790916442871e+00 3.173479614257812500e+02 7.175614237785339355e-01 2.442477035522460938e+01 1.376864790916442871e+00 3.173479614257812500e+02
1.200000000000000000e+04 5.265788435935974121e-01 1.988421249389648438e+01 7.353192567825317383e-01 3.141075134277343750e+02 5.265788435935974121e-01 1.988421249389648438e+01 7.353192567825317383e-01 3.141075134277343750e+02
1.300000000000000000e+04 6.247413158416748047e-01 1.671809196472167969e+01 1.288167119026184082e+00 3.089831542968750000e+02 6.247413158416748047e-01 1.671809196472167969e+01 1.288167119026184082e+00 3.089831542968750000e+02
1.400000000000000000e+04 8.835825324058532715e-01 1.600751304626464844e+01 1.673403859138488770e+00 3.011867065429687500e+02 8.835825324058532715e-01 1.600751304626464844e+01 1.673403859138488770e+00 3.011867065429687500e+02
1.500000000000000000e+04 1.529723644256591797e+00 1.799155044555664062e+01 2.222213983535766602e+00 2.843358764648437500e+02 1.529723644256591797e+00 1.799155044555664062e+01 2.222213983535766602e+00 2.843358764648437500e+02
1.600000000000000000e+04 3.521276473999023438e+00 2.164493560791015625e+01 3.536073923110961914e+00 2.606494445800781250e+02 3.521276473999023438e+00 2.164493560791015625e+01 3.536073923110961914e+00 2.606494445800781250e+02
1.700000000000000000e+04 4.870376110076904297e+00 2.323547935485839844e+01 4.634479999542236328e+00 2.389646911621093750e+02 4.870376110076904297e+00 2.323547935485839844e+01 4.634479999542236328e+00 2.389646911621093750e+02
1.800000000000000000e+04 6.191213607788085938e+00 2.389212989807128906e+01 5.729023933410644531e+00 2.119350433349609375e+02 6.191213607788085938e+00 2.389212989807128906e+01 5.729023933410644531e+00 2.119350433349609375e+02
1.900000000000000000e+04 9.751975059509277344e+00 2.317919731140136719e+01 6.577630996704101562e+00 1.782092285156250000e+02 9.751975059509277344e+00 2.317919731140136719e+01 6.577630996704101562e+00 1.782092285156250000e+02
2.000000000000000000e+04 1.469803237915039062e+01 2.052676200866699219e+01 6.674089431762695312e+00 1.421877136230468750e+02 1.469803237915039062e+01 2.052676200866699219e+01 6.674089431762695312e+00 1.421877136230468750e+02
