# step, loss_train, loss_test, metrics_test
0.000000000000000000e+00 0.000000000000000000e+00 2.335794830322265625e+01 1.982487304687500000e+03 1.168129882812500000e+02 0.000000000000000000e+00 2.335794830322265625e+01 1.982487304687500000e+03 1.168129882812500000e+02
1.000000000000000000e+03 0.000000000000000000e+00 1.446050357818603516e+01 7.420922851562500000e+02 1.133494415283203125e+02 0.000000000000000000e+00 1.446050357818603516e+01 7.420922851562500000e+02 1.133494415283203125e+02
2.000000000000000000e+03 0.000000000000000000e+00 1.446050930023193359e+01 7.420922851562500000e+02 1.133494415283203125e+02 0.000000000000000000e+00 1.446050930023193359e+01 7.420922851562500000e+02 1.133494415283203125e+02
3.000000000000000000e+03 0.000000000000000000e+00 1.446050357818603516e+01 7.420922241210937500e+02 1.133494415283203125e+02 0.000000000000000000e+00 1.446050357818603516e+01 7.420922241210937500e+02 1.133494415283203125e+02
4.000000000000000000e+03 0.000000000000000000e+00 1.446050643920898438e+01 7.420922851562500000e+02 1.133494415283203125e+02 0.000000000000000000e+00 1.446050643920898438e+01 7.420922851562500000e+02 1.133494415283203125e+02
5.000000000000000000e+03 0.000000000000000000e+00 1.446050643920898438e+01 7.420922851562500000e+02 1.133494415283203125e+02 0.000000000000000000e+00 1.446050643920898438e+01 7.420922851562500000e+02 1.133494415283203125e+02
6.000000000000000000e+03 0.000000000000000000e+00 1.446050643920898438e+01 7.420922851562500000e+02 1.133494415283203125e+02 0.000000000000000000e+00 1.446050643920898438e+01 7.420922851562500000e+02 1.133494415283203125e+02
7.000000000000000000e+03 0.000000000000000000e+00 1.448866939544677734e+01 7.420566406250000000e+02 1.133585510253906250e+02 0.000000000000000000e+00 1.448866939544677734e+01 7.420566406250000000e+02 1.133585510253906250e+02
8.000000000000000000e+03 0.000000000000000000e+00 1.480074214935302734e+01 7.418638916015625000e+02 1.134595031738281250e+02 0.000000000000000000e+00 1.480074214935302734e+01 7.418638916015625000e+02 1.134595031738281250e+02
9.000000000000000000e+03 0.000000000000000000e+00 1.446047782897949219e+01 7.420923461914062500e+02 1.133494415283203125e+02 0.000000000000000000e+00 1.446047782897949219e+01 7.420923461914062500e+02 1.133494415283203125e+02
1.000000000000000000e+04 0.000000000000000000e+00 1.446045589447021484e+01 7.420923461914062500e+02 1.133494110107421875e+02 0.000000000000000000e+00 1.446045589447021484e+01 7.420923461914062500e+02 1.133494110107421875e+02
1.100000000000000000e+04 0.000000000000000000e+00 1.446074771881103516e+01 7.420919799804687500e+02 1.133495178222656250e+02 0.000000000000000000e+00 1.446074771881103516e+01 7.420919799804687500e+02 1.133495178222656250e+02
1.200000000000000000e+04 0.000000000000000000e+00 1.445808887481689453e+01 7.420955200195312500e+02 1.133486480712890625e+02 0.000000000000000000e+00 1.445808887481689453e+01 7.420955200195312500e+02 1.133486480712890625e+02
1.300000000000000000e+04 0.000000000000000000e+00 1.446050357818603516e+01 7.420922851562500000e+02 1.133494415283203125e+02 0.000000000000000000e+00 1.446050357818603516e+01 7.420922851562500000e+02 1.133494415283203125e+02
1.400000000000000000e+04 0.000000000000000000e+00 1.446050357818603516e+01 7.420922851562500000e+02 1.133494415283203125e+02 0.000000000000000000e+00 1.446050357818603516e+01 7.420922851562500000e+02 1.133494415283203125e+02
1.500000000000000000e+04 0.000000000000000000e+00 1.446050643920898438e+01 7.420922851562500000e+02 1.133494415283203125e+02 0.000000000000000000e+00 1.446050643920898438e+01 7.420922851562500000e+02 1.133494415283203125e+02
1.600000000000000000e+04 0.000000000000000000e+00 1.446050357818603516e+01 7.420922851562500000e+02 1.133494415283203125e+02 0.000000000000000000e+00 1.446050357818603516e+01 7.420922851562500000e+02 1.133494415283203125e+02
1.700000000000000000e+04 0.000000000000000000e+00 1.477776718139648438e+01 7.418657836914062500e+02 1.134520568847656250e+02 0.000000000000000000e+00 1.477776718139648438e+01 7.418657836914062500e+02 1.134520568847656250e+02
1.800000000000000000e+04 0.000000000000000000e+00 1.446043682098388672e+01 7.420924682617187500e+02 1.133494110107421875e+02 0.000000000000000000e+00 1.446043682098388672e+01 7.420924682617187500e+02 1.133494110107421875e+02
1.900000000000000000e+04 0.000000000000000000e+00 1.446050357818603516e+01 7.420922851562500000e+02 1.133494415283203125e+02 0.000000000000000000e+00 1.446050357818603516e+01 7.420922851562500000e+02 1.133494415283203125e+02
2.000000000000000000e+04 0.000000000000000000e+00 1.446050930023193359e+01 7.420922851562500000e+02 1.133494415283203125e+02 0.000000000000000000e+00 1.446050930023193359e+01 7.420922851562500000e+02 1.133494415283203125e+02
