# step, loss_train, loss_test, metrics_test
0.000000000000000000e+00 0.000000000000000000e+00 2.261017036437988281e+01 7.585288085937500000e+03 3.054546203613281250e+02 0.000000000000000000e+00 2.261017036437988281e+01 7.585288085937500000e+03 3.054546203613281250e+02
1.000000000000000000e+03 0.000000000000000000e+00 1.436838436126708984e+01 2.834038818359375000e+03 2.977292175292968750e+02 0.000000000000000000e+00 1.436838436126708984e+01 2.834038818359375000e+03 2.977292175292968750e+02
2.000000000000000000e+03 0.000000000000000000e+00 1.436838436126708984e+01 2.834038818359375000e+03 2.977292175292968750e+02 0.000000000000000000e+00 1.436838436126708984e+01 2.834038818359375000e+03 2.977292175292968750e+02
3.000000000000000000e+03 0.000000000000000000e+00 1.436838436126708984e+01 2.834038818359375000e+03 2.977292175292968750e+02 0.000000000000000000e+00 1.436838436126708984e+01 2.834038818359375000e+03 2.977292175292968750e+02
4.000000000000000000e+03 0.000000000000000000e+00 1.436838436126708984e+01 2.834038818359375000e+03 2.977292175292968750e+02 0.000000000000000000e+00 1.436838436126708984e+01 2.834038818359375000e+03 2.977292175292968750e+02
5.000000000000000000e+03 0.000000000000000000e+00 1.436838150024414062e+01 2.834038818359375000e+03 2.977292175292968750e+02 0.000000000000000000e+00 1.436838150024414062e+01 2.834038818359375000e+03 2.977292175292968750e+02
6.000000000000000000e+03 0.000000000000000000e+00 1.436838150024414062e+01 2.834038818359375000e+03 2.977292175292968750e+02 0.000000000000000000e+00 1.436838150024414062e+01 2.834038818359375000e+03 2.977292175292968750e+02
7.000000000000000000e+03 0.000000000000000000e+00 1.436838150024414062e+01 2.834038818359375000e+03 2.977292175292968750e+02 0.000000000000000000e+00 1.436838150024414062e+01 2.834038818359375000e+03 2.977292175292968750e+02
8.000000000000000000e+03 0.000000000000000000e+00 1.436838150024414062e+01 2.834038818359375000e+03 2.977292175292968750e+02 0.000000000000000000e+00 1.436838150024414062e+01 2.834038818359375000e+03 2.977292175292968750e+02
9.000000000000000000e+03 0.000000000000000000e+00 1.436856937408447266e+01 2.834038330078125000e+03 2.977293701171875000e+02 0.000000000000000000e+00 1.436856937408447266e+01 2.834038330078125000e+03 2.977293701171875000e+02
1.000000000000000000e+04 0.000000000000000000e+00 1.437639808654785156e+01 2.834024414062500000e+03 2.977361755371093750e+02 0.000000000000000000e+00 1.437639808654785156e+01 2.834024414062500000e+03 2.977361755371093750e+02
1.100000000000000000e+04 0.000000000000000000e+00 1.437505722045898438e+01 2.834026611328125000e+03 2.977350158691406250e+02 0.000000000000000000e+00 1.437505722045898438e+01 2.834026611328125000e+03 2.977350158691406250e+02
1.200000000000000000e+04 0.000000000000000000e+00 1.437050056457519531e+01 2.834034667968750000e+03 2.977310485839843750e+02 0.000000000000000000e+00 1.437050056457519531e+01 2.834034667968750000e+03 2.977310485839843750e+02
1.300000000000000000e+04 0.000000000000000000e+00 1.436849308013916016e+01 2.834038574218750000e+03 2.977293395996093750e+02 0.000000000000000000e+00 1.436849308013916016e+01 2.834038574218750000e+03 2.977293395996093750e+02
1.400000000000000000e+04 0.000000000000000000e+00 1.436906623840332031e+01 2.834037353515625000e+03 2.977297973632812500e+02 0.000000000000000000e+00 1.436906623840332031e+01 2.834037353515625000e+03 2.977297973632812500e+02
1.500000000000000000e+04 0.000000000000000000e+00 1.417736148834228516e+01 2.834670898437500000e+03 2.975635375976562500e+02 0.000000000000000000e+00 1.417736148834228516e+01 2.834670898437500000e+03 2.975635375976562500e+02
1.600000000000000000e+04 0.000000000000000000e+00 1.436838817596435547e+01 2.834038818359375000e+03 2.977292175292968750e+02 0.000000000000000000e+00 1.436838817596435547e+01 2.834038818359375000e+03 2.977292175292968750e+02
1.700000000000000000e+04 0.000000000000000000e+00 1.436838150024414062e+01 2.834038818359375000e+03 2.977292175292968750e+02 0.000000000000000000e+00 1.436838150024414062e+01 2.834038818359375000e+03 2.977292175292968750e+02
1.800000000000000000e+04 0.000000000000000000e+00 1.437677097320556641e+01 2.834023925781250000e+03 2.977364807128906250e+02 0.000000000000000000e+00 1.437677097320556641e+01 2.834023925781250000e+03 2.977364807128906250e+02
1.900000000000000000e+04 0.000000000000000000e+00 1.418075561523437500e+01 2.834654541015625000e+03 2.975664978027343750e+02 0.000000000000000000e+00 1.418075561523437500e+01 2.834654541015625000e+03 2.975664978027343750e+02
2.000000000000000000e+04 0.000000000000000000e+00 1.460082340240478516e+01 2.833993896484375000e+03 2.979310913085937500e+02 0.000000000000000000e+00 1.460082340240478516e+01 2.833993896484375000e+03 2.979310913085937500e+02
