# step, loss_train, loss_test, metrics_test
0.000000000000000000e+00 1.626509765625000000e+04 9.073534393310546875e+01 1.171301562500000000e+04 2.554198455810546875e+02 1.626509765625000000e+04 9.073534393310546875e+01 1.171301562500000000e+04 2.554198455810546875e+02
1.000000000000000000e+03 1.682706832885742188e+01 5.488383102416992188e+01 1.436731147766113281e+01 2.444383087158203125e+02 1.682706832885742188e+01 5.488383102416992188e+01 1.436731147766113281e+01 2.444383087158203125e+02
2.000000000000000000e+03 6.448602199554443359e+00 5.327678680419921875e+01 6.232867240905761719e+00 2.328065643310546875e+02 6.448602199554443359e+00 5.327678680419921875e+01 6.232867240905761719e+00 2.328065643310546875e+02
3.000000000000000000e+03 4.319060325622558594e+00 5.211751937866210938e+01 3.852958679199218750e+00 2.274697570800781250e+02 4.319060325622558594e+00 5.211751937866210938e+01 3.852958679199218750e+00 2.274697570800781250e+02
4.000000000000000000e+03 4.041643619537353516e+00 4.882873535156250000e+01 2.584436893463134766e+00 2.252957000732421875e+02 4.041643619537353516e+00 4.882873535156250000e+01 2.584436893463134766e+00 2.252957000732421875e+02
5.000000000000000000e+03 4.363078117370605469e+00 4.470193099975585938e+01 1.848052620887756348e+00 2.233824768066406250e+02 4.363078117370605469e+00 4.470193099975585938e+01 1.848052620887756348e+00 2.233824768066406250e+02
6.000000000000000000e+03 1.364118194580078125e+01 3.967794418334960938e+01 2.174300670623779297e+00 2.210302734375000000e+02 1.364118194580078125e+01 3.967794418334960938e+01 2.174300670623779297e+00 2.210302734375000000e+02
7.000000000000000000e+03 5.538609504699707031e+00 3.201387786865234375e+01 1.201789021492004395e+00 2.178711242675781250e+02 5.538609504699707031e+00 3.201387786865234375e+01 1.201789021492004395e+00 2.178711242675781250e+02
8.000000000000000000e+03 5.457390785217285156e+00 2.091366195678710938e+01 9.536541104316711426e-01 2.122998657226562500e+02 5.457390785217285156e+00 2.091366195678710938e+01 9.536541104316711426e-01 2.122998657226562500e+02
9.000000000000000000e+03 4.163835048675537109e+00 1.180333423614501953e+01 1.336123108863830566e+00 2.038594970703125000e+02 4.163835048675537109e+00 1.180333423614501953e+01 1.336123108863830566e+00 2.038594970703125000e+02
1.000000000000000000e+04 3.557411909103393555e+00 1.035060787200927734e+01 1.627221703529357910e+00 1.974941253662109375e+02 3.557411909103393555e+00 1.035060787200927734e+01 1.627221703529357910e+00 1.974941253662109375e+02
1.100000000000000000e+04 4.398363590240478516e+00 9.702431678771972656e+00 1.789250731468200684e+00 1.862297973632812500e+02 4.398363590240478516e+00 9.702431678771972656e+00 1.789250731468200684e+00 1.862297973632812500e+02
1.200000000000000000e+04 7.166566371917724609e+00 9.600388526916503906e+00 2.286310195922851562e+00 1.581319580078125000e+02 7.166566371917724609e+00 9.600388526916503906e+00 2.286310195922851562e+00 1.581319580078125000e+02
1.300000000000000000e+04 8.757421493530273438e+00 1.026842784881591797e+01 3.269799232482910156e+00 1.082088699340820312e+02 8.757421493530273438e+00 1.026842784881591797e+01 3.269799232482910156e+00 1.082088699340820312e+02
1.400000000000000000e+04 9.710546493530273438e+00 9.699288368225097656e+00 2.668206453323364258e+00 6.352604675292968750e+01 9.710546493530273438e+00 9.699288368225097656e+00 2.668206453323364258e+00 6.352604675292968750e+01
1.500000000000000000e+04 1.911470031738281250e+01 8.414428710937500000e+00 8.836130142211914062e+00 3.768526077270507812e+01 1.911470031738281250e+01 8.414428710937500000e+00 8.836130142211914062e+00 3.768526077270507812e+01
1.600000000000000000e+04 8.344575881958007812e+00 7.179099559783935547e+00 2.187430143356323242e+00 2.325527763366699219e+01 8.344575881958007812e+00 7.179099559783935547e+00 2.187430143356323242e+00 2.325527763366699219e+01
1.700000000000000000e+04 7.329594612121582031e+00 5.754793167114257812e+00 2.025852680206298828e+00 1.509236240386962891e+01 7.329594612121582031e+00 5.754793167114257812e+00 2.025852680206298828e+00 1.509236240386962891e+01
1.800000000000000000e+04 5.948168754577636719e+00 4.542243003845214844e+00 1.784384369850158691e+00 1.059574508666992188e+01 5.948168754577636719e+00 4.542243003845214844e+00 1.784384369850158691e+00 1.059574508666992188e+01
1.900000000000000000e+04 4.995023727416992188e+00 3.650382518768310547e+00 1.512242317199707031e+00 8.048967361450195312e+00 4.995023727416992188e+00 3.650382518768310547e+00 1.512242317199707031e+00 8.048967361450195312e+00
2.000000000000000000e+04 4.454021930694580078e+00 3.001589775085449219e+00 1.422217607498168945e+00 6.716082572937011719e+00 4.454021930694580078e+00 3.001589775085449219e+00 1.422217607498168945e+00 6.716082572937011719e+00
