# step, loss_train, loss_test, metrics_test
0.000000000000000000e+00 2.222944793701171875e+02 3.243537902832031250e+01 3.527095947265625000e+03 3.592554931640625000e+02 2.222944793701171875e+02 3.243537902832031250e+01 3.527095947265625000e+03 3.592554931640625000e+02
1.000000000000000000e+03 2.498376607894897461e+00 3.317837524414062500e+01 2.308586597442626953e+00 3.015376281738281250e+02 2.498376607894897461e+00 3.317837524414062500e+01 2.308586597442626953e+00 3.015376281738281250e+02
2.000000000000000000e+03 3.954433917999267578e+00 1.684090423583984375e+01 2.542182922363281250e+00 2.818316040039062500e+02 3.954433917999267578e+00 1.684090423583984375e+01 2.542182922363281250e+00 2.818316040039062500e+02
3.000000000000000000e+03 2.312064647674560547e+00 1.721431159973144531e+01 1.379305601119995117e+00 2.671682128906250000e+02 2.312064647674560547e+00 1.721431159973144531e+01 1.379305601119995117e+00 2.671682128906250000e+02
4.000000000000000000e+03 1.286202049255371094e+01 1.312165927886962891e+01 1.442300677299499512e+00 1.978455810546875000e+02 1.286202049255371094e+01 1.312165927886962891e+01 1.442300677299499512e+00 1.978455810546875000e+02
5.000000000000000000e+03 3.513455963134765625e+01 7.033452033996582031e+00 1.667596435546875000e+01 5.015855407714843750e+01 3.513455963134765625e+01 7.033452033996582031e+00 1.667596435546875000e+01 5.015855407714843750e+01
6.000000000000000000e+03 2.957595825195312500e+01 4.394332408905029297e+00 3.610690593719482422e+00 2.408889579772949219e+01 2.957595825195312500e+01 4.394332408905029297e+00 3.610690593719482422e+00 2.408889579772949219e+01
7.000000000000000000e+03 2.644461059570312500e+01 3.852662086486816406e+00 2.019125461578369141e+00 1.741189765930175781e+01 2.644461059570312500e+01 3.852662086486816406e+00 2.019125461578369141e+00 1.741189765930175781e+01
8.000000000000000000e+03 2.496372222900390625e+01 3.266612529754638672e+00 1.877522468566894531e+01 1.265837764739990234e+01 2.496372222900390625e+01 3.266612529754638672e+00 1.877522468566894531e+01 1.265837764739990234e+01
9.000000000000000000e+03 2.176515579223632812e+01 3.151972293853759766e+00 1.691054463386535645e+00 1.148508644104003906e+01 2.176515579223632812e+01 3.151972293853759766e+00 1.691054463386535645e+00 1.148508644104003906e+01
1.000000000000000000e+04 2.104714202880859375e+01 2.583534240722656250e+00 6.342798471450805664e-01 9.811272621154785156e+00 2.104714202880859375e+01 2.583534240722656250e+00 6.342798471450805664e-01 9.811272621154785156e+00
1.100000000000000000e+04 1.868350028991699219e+01 2.406952142715454102e+00 7.342023253440856934e-01 8.383652687072753906e+00 1.868350028991699219e+01 2.406952142715454102e+00 7.342023253440856934e-01 8.383652687072753906e+00
1.200000000000000000e+04 1.715049743652343750e+01 2.113692522048950195e+00 1.982355952262878418e+00 7.687306404113769531e+00 1.715049743652343750e+01 2.113692522048950195e+00 1.982355952262878418e+00 7.687306404113769531e+00
1.300000000000000000e+04 1.585396575927734375e+01 1.755429744720458984e+00 3.510128557682037354e-01 7.291297435760498047e+00 1.585396575927734375e+01 1.755429744720458984e+00 3.510128557682037354e-01 7.291297435760498047e+00
1.400000000000000000e+04 1.559438514709472656e+01 1.709358930587768555e+00 3.149066925048828125e+00 6.615788936614990234e+00 1.559438514709472656e+01 1.709358930587768555e+00 3.149066925048828125e+00 6.615788936614990234e+00
1.500000000000000000e+04 1.532363319396972656e+01 1.568624734878540039e+00 1.739073276519775391e+00 6.768074035644531250e+00 1.532363319396972656e+01 1.568624734878540039e+00 1.739073276519775391e+00 6.768074035644531250e+00
1.600000000000000000e+04 1.524103832244873047e+01 1.290798068046569824e+00 4.050505161285400391e-01 6.245544910430908203e+00 1.524103832244873047e+01 1.290798068046569824e+00 4.050505161285400391e-01 6.245544910430908203e+00
1.700000000000000000e+04 1.492818832397460938e+01 1.337377667427062988e+00 2.557274103164672852e-01 5.611697196960449219e+00 1.492818832397460938e+01 1.337377667427062988e+00 2.557274103164672852e-01 5.611697196960449219e+00
1.800000000000000000e+04 1.305974769592285156e+01 1.319660186767578125e+00 2.712438404560089111e-01 5.565532207489013672e+00 1.305974769592285156e+01 1.319660186767578125e+00 2.712438404560089111e-01 5.565532207489013672e+00
1.900000000000000000e+04 1.767777252197265625e+01 1.481540918350219727e+00 1.757716178894042969e+00 5.722861766815185547e+00 1.767777252197265625e+01 1.481540918350219727e+00 1.757716178894042969e+00 5.722861766815185547e+00
2.000000000000000000e+04 1.717533111572265625e+01 1.468974709510803223e+00 3.849025964736938477e+00 7.139187335968017578e+00 1.717533111572265625e+01 1.468974709510803223e+00 3.849025964736938477e+00 7.139187335968017578e+00
