# step, loss_train, loss_test, metrics_test
0.000000000000000000e+00 4.913303833007812500e+02 8.954896926879882812e+00 2.960577148437500000e+03 1.422361602783203125e+02 4.913303833007812500e+02 8.954896926879882812e+00 2.960577148437500000e+03 1.422361602783203125e+02
1.000000000000000000e+03 2.072419675869241473e-07 1.417694282531738281e+01 2.448255615234375000e+03 1.394198150634765625e+02 2.072419675869241473e-07 1.417694282531738281e+01 2.448255615234375000e+03 1.394198150634765625e+02
2.000000000000000000e+03 2.071148657023513806e-07 1.417688179016113281e+01 2.448257568359375000e+03 1.394197998046875000e+02 2.071148657023513806e-07 1.417688179016113281e+01 2.448257568359375000e+03 1.394197998046875000e+02
3.000000000000000000e+03 2.066080924123525620e-07 1.417688179016113281e+01 2.448257568359375000e+03 1.394197998046875000e+02 2.066080924123525620e-07 1.417688179016113281e+01 2.448257568359375000e+03 1.394197998046875000e+02
4.000000000000000000e+03 2.062131017055435223e-07 1.417691898345947266e+01 2.448255615234375000e+03 1.394198150634765625e+02 2.062131017055435223e-07 1.417691898345947266e+01 2.448255615234375000e+03 1.394198150634765625e+02
5.000000000000000000e+03 2.048569598400717950e-07 1.417692375183105469e+01 2.448257568359375000e+03 1.394197998046875000e+02 2.048569598400717950e-07 1.417692375183105469e+01 2.448257568359375000e+03 1.394197998046875000e+02
6.000000000000000000e+03 2.008941777376094251e-07 1.417688560485839844e+01 2.448256835937500000e+03 1.394198150634765625e+02 2.008941777376094251e-07 1.417688560485839844e+01 2.448256835937500000e+03 1.394198150634765625e+02
7.000000000000000000e+03 1.926307362509760424e-07 1.417695903778076172e+01 2.448253173828125000e+03 1.394198455810546875e+02 1.926307362509760424e-07 1.417695903778076172e+01 2.448253173828125000e+03 1.394198455810546875e+02
8.000000000000000000e+03 1.322139553394663380e-07 1.412470054626464844e+01 2.448342529296875000e+03 1.393983001708984375e+02 1.322139553394663380e-07 1.412470054626464844e+01 2.448342529296875000e+03 1.393983001708984375e+02
9.000000000000000000e+03 8.474886215026344871e-08 1.417526435852050781e+01 2.448257568359375000e+03 1.394191436767578125e+02 8.474886215026344871e-08 1.417526435852050781e+01 2.448257568359375000e+03 1.394191436767578125e+02
1.000000000000000000e+04 3.351791022510042239e-08 1.421315383911132812e+01 2.448192626953125000e+03 1.394347381591796875e+02 3.351791022510042239e-08 1.421315383911132812e+01 2.448192626953125000e+03 1.394347381591796875e+02
1.100000000000000000e+04 9.357146950605965685e-07 3.776155853271484375e+01 3.633246582031250000e+03 1.493586730957031250e+02 9.357146950605965685e-07 3.776155853271484375e+01 3.633246582031250000e+03 1.493586730957031250e+02
1.200000000000000000e+04 1.469050402158611490e-11 1.417730808258056641e+01 2.448227294921875000e+03 1.394199676513671875e+02 1.469050402158611490e-11 1.417730808258056641e+01 2.448227294921875000e+03 1.394199676513671875e+02
1.300000000000000000e+04 7.491916809154730572e-12 1.453941726684570312e+01 2.448540039062500000e+03 1.395694427490234375e+02 7.491916809154730572e-12 1.453941726684570312e+01 2.448540039062500000e+03 1.395694427490234375e+02
1.400000000000000000e+04 3.740750764702482911e-12 1.417695903778076172e+01 2.448227783203125000e+03 1.394198150634765625e+02 3.740750764702482911e-12 1.417695903778076172e+01 2.448227783203125000e+03 1.394198150634765625e+02
1.500000000000000000e+04 1.128748461885764609e-12 2.765281486511230469e+01 7.503776855468750000e+03 1.458633117675781250e+02 1.128748461885764609e-12 2.765281486511230469e+01 7.503776855468750000e+03 1.458633117675781250e+02
1.600000000000000000e+04 2.829323689397533759e-13 1.417964744567871094e+01 2.448223876953125000e+03 1.394209136962890625e+02 2.829323689397533759e-13 1.417964744567871094e+01 2.448223876953125000e+03 1.394209136962890625e+02
1.700000000000000000e+04 2.040389545147035244e-14 1.417838001251220703e+01 2.448225830078125000e+03 1.394204101562500000e+02 2.040389545147035244e-14 1.417838001251220703e+01 2.448225830078125000e+03 1.394204101562500000e+02
1.800000000000000000e+04 2.033064573625769506e-14 1.417734527587890625e+01 2.448227294921875000e+03 1.394199829101562500e+02 2.033064573625769506e-14 1.417734527587890625e+01 2.448227294921875000e+03 1.394199829101562500e+02
1.900000000000000000e+04 2.128805385280280876e-14 1.417901992797851562e+01 2.448224609375000000e+03 1.394206848144531250e+02 2.128805385280280876e-14 1.417901992797851562e+01 2.448224609375000000e+03 1.394206848144531250e+02
2.000000000000000000e+04 2.108093905060608175e-14 1.417730808258056641e+01 2.448227294921875000e+03 1.394199676513671875e+02 2.108093905060608175e-14 1.417730808258056641e+01 2.448227294921875000e+03 1.394199676513671875e+02
