# step, loss_train, loss_test, metrics_test
0.000000000000000000e+00 1.325896625000000000e+06 4.624781738281250000e+03 9.925962500000000000e+04 1.188222778320312500e+03 1.325896625000000000e+06 4.624781738281250000e+03 9.925962500000000000e+04 1.188222778320312500e+03
1.000000000000000000e+03 1.247169335937500000e+04 3.355437011718750000e+02 9.341825195312500000e+03 2.194370574951171875e+02 1.247169335937500000e+04 3.355437011718750000e+02 9.341825195312500000e+03 2.194370574951171875e+02
2.000000000000000000e+03 4.343288574218750000e+03 1.024726257324218750e+02 2.984072021484375000e+03 1.520726928710937500e+02 4.343288574218750000e+03 1.024726257324218750e+02 2.984072021484375000e+03 1.520726928710937500e+02
3.000000000000000000e+03 1.696083129882812500e+03 7.291590118408203125e+01 1.500198486328125000e+03 1.401496887207031250e+02 1.696083129882812500e+03 7.291590118408203125e+01 1.500198486328125000e+03 1.401496887207031250e+02
4.000000000000000000e+03 9.383410644531250000e+02 6.253060150146484375e+01 1.004171142578125000e+03 1.337724609375000000e+02 9.383410644531250000e+02 6.253060150146484375e+01 1.004171142578125000e+03 1.337724609375000000e+02
5.000000000000000000e+03 5.798991699218750000e+02 5.277544403076171875e+01 6.756924438476562500e+02 1.276102600097656250e+02 5.798991699218750000e+02 5.277544403076171875e+01 6.756924438476562500e+02 1.276102600097656250e+02
6.000000000000000000e+03 3.654544067382812500e+02 4.619169998168945312e+01 4.359803161621093750e+02 1.223549041748046875e+02 3.654544067382812500e+02 4.619169998168945312e+01 4.359803161621093750e+02 1.223549041748046875e+02
7.000000000000000000e+03 2.390800018310546875e+02 4.463313293457031250e+01 2.760166625976562500e+02 1.184945602416992188e+02 2.390800018310546875e+02 4.463313293457031250e+01 2.760166625976562500e+02 1.184945602416992188e+02
8.000000000000000000e+03 1.669884033203125000e+02 4.786873626708984375e+01 1.632662811279296875e+02 1.159661636352539062e+02 1.669884033203125000e+02 4.786873626708984375e+01 1.632662811279296875e+02 1.159661636352539062e+02
9.000000000000000000e+03 1.164755096435546875e+02 5.225975036621093750e+01 8.119017791748046875e+01 1.142518005371093750e+02 1.164755096435546875e+02 5.225975036621093750e+01 8.119017791748046875e+01 1.142518005371093750e+02
1.000000000000000000e+04 7.807649230957031250e+01 5.307602310180664062e+01 3.461372375488281250e+01 1.133419265747070312e+02 7.807649230957031250e+01 5.307602310180664062e+01 3.461372375488281250e+01 1.133419265747070312e+02
1.100000000000000000e+04 5.173390579223632812e+01 4.804679107666015625e+01 1.594195652008056641e+01 1.134720306396484375e+02 5.173390579223632812e+01 4.804679107666015625e+01 1.594195652008056641e+01 1.134720306396484375e+02
1.200000000000000000e+04 3.431632232666015625e+01 4.029679870605468750e+01 8.740379333496093750e+00 1.142452011108398438e+02 3.431632232666015625e+01 4.029679870605468750e+01 8.740379333496093750e+00 1.142452011108398438e+02
1.300000000000000000e+04 2.273939323425292969e+01 3.293290710449218750e+01 5.083721637725830078e+00 1.149791488647460938e+02 2.273939323425292969e+01 3.293290710449218750e+01 5.083721637725830078e+00 1.149791488647460938e+02
1.400000000000000000e+04 1.555112266540527344e+01 2.614949798583984375e+01 3.189058780670166016e+00 1.153995971679687500e+02 1.555112266540527344e+01 2.614949798583984375e+01 3.189058780670166016e+00 1.153995971679687500e+02
1.500000000000000000e+04 1.145378017425537109e+01 1.963793945312500000e+01 2.220730543136596680e+00 1.155655899047851562e+02 1.145378017425537109e+01 1.963793945312500000e+01 2.220730543136596680e+00 1.155655899047851562e+02
1.600000000000000000e+04 8.978789329528808594e+00 1.367808246612548828e+01 1.639251112937927246e+00 1.155448837280273438e+02 8.978789329528808594e+00 1.367808246612548828e+01 1.639251112937927246e+00 1.155448837280273438e+02
1.700000000000000000e+04 7.288534641265869141e+00 9.333971023559570312e+00 1.193360447883605957e+00 1.153288803100585938e+02 7.288534641265869141e+00 9.333971023559570312e+00 1.193360447883605957e+00 1.153288803100585938e+02
1.800000000000000000e+04 5.883581638336181641e+00 6.869547367095947266e+00 8.686402440071105957e-01 1.149450836181640625e+02 5.883581638336181641e+00 6.869547367095947266e+00 8.686402440071105957e-01 1.149450836181640625e+02
1.900000000000000000e+04 4.761009693145751953e+00 5.757712364196777344e+00 6.466407179832458496e-01 1.145453796386718750e+02 4.761009693145751953e+00 5.757712364196777344e+00 6.466407179832458496e-01 1.145453796386718750e+02
2.000000000000000000e+04 3.948124408721923828e+00 5.261126041412353516e+00 5.082172155380249023e-01 1.142279205322265625e+02 3.948124408721923828e+00 5.261126041412353516e+00 5.082172155380249023e-01 1.142279205322265625e+02
