# step, loss_train, loss_test, metrics_test
0.000000000000000000e+00 1.074180078125000000e+05 1.389186248779296875e+02 5.132673828125000000e+04 3.086571655273437500e+02 1.074180078125000000e+05 1.389186248779296875e+02 5.132673828125000000e+04 3.086571655273437500e+02
1.000000000000000000e+03 2.642404785156250000e+03 1.578206634521484375e+01 4.548350097656250000e+03 2.208807373046875000e+02 2.642404785156250000e+03 1.578206634521484375e+01 4.548350097656250000e+03 2.208807373046875000e+02
2.000000000000000000e+03 1.096968627929687500e+03 1.331178569793701172e+01 2.423361083984375000e+03 2.221533050537109375e+02 1.096968627929687500e+03 1.331178569793701172e+01 2.423361083984375000e+03 2.221533050537109375e+02
3.000000000000000000e+03 5.699885864257812500e+02 1.509510707855224609e+01 2.219043457031250000e+03 2.244776306152343750e+02 5.699885864257812500e+02 1.509510707855224609e+01 2.219043457031250000e+03 2.244776306152343750e+02
4.000000000000000000e+03 3.801949157714843750e+02 1.555129623413085938e+01 1.952561157226562500e+03 2.246961822509765625e+02 3.801949157714843750e+02 1.555129623413085938e+01 1.952561157226562500e+03 2.246961822509765625e+02
5.000000000000000000e+03 2.765635070800781250e+02 1.574106025695800781e+01 1.660128906250000000e+03 2.257181396484375000e+02 2.765635070800781250e+02 1.574106025695800781e+01 1.660128906250000000e+03 2.257181396484375000e+02
6.000000000000000000e+03 2.776561279296875000e+02 1.690048027038574219e+01 1.364155273437500000e+03 2.260383148193359375e+02 2.776561279296875000e+02 1.690048027038574219e+01 1.364155273437500000e+03 2.260383148193359375e+02
7.000000000000000000e+03 1.834907684326171875e+02 2.193180847167968750e+01 1.028937988281250000e+03 2.270240020751953125e+02 1.834907684326171875e+02 2.193180847167968750e+01 1.028937988281250000e+03 2.270240020751953125e+02
8.000000000000000000e+03 1.429943389892578125e+02 2.725308990478515625e+01 7.872209472656250000e+02 2.261846923828125000e+02 1.429943389892578125e+02 2.725308990478515625e+01 7.872209472656250000e+02 2.261846923828125000e+02
9.000000000000000000e+03 9.526914215087890625e+01 4.333361816406250000e+01 2.095199127197265625e+02 2.154847717285156250e+02 9.526914215087890625e+01 4.333361816406250000e+01 2.095199127197265625e+02 2.154847717285156250e+02
1.000000000000000000e+04 6.001385116577148438e+01 3.398716735839843750e+01 1.514580917358398438e+01 2.158656463623046875e+02 6.001385116577148438e+01 3.398716735839843750e+01 1.514580917358398438e+01 2.158656463623046875e+02
1.100000000000000000e+04 3.272559738159179688e+01 2.654698181152343750e+01 7.387181282043457031e+00 2.144106445312500000e+02 3.272559738159179688e+01 2.654698181152343750e+01 7.387181282043457031e+00 2.144106445312500000e+02
1.200000000000000000e+04 1.861049079895019531e+01 2.236506462097167969e+01 4.232551574707031250e+00 2.129495391845703125e+02 1.861049079895019531e+01 2.236506462097167969e+01 4.232551574707031250e+00 2.129495391845703125e+02
1.300000000000000000e+04 2.297280311584472656e+01 1.781408691406250000e+01 8.756740570068359375e+00 2.170723571777343750e+02 2.297280311584472656e+01 1.781408691406250000e+01 8.756740570068359375e+00 2.170723571777343750e+02
1.400000000000000000e+04 1.117805862426757812e+01 1.881803703308105469e+01 2.758484125137329102e+00 2.137610321044921875e+02 1.117805862426757812e+01 1.881803703308105469e+01 2.758484125137329102e+00 2.137610321044921875e+02
1.500000000000000000e+04 5.764840126037597656e+00 1.832085418701171875e+01 1.437965035438537598e+00 2.117854919433593750e+02 5.764840126037597656e+00 1.832085418701171875e+01 1.437965035438537598e+00 2.117854919433593750e+02
1.600000000000000000e+04 3.588743686676025391e+00 1.667042541503906250e+01 1.495303630828857422e+00 2.103998260498046875e+02 3.588743686676025391e+00 1.667042541503906250e+01 1.495303630828857422e+00 2.103998260498046875e+02
1.700000000000000000e+04 4.444303035736083984e+00 1.537045288085937500e+01 7.932583093643188477e-01 2.077570037841796875e+02 4.444303035736083984e+00 1.537045288085937500e+01 7.932583093643188477e-01 2.077570037841796875e+02
1.800000000000000000e+04 3.797510623931884766e+00 1.308255004882812500e+01 3.617125153541564941e-01 2.068162078857421875e+02 3.797510623931884766e+00 1.308255004882812500e+01 3.617125153541564941e-01 2.068162078857421875e+02
1.900000000000000000e+04 2.976010560989379883e+00 1.175534629821777344e+01 2.495713680982589722e-01 2.059567108154296875e+02 2.976010560989379883e+00 1.175534629821777344e+01 2.495713680982589722e-01 2.059567108154296875e+02
2.000000000000000000e+04 2.493390798568725586e+00 1.075428485870361328e+01 2.812498807907104492e-01 2.056095581054687500e+02 2.493390798568725586e+00 1.075428485870361328e+01 2.812498807907104492e-01 2.056095581054687500e+02
