# step, loss_train, loss_test, metrics_test
0.000000000000000000e+00 4.271125793457031250e+02 2.047328758239746094e+01 6.424084960937500000e+03 3.355330505371093750e+02 4.271125793457031250e+02 2.047328758239746094e+01 6.424084960937500000e+03 3.355330505371093750e+02
1.000000000000000000e+03 1.439482975006103516e+01 2.209607315063476562e+01 2.728441476821899414e+00 2.805141906738281250e+02 1.439482975006103516e+01 2.209607315063476562e+01 2.728441476821899414e+00 2.805141906738281250e+02
2.000000000000000000e+03 0.000000000000000000e+00 1.283219432830810547e+01 4.663918945312500000e+03 3.307019042968750000e+02 0.000000000000000000e+00 1.283219432830810547e+01 4.663918945312500000e+03 3.307019042968750000e+02
3.000000000000000000e+03 0.000000000000000000e+00 1.642151069641113281e+01 2.937958496093750000e+03 3.331484069824218750e+02 0.000000000000000000e+00 1.642151069641113281e+01 2.937958496093750000e+03 3.331484069824218750e+02
4.000000000000000000e+03 0.000000000000000000e+00 1.643728446960449219e+01 2.937927978515625000e+03 3.331617431640625000e+02 0.000000000000000000e+00 1.643728446960449219e+01 2.937927978515625000e+03 3.331617431640625000e+02
5.000000000000000000e+03 0.000000000000000000e+00 1.643731117248535156e+01 2.937927734375000000e+03 3.331617736816406250e+02 0.000000000000000000e+00 1.643731117248535156e+01 2.937927734375000000e+03 3.331617736816406250e+02
6.000000000000000000e+03 0.000000000000000000e+00 1.643732452392578125e+01 2.937927734375000000e+03 3.331617736816406250e+02 0.000000000000000000e+00 1.643732452392578125e+01 2.937927734375000000e+03 3.331617736816406250e+02
7.000000000000000000e+03 0.000000000000000000e+00 1.643733406066894531e+01 2.937927734375000000e+03 3.331617736816406250e+02 0.000000000000000000e+00 1.643733406066894531e+01 2.937927734375000000e+03 3.331617736816406250e+02
8.000000000000000000e+03 0.000000000000000000e+00 1.643733978271484375e+01 2.937927978515625000e+03 3.331617736816406250e+02 0.000000000000000000e+00 1.643733978271484375e+01 2.937927978515625000e+03 3.331617736816406250e+02
9.000000000000000000e+03 0.000000000000000000e+00 1.643734359741210938e+01 2.937927734375000000e+03 3.331617736816406250e+02 0.000000000000000000e+00 1.643734359741210938e+01 2.937927734375000000e+03 3.331617736816406250e+02
1.000000000000000000e+04 0.000000000000000000e+00 1.643734550476074219e+01 2.937927734375000000e+03 3.331618041992187500e+02 0.000000000000000000e+00 1.643734550476074219e+01 2.937927734375000000e+03 3.331618041992187500e+02
1.100000000000000000e+04 0.000000000000000000e+00 1.643734550476074219e+01 2.937927734375000000e+03 3.331618347167968750e+02 0.000000000000000000e+00 1.643734550476074219e+01 2.937927734375000000e+03 3.331618347167968750e+02
1.200000000000000000e+04 0.000000000000000000e+00 1.643734550476074219e+01 2.937927734375000000e+03 3.331618347167968750e+02 0.000000000000000000e+00 1.643734550476074219e+01 2.937927734375000000e+03 3.331618347167968750e+02
1.300000000000000000e+04 0.000000000000000000e+00 1.643734550476074219e+01 2.937927734375000000e+03 3.331618347167968750e+02 0.000000000000000000e+00 1.643734550476074219e+01 2.937927734375000000e+03 3.331618347167968750e+02
1.400000000000000000e+04 0.000000000000000000e+00 1.643734550476074219e+01 2.937927734375000000e+03 3.331618347167968750e+02 0.000000000000000000e+00 1.643734550476074219e+01 2.937927734375000000e+03 3.331618347167968750e+02
1.500000000000000000e+04 0.000000000000000000e+00 1.643734550476074219e+01 2.937927734375000000e+03 3.331618347167968750e+02 0.000000000000000000e+00 1.643734550476074219e+01 2.937927734375000000e+03 3.331618347167968750e+02
1.600000000000000000e+04 0.000000000000000000e+00 1.643734550476074219e+01 2.937927734375000000e+03 3.331618347167968750e+02 0.000000000000000000e+00 1.643734550476074219e+01 2.937927734375000000e+03 3.331618347167968750e+02
1.700000000000000000e+04 0.000000000000000000e+00 1.643734550476074219e+01 2.937927734375000000e+03 3.331618041992187500e+02 0.000000000000000000e+00 1.643734550476074219e+01 2.937927734375000000e+03 3.331618041992187500e+02
1.800000000000000000e+04 0.000000000000000000e+00 1.643734741210937500e+01 2.937927734375000000e+03 3.331618041992187500e+02 0.000000000000000000e+00 1.643734741210937500e+01 2.937927734375000000e+03 3.331618041992187500e+02
1.900000000000000000e+04 0.000000000000000000e+00 1.643734550476074219e+01 2.937927734375000000e+03 3.331618347167968750e+02 0.000000000000000000e+00 1.643734550476074219e+01 2.937927734375000000e+03 3.331618347167968750e+02
2.000000000000000000e+04 0.000000000000000000e+00 1.643741035461425781e+01 2.937927734375000000e+03 3.331618347167968750e+02 0.000000000000000000e+00 1.643741035461425781e+01 2.937927734375000000e+03 3.331618347167968750e+02
