# step, loss_train, loss_test, metrics_test
0.000000000000000000e+00 2.837321777343750000e+02 3.953323364257812500e+01 2.239230224609375000e+03 2.280908050537109375e+02 2.837321777343750000e+02 3.953323364257812500e+01 2.239230224609375000e+03 2.280908050537109375e+02
1.000000000000000000e+03 3.063676794453360640e+17 2.494952812500000000e+05 5.707127848960000000e+11 1.779359687500000000e+05 3.063676794453360640e+17 2.494952812500000000e+05 5.707127848960000000e+11 1.779359687500000000e+05
2.000000000000000000e+03 4.852252829397800714e+20 4.383667000000000000e+06 2.430818058240000000e+12 3.140415750000000000e+06 4.852252829397800714e+20 4.383667000000000000e+06 2.430818058240000000e+12 3.140415750000000000e+06
3.000000000000000000e+03 4.802466239204661658e+20 1.761730400000000000e+07 2.437446369280000000e+12 1.259825200000000000e+07 4.802466239204661658e+20 1.761730400000000000e+07 2.437446369280000000e+12 1.259825200000000000e+07
4.000000000000000000e+03 4.764996993992380908e+20 3.010748800000000000e+07 2.399440994304000000e+12 2.151727200000000000e+07 4.764996993992380908e+20 3.010748800000000000e+07 2.399440994304000000e+12 2.151727200000000000e+07
5.000000000000000000e+03 4.732993640984100209e+20 5.654595200000000000e+07 2.453649227776000000e+12 4.038890800000000000e+07 4.732993640984100209e+20 5.654595200000000000e+07 2.453649227776000000e+12 4.038890800000000000e+07
6.000000000000000000e+03 5.133473774941975347e+20 9.372477600000000000e+07 2.450021416960000000e+12 6.692024800000000000e+07 5.133473774941975347e+20 9.372477600000000000e+07 2.450021416960000000e+12 6.692024800000000000e+07
7.000000000000000000e+03 4.742803043922466570e+20 1.337018240000000000e+08 2.352340271104000000e+12 9.545037600000000000e+07 4.742803043922466570e+20 1.337018240000000000e+08 2.352340271104000000e+12 9.545037600000000000e+07
8.000000000000000000e+03 4.723966034793547694e+20 1.853618400000000000e+08 2.419161825280000000e+12 1.323155600000000000e+08 4.723966034793547694e+20 1.853618400000000000e+08 2.419161825280000000e+12 1.323155600000000000e+08
9.000000000000000000e+03 4.711134646136471552e+20 2.454474880000000000e+08 2.454992715776000000e+12 1.751888960000000000e+08 4.711134646136471552e+20 2.454474880000000000e+08 2.454992715776000000e+12 1.751888960000000000e+08
1.000000000000000000e+04 4.718515623713266729e+20 3.073285120000000000e+08 2.285618855936000000e+12 2.193421440000000000e+08 4.718515623713266729e+20 3.073285120000000000e+08 2.285618855936000000e+12 2.193421440000000000e+08
1.100000000000000000e+04 4.731489509077302641e+20 3.752265280000000000e+08 2.237941940224000000e+12 2.677861920000000000e+08 4.731489509077302641e+20 3.752265280000000000e+08 2.237941940224000000e+12 2.677861920000000000e+08
1.200000000000000000e+04 4.754080338864379003e+20 4.431721280000000000e+08 2.231653892096000000e+12 3.162620800000000000e+08 4.754080338864379003e+20 4.431721280000000000e+08 2.231653892096000000e+12 3.162620800000000000e+08
1.300000000000000000e+04 4.738586900615061832e+20 5.151858880000000000e+08 2.197597323264000000e+12 3.676488000000000000e+08 4.738586900615061832e+20 5.151858880000000000e+08 2.197597323264000000e+12 3.676488000000000000e+08
1.400000000000000000e+04 4.761604516835575726e+20 5.845505280000000000e+08 2.170595180544000000e+12 4.171352320000000000e+08 4.761604516835575726e+20 5.845505280000000000e+08 2.170595180544000000e+12 4.171352320000000000e+08
1.500000000000000000e+04 4.801500780034544108e+20 6.417758080000000000e+08 2.140703948800000000e+12 4.579583360000000000e+08 4.801500780034544108e+20 6.417758080000000000e+08 2.140703948800000000e+12 4.579583360000000000e+08
1.600000000000000000e+04 4.735616635923322634e+20 7.549608320000000000e+08 2.416579969024000000e+12 5.386980480000000000e+08 4.735616635923322634e+20 7.549608320000000000e+08 2.416579969024000000e+12 5.386980480000000000e+08
1.700000000000000000e+04 4.725634477718000108e+20 7.666075520000000000e+08 2.419788349440000000e+12 5.470065920000000000e+08 4.725634477718000108e+20 7.666075520000000000e+08 2.419788349440000000e+12 5.470065920000000000e+08
1.800000000000000000e+04 4.722245870842124698e+20 7.730504320000000000e+08 2.408021753856000000e+12 5.516037760000000000e+08 4.722245870842124698e+20 7.730504320000000000e+08 2.408021753856000000e+12 5.516037760000000000e+08
1.900000000000000000e+04 4.724560298838128067e+20 6.498283520000000000e+08 2.234395918336000000e+12 4.636978560000000000e+08 4.724560298838128067e+20 6.498283520000000000e+08 2.234395918336000000e+12 4.636978560000000000e+08
2.000000000000000000e+04 4.708932456287431557e+20 5.498368000000000000e+08 2.547725107200000000e+12 3.923502080000000000e+08 4.708932456287431557e+20 5.498368000000000000e+08 2.547725107200000000e+12 3.923502080000000000e+08
