# step, loss_train, loss_test, metrics_test
0.000000000000000000e+00 2.155677500000000000e+05 4.197444152832031250e+02 5.214621093750000000e+04 5.030338745117187500e+02 2.155677500000000000e+05 4.197444152832031250e+02 5.214621093750000000e+04 5.030338745117187500e+02
1.000000000000000000e+03 9.943933868408203125e+01 2.681293106079101562e+01 6.314218997955322266e+00 3.595609130859375000e+02 9.943933868408203125e+01 2.681293106079101562e+01 6.314218997955322266e+00 3.595609130859375000e+02
2.000000000000000000e+03 4.680507659912109375e+01 1.763019752502441406e+01 1.566664695739746094e+00 3.423116455078125000e+02 4.680507659912109375e+01 1.763019752502441406e+01 1.566664695739746094e+00 3.423116455078125000e+02
3.000000000000000000e+03 2.931318092346191406e+01 1.263062953948974609e+01 8.306946158409118652e-01 3.289114074707031250e+02 2.931318092346191406e+01 1.263062953948974609e+01 8.306946158409118652e-01 3.289114074707031250e+02
4.000000000000000000e+03 2.369935226440429688e+01 9.935712814331054688e+00 5.520484447479248047e-01 3.107209472656250000e+02 2.369935226440429688e+01 9.935712814331054688e+00 5.520484447479248047e-01 3.107209472656250000e+02
5.000000000000000000e+03 2.317851638793945312e+01 9.845889091491699219e+00 7.523531913757324219e-01 2.795512695312500000e+02 2.317851638793945312e+01 9.845889091491699219e+00 7.523531913757324219e-01 2.795512695312500000e+02
6.000000000000000000e+03 2.565410423278808594e+01 7.462175846099853516e+00 4.031765937805175781e+00 2.375193939208984375e+02 2.565410423278808594e+01 7.462175846099853516e+00 4.031765937805175781e+00 2.375193939208984375e+02
7.000000000000000000e+03 2.639248657226562500e+01 4.821843624114990234e+00 5.061806440353393555e-01 2.130419006347656250e+02 2.639248657226562500e+01 4.821843624114990234e+00 5.061806440353393555e-01 2.130419006347656250e+02
8.000000000000000000e+03 3.444570922851562500e+01 2.944427108764648438e+01 5.739002609252929688e+01 2.698322753906250000e+02 3.444570922851562500e+01 2.944427108764648438e+01 5.739002609252929688e+01 2.698322753906250000e+02
9.000000000000000000e+03 3.630581283569335938e+01 4.619428157806396484e+00 1.391464471817016602e+00 1.460898742675781250e+02 3.630581283569335938e+01 4.619428157806396484e+00 1.391464471817016602e+00 1.460898742675781250e+02
1.000000000000000000e+04 1.388966655731201172e+01 1.638315010070800781e+01 8.115891814231872559e-01 2.420935363769531250e+02 1.388966655731201172e+01 1.638315010070800781e+01 8.115891814231872559e-01 2.420935363769531250e+02
1.100000000000000000e+04 3.605876922607421875e+01 4.296989440917968750e+01 6.791199493408203125e+01 2.599518737792968750e+02 3.605876922607421875e+01 4.296989440917968750e+01 6.791199493408203125e+01 2.599518737792968750e+02
1.200000000000000000e+04 4.164053344726562500e+02 4.285972118377685547e+00 4.536596298217773438e+01 7.721658325195312500e+01 4.164053344726562500e+02 4.285972118377685547e+00 4.536596298217773438e+01 7.721658325195312500e+01
1.300000000000000000e+04 7.657954406738281250e+01 3.451798915863037109e+00 1.158243846893310547e+01 3.280207061767578125e+01 7.657954406738281250e+01 3.451798915863037109e+00 1.158243846893310547e+01 3.280207061767578125e+01
1.400000000000000000e+04 4.056966018676757812e+01 1.396419048309326172e+01 1.020525169372558594e+01 1.019982604980468750e+02 4.056966018676757812e+01 1.396419048309326172e+01 1.020525169372558594e+01 1.019982604980468750e+02
1.500000000000000000e+04 1.481853942871093750e+02 3.676363229751586914e+00 2.045986557006835938e+01 1.326244258880615234e+01 1.481853942871093750e+02 3.676363229751586914e+00 2.045986557006835938e+01 1.326244258880615234e+01
1.600000000000000000e+04 5.061203384399414062e+01 4.561449527740478516e+00 2.127619504928588867e+00 1.509455585479736328e+01 5.061203384399414062e+01 4.561449527740478516e+00 2.127619504928588867e+00 1.509455585479736328e+01
1.700000000000000000e+04 5.168521499633789062e+01 1.309816598892211914e+00 5.491760253906250000e+00 6.446232318878173828e+00 5.168521499633789062e+01 1.309816598892211914e+00 5.491760253906250000e+00 6.446232318878173828e+00
1.800000000000000000e+04 1.289210319519042969e+01 5.642320632934570312e+00 3.138145923614501953e+00 1.908502197265625000e+01 1.289210319519042969e+01 5.642320632934570312e+00 3.138145923614501953e+00 1.908502197265625000e+01
1.900000000000000000e+04 1.724677276611328125e+01 9.921792149543762207e-01 2.701142072677612305e+00 4.544972419738769531e+00 1.724677276611328125e+01 9.921792149543762207e-01 2.701142072677612305e+00 4.544972419738769531e+00
2.000000000000000000e+04 5.757833480834960938e+01 1.088341903686523438e+01 7.336728572845458984e+00 1.663925170898437500e+01 5.757833480834960938e+01 1.088341903686523438e+01 7.336728572845458984e+00 1.663925170898437500e+01
