# step, loss_train, loss_test, metrics_test
0.000000000000000000e+00 9.248030273437500000e+03 4.077651977539062500e+01 9.156396484375000000e+03 4.812012023925781250e+02 9.248030273437500000e+03 4.077651977539062500e+01 9.156396484375000000e+03 4.812012023925781250e+02
1.000000000000000000e+03 8.553888201713562012e-01 4.181058120727539062e+01 1.596294311523437500e+03 4.369172058105468750e+02 8.553888201713562012e-01 4.181058120727539062e+01 1.596294311523437500e+03 4.369172058105468750e+02
2.000000000000000000e+03 1.188294326314203849e-21 2.414996719360351562e+01 2.938062500000000000e+03 4.299719238281250000e+02 1.188294326314203849e-21 2.414996719360351562e+01 2.938062500000000000e+03 4.299719238281250000e+02
3.000000000000000000e+03 1.280604431306014778e-21 2.414937210083007812e+01 2.938063476562500000e+03 4.299714660644531250e+02 1.280604431306014778e-21 2.414937210083007812e+01 2.938063476562500000e+03 4.299714660644531250e+02
4.000000000000000000e+03 5.771564270693169980e-21 2.134687995910644531e+01 2.969441162109375000e+03 4.279033508300781250e+02 5.771564270693169980e-21 2.134687995910644531e+01 2.969441162109375000e+03 4.279033508300781250e+02
5.000000000000000000e+03 7.628047159255914337e-21 2.418644905090332031e+01 2.938002685546875000e+03 4.299989318847656250e+02 7.628047159255914337e-21 2.418644905090332031e+01 2.938002685546875000e+03 4.299989318847656250e+02
6.000000000000000000e+03 4.351725237928186484e-18 2.415708160400390625e+01 2.938050292968750000e+03 4.299772033691406250e+02 4.351725237928186484e-18 2.415708160400390625e+01 2.938050292968750000e+03 4.299772033691406250e+02
7.000000000000000000e+03 3.506387117574558294e-16 2.414990615844726562e+01 2.938062500000000000e+03 4.299718322753906250e+02 3.506387117574558294e-16 2.414990615844726562e+01 2.938062500000000000e+03 4.299718322753906250e+02
8.000000000000000000e+03 1.623203849784943428e-30 2.414987373352050781e+01 2.938062744140625000e+03 4.299718322753906250e+02 1.623203849784943428e-30 2.414987373352050781e+01 2.938062744140625000e+03 4.299718322753906250e+02
9.000000000000000000e+03 1.623203849784943428e-30 2.414988327026367188e+01 2.938062744140625000e+03 4.299718627929687500e+02 1.623203849784943428e-30 2.414988327026367188e+01 2.938062744140625000e+03 4.299718627929687500e+02
1.000000000000000000e+04 1.623203849784943428e-30 2.414992523193359375e+01 2.938062500000000000e+03 4.299718627929687500e+02 1.623203849784943428e-30 2.414992523193359375e+01 2.938062500000000000e+03 4.299718627929687500e+02
1.100000000000000000e+04 1.623203849784943428e-30 2.414993286132812500e+01 2.938062255859375000e+03 4.299718627929687500e+02 1.623203849784943428e-30 2.414993286132812500e+01 2.938062255859375000e+03 4.299718627929687500e+02
1.200000000000000000e+04 1.623203849784943428e-30 2.414994430541992188e+01 2.938062500000000000e+03 4.299718627929687500e+02 1.623203849784943428e-30 2.414994430541992188e+01 2.938062500000000000e+03 4.299718627929687500e+02
1.300000000000000000e+04 1.623203849784943428e-30 2.414995574951171875e+01 2.938062500000000000e+03 4.299719238281250000e+02 1.623203849784943428e-30 2.414995574951171875e+01 2.938062500000000000e+03 4.299719238281250000e+02
1.400000000000000000e+04 1.623203849784943428e-30 2.414995574951171875e+01 2.938062500000000000e+03 4.299719238281250000e+02 1.623203849784943428e-30 2.414995574951171875e+01 2.938062500000000000e+03 4.299719238281250000e+02
1.500000000000000000e+04 1.623203849784943428e-30 2.414996719360351562e+01 2.938062500000000000e+03 4.299719238281250000e+02 1.623203849784943428e-30 2.414996719360351562e+01 2.938062500000000000e+03 4.299719238281250000e+02
1.600000000000000000e+04 1.623203849784943428e-30 2.414996719360351562e+01 2.938062500000000000e+03 4.299719238281250000e+02 1.623203849784943428e-30 2.414996719360351562e+01 2.938062500000000000e+03 4.299719238281250000e+02
1.700000000000000000e+04 1.623203849784943428e-30 2.414996719360351562e+01 2.938062500000000000e+03 4.299719238281250000e+02 1.623203849784943428e-30 2.414996719360351562e+01 2.938062500000000000e+03 4.299719238281250000e+02
1.800000000000000000e+04 1.623203849784943428e-30 2.414996719360351562e+01 2.938062500000000000e+03 4.299719238281250000e+02 1.623203849784943428e-30 2.414996719360351562e+01 2.938062500000000000e+03 4.299719238281250000e+02
1.900000000000000000e+04 1.623203849784943428e-30 2.414995574951171875e+01 2.938062500000000000e+03 4.299719238281250000e+02 1.623203849784943428e-30 2.414995574951171875e+01 2.938062500000000000e+03 4.299719238281250000e+02
2.000000000000000000e+04 1.623204414022231822e-30 2.414997673034667969e+01 2.938062500000000000e+03 4.299719238281250000e+02 1.623204414022231822e-30 2.414997673034667969e+01 2.938062500000000000e+03 4.299719238281250000e+02
