# step, loss_train, loss_test, metrics_test
0.000000000000000000e+00 5.295398925781250000e+03 1.026002197265625000e+02 1.945753710937500000e+04 3.096307373046875000e+02 5.295398925781250000e+03 1.026002197265625000e+02 1.945753710937500000e+04 3.096307373046875000e+02
1.000000000000000000e+03 3.232692241668701172e+00 8.820617675781250000e+00 1.448044433593750000e+02 2.289991607666015625e+02 3.232692241668701172e+00 8.820617675781250000e+00 1.448044433593750000e+02 2.289991607666015625e+02
2.000000000000000000e+03 2.920681457519531250e+02 7.724440574645996094e+00 9.597348022460937500e+02 1.360939025878906250e+02 2.920681457519531250e+02 7.724440574645996094e+00 9.597348022460937500e+02 1.360939025878906250e+02
3.000000000000000000e+03 9.701391220092773438e+00 6.695916652679443359e+00 5.124993920326232910e-01 1.575299835205078125e+02 9.701391220092773438e+00 6.695916652679443359e+00 5.124993920326232910e-01 1.575299835205078125e+02
4.000000000000000000e+03 1.165727901458740234e+01 3.724908590316772461e+00 8.739210367202758789e-01 1.262964706420898438e+02 1.165727901458740234e+01 3.724908590316772461e+00 8.739210367202758789e-01 1.262964706420898438e+02
5.000000000000000000e+03 1.630456542968750000e+01 3.602385997772216797e+00 1.331424617767333984e+01 1.159538955688476562e+02 1.630456542968750000e+01 3.602385997772216797e+00 1.331424617767333984e+01 1.159538955688476562e+02
6.000000000000000000e+03 2.652991485595703125e+01 9.920352697372436523e-01 9.205802083015441895e-01 2.862450981140136719e+01 2.652991485595703125e+01 9.920352697372436523e-01 9.205802083015441895e-01 2.862450981140136719e+01
7.000000000000000000e+03 1.427659797668457031e+01 2.537534236907958984e-01 3.173185348510742188e+01 3.081124067306518555e+00 1.427659797668457031e+01 2.537534236907958984e-01 3.173185348510742188e+01 3.081124067306518555e+00
8.000000000000000000e+03 1.706975364685058594e+01 1.708928942680358887e-01 1.492159843444824219e+00 1.930474877357482910e+00 1.706975364685058594e+01 1.708928942680358887e-01 1.492159843444824219e+00 1.930474877357482910e+00
9.000000000000000000e+03 6.560791015625000000e+00 1.678986251354217529e-01 1.096621894836425781e+01 6.047886848449707031e+00 6.560791015625000000e+00 1.678986251354217529e-01 1.096621894836425781e+01 6.047886848449707031e+00
1.000000000000000000e+04 2.301917552947998047e+00 4.936670511960983276e-02 5.021421909332275391e+00 1.293996572494506836e+00 2.301917552947998047e+00 4.936670511960983276e-02 5.021421909332275391e+00 1.293996572494506836e+00
1.100000000000000000e+04 5.016781330108642578e+00 4.014831036329269409e-02 9.564880132675170898e-01 1.421301960945129395e+00 5.016781330108642578e+00 4.014831036329269409e-02 9.564880132675170898e-01 1.421301960945129395e+00
1.200000000000000000e+04 9.334341049194335938e+00 8.907739818096160889e-02 1.690060853958129883e+00 1.604853153228759766e+00 9.334341049194335938e+00 8.907739818096160889e-02 1.690060853958129883e+00 1.604853153228759766e+00
1.300000000000000000e+04 4.891147613525390625e+00 4.015024006366729736e-02 4.037300109863281250e+00 1.037902832031250000e+00 4.891147613525390625e+00 4.015024006366729736e-02 4.037300109863281250e+00 1.037902832031250000e+00
1.400000000000000000e+04 2.429052114486694336e+00 2.207757718861103058e-02 6.222191825509071350e-02 8.836674094200134277e-01 2.429052114486694336e+00 2.207757718861103058e-02 6.222191825509071350e-02 8.836674094200134277e-01
1.500000000000000000e+04 4.849719047546386719e+00 1.682080775499343872e-01 1.002052187919616699e+00 1.205067873001098633e+00 4.849719047546386719e+00 1.682080775499343872e-01 1.002052187919616699e+00 1.205067873001098633e+00
1.600000000000000000e+04 3.802495718002319336e+00 2.189888432621955872e-02 5.846932411193847656e+00 7.201103568077087402e-01 3.802495718002319336e+00 2.189888432621955872e-02 5.846932411193847656e+00 7.201103568077087402e-01
1.700000000000000000e+04 1.055123567581176758e+00 1.540523488074541092e-02 7.998927235603332520e-01 6.216635107994079590e-01 1.055123567581176758e+00 1.540523488074541092e-02 7.998927235603332520e-01 6.216635107994079590e-01
1.800000000000000000e+04 1.348634958267211914e+00 3.410840779542922974e-02 2.097610235214233398e+00 7.304109334945678711e-01 1.348634958267211914e+00 3.410840779542922974e-02 2.097610235214233398e+00 7.304109334945678711e-01
1.900000000000000000e+04 3.219745397567749023e+00 3.280406072735786438e-02 1.534974932670593262e+00 5.451607108116149902e-01 3.219745397567749023e+00 3.280406072735786438e-02 1.534974932670593262e+00 5.451607108116149902e-01
2.000000000000000000e+04 3.976154565811157227e+00 8.987347781658172607e-02 9.543950080871582031e+00 1.125158071517944336e+00 3.976154565811157227e+00 8.987347781658172607e-02 9.543950080871582031e+00 1.125158071517944336e+00
