# step, loss_train, loss_test, metrics_test
0.000000000000000000e+00 1.147244609375000000e+05 4.745082092285156250e+01 1.342672851562500000e+04 2.673428955078125000e+02 1.147244609375000000e+05 4.745082092285156250e+01 1.342672851562500000e+04 2.673428955078125000e+02
1.000000000000000000e+03 5.733267089843750000e+03 1.907795906066894531e+01 1.277131835937500000e+03 2.639723205566406250e+02 5.733267089843750000e+03 1.907795906066894531e+01 1.277131835937500000e+03 2.639723205566406250e+02
2.000000000000000000e+03 2.143666259765625000e+03 1.737042999267578125e+01 9.499705200195312500e+02 2.693537902832031250e+02 2.143666259765625000e+03 1.737042999267578125e+01 9.499705200195312500e+02 2.693537902832031250e+02
3.000000000000000000e+03 1.281666625976562500e+03 2.383125877380371094e+01 6.409681396484375000e+02 2.747594909667968750e+02 1.281666625976562500e+03 2.383125877380371094e+01 6.409681396484375000e+02 2.747594909667968750e+02
4.000000000000000000e+03 9.101505737304687500e+02 3.058713150024414062e+01 3.289365539550781250e+02 2.778147277832031250e+02 9.101505737304687500e+02 3.058713150024414062e+01 3.289365539550781250e+02 2.778147277832031250e+02
5.000000000000000000e+03 6.100067138671875000e+02 3.392538070678710938e+01 1.971005249023437500e+02 2.813523864746093750e+02 6.100067138671875000e+02 3.392538070678710938e+01 1.971005249023437500e+02 2.813523864746093750e+02
6.000000000000000000e+03 4.434481811523437500e+02 3.351151657104492188e+01 1.128703002929687500e+02 2.789243774414062500e+02 4.434481811523437500e+02 3.351151657104492188e+01 1.128703002929687500e+02 2.789243774414062500e+02
7.000000000000000000e+03 2.880053405761718750e+02 3.103604507446289062e+01 4.757535552978515625e+01 2.748744201660156250e+02 2.880053405761718750e+02 3.103604507446289062e+01 4.757535552978515625e+01 2.748744201660156250e+02
8.000000000000000000e+03 1.972454376220703125e+02 2.868235588073730469e+01 2.295361328125000000e+01 2.718283996582031250e+02 1.972454376220703125e+02 2.868235588073730469e+01 2.295361328125000000e+01 2.718283996582031250e+02
9.000000000000000000e+03 1.849651184082031250e+02 2.778218269348144531e+01 1.690328598022460938e+01 2.687911071777343750e+02 1.849651184082031250e+02 2.778218269348144531e+01 1.690328598022460938e+01 2.687911071777343750e+02
1.000000000000000000e+04 1.052555541992187500e+02 2.565312385559082031e+01 7.781119823455810547e+00 2.662967834472656250e+02 1.052555541992187500e+02 2.565312385559082031e+01 7.781119823455810547e+00 2.662967834472656250e+02
1.100000000000000000e+04 7.107183074951171875e+01 2.366186904907226562e+01 3.979710340499877930e+00 2.610413818359375000e+02 7.107183074951171875e+01 2.366186904907226562e+01 3.979710340499877930e+00 2.610413818359375000e+02
1.200000000000000000e+04 5.161112594604492188e+01 2.158384323120117188e+01 2.388285875320434570e+00 2.567161254882812500e+02 5.161112594604492188e+01 2.158384323120117188e+01 2.388285875320434570e+00 2.567161254882812500e+02
1.300000000000000000e+04 3.480392837524414062e+01 1.708233642578125000e+01 9.877873063087463379e-01 2.494080352783203125e+02 3.480392837524414062e+01 1.708233642578125000e+01 9.877873063087463379e-01 2.494080352783203125e+02
1.400000000000000000e+04 3.025079917907714844e+01 1.406896686553955078e+01 7.586083412170410156e-01 2.448955383300781250e+02 3.025079917907714844e+01 1.406896686553955078e+01 7.586083412170410156e-01 2.448955383300781250e+02
1.500000000000000000e+04 2.269463348388671875e+01 1.122437763214111328e+01 5.705767869949340820e-01 2.418903656005859375e+02 2.269463348388671875e+01 1.122437763214111328e+01 5.705767869949340820e-01 2.418903656005859375e+02
1.600000000000000000e+04 1.912068557739257812e+01 9.035986900329589844e+00 7.138725519180297852e-01 2.366010437011718750e+02 1.912068557739257812e+01 9.035986900329589844e+00 7.138725519180297852e-01 2.366010437011718750e+02
1.700000000000000000e+04 1.510203552246093750e+01 8.261621475219726562e+00 2.956913411617279053e-01 2.326533050537109375e+02 1.510203552246093750e+01 8.261621475219726562e+00 2.956913411617279053e-01 2.326533050537109375e+02
1.800000000000000000e+04 1.337562847137451172e+01 7.839312076568603516e+00 3.311164677143096924e-01 2.291477813720703125e+02 1.337562847137451172e+01 7.839312076568603516e+00 3.311164677143096924e-01 2.291477813720703125e+02
1.900000000000000000e+04 1.101465511322021484e+01 7.397718906402587891e+00 3.232488632202148438e-01 2.247383422851562500e+02 1.101465511322021484e+01 7.397718906402587891e+00 3.232488632202148438e-01 2.247383422851562500e+02
2.000000000000000000e+04 1.132438087463378906e+01 7.376913070678710938e+00 1.848616003990173340e-01 2.199702606201171875e+02 1.132438087463378906e+01 7.376913070678710938e+00 1.848616003990173340e-01 2.199702606201171875e+02
