# step, loss_train, loss_test, metrics_test
0.000000000000000000e+00 0.000000000000000000e+00 3.492573928833007812e+01 8.503908203125000000e+03 3.541487731933593750e+02 0.000000000000000000e+00 3.492573928833007812e+01 8.503908203125000000e+03 3.541487731933593750e+02
1.000000000000000000e+03 0.000000000000000000e+00 1.358409309387207031e+01 1.810311035156250000e+03 3.260295410156250000e+02 0.000000000000000000e+00 1.358409309387207031e+01 1.810311035156250000e+03 3.260295410156250000e+02
2.000000000000000000e+03 0.000000000000000000e+00 1.356943416595458984e+01 1.810338012695312500e+03 3.260141296386718750e+02 0.000000000000000000e+00 1.356943416595458984e+01 1.810338012695312500e+03 3.260141296386718750e+02
3.000000000000000000e+03 0.000000000000000000e+00 1.356927013397216797e+01 1.810338256835937500e+03 3.260138549804687500e+02 0.000000000000000000e+00 1.356927013397216797e+01 1.810338256835937500e+03 3.260138549804687500e+02
4.000000000000000000e+03 0.000000000000000000e+00 1.356934356689453125e+01 1.810338134765625000e+03 3.260140991210937500e+02 0.000000000000000000e+00 1.356934356689453125e+01 1.810338134765625000e+03 3.260140991210937500e+02
5.000000000000000000e+03 0.000000000000000000e+00 1.356802082061767578e+01 1.810340698242187500e+03 3.260127868652343750e+02 0.000000000000000000e+00 1.356802082061767578e+01 1.810340698242187500e+03 3.260127868652343750e+02
6.000000000000000000e+03 0.000000000000000000e+00 1.500054454803466797e+01 1.816974609375000000e+03 3.274518127441406250e+02 0.000000000000000000e+00 1.500054454803466797e+01 1.816974609375000000e+03 3.274518127441406250e+02
7.000000000000000000e+03 0.000000000000000000e+00 1.354188442230224609e+01 1.810396972656250000e+03 3.259866333007812500e+02 0.000000000000000000e+00 1.354188442230224609e+01 1.810396972656250000e+03 3.259866333007812500e+02
8.000000000000000000e+03 0.000000000000000000e+00 1.356075954437255859e+01 1.810355590820312500e+03 3.260055236816406250e+02 0.000000000000000000e+00 1.356075954437255859e+01 1.810355590820312500e+03 3.260055236816406250e+02
9.000000000000000000e+03 0.000000000000000000e+00 1.357068634033203125e+01 1.810335327148437500e+03 3.260154724121093750e+02 0.000000000000000000e+00 1.357068634033203125e+01 1.810335327148437500e+03 3.260154724121093750e+02
1.000000000000000000e+04 0.000000000000000000e+00 1.357272243499755859e+01 1.810331420898437500e+03 3.260174865722656250e+02 0.000000000000000000e+00 1.357272243499755859e+01 1.810331420898437500e+03 3.260174865722656250e+02
1.100000000000000000e+04 0.000000000000000000e+00 1.362684345245361328e+01 1.810240600585937500e+03 3.260716857910156250e+02 0.000000000000000000e+00 1.362684345245361328e+01 1.810240600585937500e+03 3.260716857910156250e+02
1.200000000000000000e+04 0.000000000000000000e+00 1.372470092773437500e+01 1.810154174804687500e+03 3.261696777343750000e+02 0.000000000000000000e+00 1.372470092773437500e+01 1.810154174804687500e+03 3.261696777343750000e+02
1.300000000000000000e+04 0.000000000000000000e+00 1.279272651672363281e+01 1.815442749023437500e+03 3.252387695312500000e+02 0.000000000000000000e+00 1.279272651672363281e+01 1.815442749023437500e+03 3.252387695312500000e+02
1.400000000000000000e+04 0.000000000000000000e+00 1.361776542663574219e+01 1.810253662109375000e+03 3.260625610351562500e+02 0.000000000000000000e+00 1.361776542663574219e+01 1.810253662109375000e+03 3.260625610351562500e+02
1.500000000000000000e+04 0.000000000000000000e+00 1.357693004608154297e+01 1.810323242187500000e+03 3.260216979980468750e+02 0.000000000000000000e+00 1.357693004608154297e+01 1.810323242187500000e+03 3.260216979980468750e+02
1.600000000000000000e+04 0.000000000000000000e+00 1.356937980651855469e+01 1.810338012695312500e+03 3.260141601562500000e+02 0.000000000000000000e+00 1.356937980651855469e+01 1.810338012695312500e+03 3.260141601562500000e+02
1.700000000000000000e+04 0.000000000000000000e+00 1.356933307647705078e+01 1.810338134765625000e+03 3.260140686035156250e+02 0.000000000000000000e+00 1.356933307647705078e+01 1.810338134765625000e+03 3.260140686035156250e+02
1.800000000000000000e+04 0.000000000000000000e+00 1.357014179229736328e+01 1.810336425781250000e+03 3.260148925781250000e+02 0.000000000000000000e+00 1.357014179229736328e+01 1.810336425781250000e+03 3.260148925781250000e+02
1.900000000000000000e+04 0.000000000000000000e+00 1.356670665740966797e+01 1.810343261718750000e+03 3.260114746093750000e+02 0.000000000000000000e+00 1.356670665740966797e+01 1.810343261718750000e+03 3.260114746093750000e+02
2.000000000000000000e+04 0.000000000000000000e+00 1.356953144073486328e+01 1.810337768554687500e+03 3.260142822265625000e+02 0.000000000000000000e+00 1.356953144073486328e+01 1.810337768554687500e+03 3.260142822265625000e+02
