# step, loss_train, loss_test, metrics_test
0.000000000000000000e+00 0.000000000000000000e+00 7.738671875000000000e+01 5.226712402343750000e+03 4.834085693359375000e+02 0.000000000000000000e+00 7.738671875000000000e+01 5.226712402343750000e+03 4.834085693359375000e+02
1.000000000000000000e+03 0.000000000000000000e+00 2.355594825744628906e+01 1.311943725585937500e+03 4.248406677246093750e+02 0.000000000000000000e+00 2.355594825744628906e+01 1.311943725585937500e+03 4.248406677246093750e+02
2.000000000000000000e+03 0.000000000000000000e+00 2.132684135437011719e+01 1.305737915039062500e+03 4.192514038085937500e+02 0.000000000000000000e+00 2.132684135437011719e+01 1.305737915039062500e+03 4.192514038085937500e+02
3.000000000000000000e+03 0.000000000000000000e+00 2.497118949890136719e+01 1.306318725585937500e+03 4.296738586425781250e+02 0.000000000000000000e+00 2.497118949890136719e+01 1.306318725585937500e+03 4.296738586425781250e+02
4.000000000000000000e+03 0.000000000000000000e+00 2.497119140625000000e+01 1.306318603515625000e+03 4.296738586425781250e+02 0.000000000000000000e+00 2.497119140625000000e+01 1.306318603515625000e+03 4.296738586425781250e+02
5.000000000000000000e+03 0.000000000000000000e+00 2.497118949890136719e+01 1.306318725585937500e+03 4.296738586425781250e+02 0.000000000000000000e+00 2.497118949890136719e+01 1.306318725585937500e+03 4.296738586425781250e+02
6.000000000000000000e+03 0.000000000000000000e+00 2.556362915039062500e+01 1.305711914062500000e+03 4.300918579101562500e+02 0.000000000000000000e+00 2.556362915039062500e+01 1.305711914062500000e+03 4.300918579101562500e+02
7.000000000000000000e+03 0.000000000000000000e+00 2.497075080871582031e+01 1.306319335937500000e+03 4.296735534667968750e+02 0.000000000000000000e+00 2.497075080871582031e+01 1.306319335937500000e+03 4.296735534667968750e+02
8.000000000000000000e+03 0.000000000000000000e+00 2.497110366821289062e+01 1.306318725585937500e+03 4.296737976074218750e+02 0.000000000000000000e+00 2.497110366821289062e+01 1.306318725585937500e+03 4.296737976074218750e+02
9.000000000000000000e+03 0.000000000000000000e+00 2.493482971191406250e+01 1.306382324218750000e+03 4.296481933593750000e+02 0.000000000000000000e+00 2.493482971191406250e+01 1.306382324218750000e+03 4.296481933593750000e+02
1.000000000000000000e+04 0.000000000000000000e+00 2.497143363952636719e+01 1.306318237304687500e+03 4.296740112304687500e+02 0.000000000000000000e+00 2.497143363952636719e+01 1.306318237304687500e+03 4.296740112304687500e+02
1.100000000000000000e+04 0.000000000000000000e+00 2.493593597412109375e+01 1.306380249023437500e+03 4.296489868164062500e+02 0.000000000000000000e+00 2.493593597412109375e+01 1.306380249023437500e+03 4.296489868164062500e+02
1.200000000000000000e+04 0.000000000000000000e+00 2.497096252441406250e+01 1.306319091796875000e+03 4.296736755371093750e+02 0.000000000000000000e+00 2.497096252441406250e+01 1.306319091796875000e+03 4.296736755371093750e+02
1.300000000000000000e+04 0.000000000000000000e+00 2.507004928588867188e+01 1.306161621093750000e+03 4.297435302734375000e+02 0.000000000000000000e+00 2.507004928588867188e+01 1.306161621093750000e+03 4.297435302734375000e+02
1.400000000000000000e+04 0.000000000000000000e+00 2.497103881835937500e+01 1.306318847656250000e+03 4.296737670898437500e+02 0.000000000000000000e+00 2.497103881835937500e+01 1.306318847656250000e+03 4.296737670898437500e+02
1.500000000000000000e+04 0.000000000000000000e+00 2.495716094970703125e+01 1.306342773437500000e+03 4.296640014648437500e+02 0.000000000000000000e+00 2.495716094970703125e+01 1.306342773437500000e+03 4.296640014648437500e+02
1.600000000000000000e+04 0.000000000000000000e+00 2.497133636474609375e+01 1.306318481445312500e+03 4.296739807128906250e+02 0.000000000000000000e+00 2.497133636474609375e+01 1.306318481445312500e+03 4.296739807128906250e+02
1.700000000000000000e+04 0.000000000000000000e+00 2.497091674804687500e+01 1.306319091796875000e+03 4.296736755371093750e+02 0.000000000000000000e+00 2.497091674804687500e+01 1.306319091796875000e+03 4.296736755371093750e+02
1.800000000000000000e+04 0.000000000000000000e+00 2.497115135192871094e+01 1.306318725585937500e+03 4.296738586425781250e+02 0.000000000000000000e+00 2.497115135192871094e+01 1.306318725585937500e+03 4.296738586425781250e+02
1.900000000000000000e+04 0.000000000000000000e+00 2.497548866271972656e+01 1.306311279296875000e+03 4.296768798828125000e+02 0.000000000000000000e+00 2.497548866271972656e+01 1.306311279296875000e+03 4.296768798828125000e+02
2.000000000000000000e+04 0.000000000000000000e+00 2.497101020812988281e+01 1.306319091796875000e+03 4.296737060546875000e+02 0.000000000000000000e+00 2.497101020812988281e+01 1.306319091796875000e+03 4.296737060546875000e+02
