# step, loss_train, loss_test, metrics_test
0.000000000000000000e+00 0.000000000000000000e+00 1.315490245819091797e+01 5.860120605468750000e+03 1.963478698730468750e+02 0.000000000000000000e+00 1.315490245819091797e+01 5.860120605468750000e+03 1.963478698730468750e+02
1.000000000000000000e+03 0.000000000000000000e+00 1.186769580841064453e+01 2.736575927734375000e+03 1.925072784423828125e+02 0.000000000000000000e+00 1.186769580841064453e+01 2.736575927734375000e+03 1.925072784423828125e+02
2.000000000000000000e+03 0.000000000000000000e+00 1.407313919067382812e+01 2.685630859375000000e+03 1.937702026367187500e+02 0.000000000000000000e+00 1.407313919067382812e+01 2.685630859375000000e+03 1.937702026367187500e+02
3.000000000000000000e+03 0.000000000000000000e+00 1.406036090850830078e+01 2.685652099609375000e+03 1.937627868652343750e+02 0.000000000000000000e+00 1.406036090850830078e+01 2.685652099609375000e+03 1.937627868652343750e+02
4.000000000000000000e+03 0.000000000000000000e+00 5.004757385253906250e+02 8.214390625000000000e+04 4.923663330078125000e+02 0.000000000000000000e+00 5.004757385253906250e+02 8.214390625000000000e+04 4.923663330078125000e+02
5.000000000000000000e+03 0.000000000000000000e+00 1.450168800354003906e+01 2.686239990234375000e+03 1.940178985595703125e+02 0.000000000000000000e+00 1.450168800354003906e+01 2.686239990234375000e+03 1.940178985595703125e+02
6.000000000000000000e+03 0.000000000000000000e+00 1.420971584320068359e+01 2.685551757812500000e+03 1.938490447998046875e+02 0.000000000000000000e+00 1.420971584320068359e+01 2.685551757812500000e+03 1.938490447998046875e+02
7.000000000000000000e+03 0.000000000000000000e+00 1.407809638977050781e+01 2.685623535156250000e+03 1.937730255126953125e+02 0.000000000000000000e+00 1.407809638977050781e+01 2.685623535156250000e+03 1.937730255126953125e+02
8.000000000000000000e+03 0.000000000000000000e+00 1.407386779785156250e+01 2.685630126953125000e+03 1.937705841064453125e+02 0.000000000000000000e+00 1.407386779785156250e+01 2.685630126953125000e+03 1.937705841064453125e+02
9.000000000000000000e+03 0.000000000000000000e+00 1.407200908660888672e+01 2.685632812500000000e+03 1.937695159912109375e+02 0.000000000000000000e+00 1.407200908660888672e+01 2.685632812500000000e+03 1.937695159912109375e+02
1.000000000000000000e+04 0.000000000000000000e+00 1.407179832458496094e+01 2.685633056640625000e+03 1.937693939208984375e+02 0.000000000000000000e+00 1.407179832458496094e+01 2.685633056640625000e+03 1.937693939208984375e+02
1.100000000000000000e+04 0.000000000000000000e+00 9.030455780029296875e+01 8.902944335937500000e+03 2.391879425048828125e+02 0.000000000000000000e+00 9.030455780029296875e+01 8.902944335937500000e+03 2.391879425048828125e+02
1.200000000000000000e+04 0.000000000000000000e+00 1.407347774505615234e+01 2.685630615234375000e+03 1.937703552246093750e+02 0.000000000000000000e+00 1.407347774505615234e+01 2.685630615234375000e+03 1.937703552246093750e+02
1.300000000000000000e+04 0.000000000000000000e+00 1.403787136077880859e+01 2.685695068359375000e+03 1.937498016357421875e+02 0.000000000000000000e+00 1.403787136077880859e+01 2.685695068359375000e+03 1.937498016357421875e+02
1.400000000000000000e+04 0.000000000000000000e+00 1.234864616394042969e+01 2.715208984375000000e+03 1.927803955078125000e+02 0.000000000000000000e+00 1.234864616394042969e+01 2.715208984375000000e+03 1.927803955078125000e+02
1.500000000000000000e+04 0.000000000000000000e+00 3.029380035400390625e+01 3.448476562500000000e+03 2.033103179931640625e+02 0.000000000000000000e+00 3.029380035400390625e+01 3.448476562500000000e+03 2.033103179931640625e+02
1.600000000000000000e+04 0.000000000000000000e+00 9.575087890625000000e+03 1.343120625000000000e+06 6.014155761718750000e+03 0.000000000000000000e+00 9.575087890625000000e+03 1.343120625000000000e+06 6.014155761718750000e+03
1.700000000000000000e+04 0.000000000000000000e+00 1.407194423675537109e+01 2.685632812500000000e+03 1.937694702148437500e+02 0.000000000000000000e+00 1.407194423675537109e+01 2.685632812500000000e+03 1.937694702148437500e+02
1.800000000000000000e+04 0.000000000000000000e+00 1.407048797607421875e+01 2.685635253906250000e+03 1.937686309814453125e+02 0.000000000000000000e+00 1.407048797607421875e+01 2.685635253906250000e+03 1.937686309814453125e+02
1.900000000000000000e+04 0.000000000000000000e+00 1.407171535491943359e+01 2.685633300781250000e+03 1.937693481445312500e+02 0.000000000000000000e+00 1.407171535491943359e+01 2.685633300781250000e+03 1.937693481445312500e+02
2.000000000000000000e+04 0.000000000000000000e+00 1.406513404846191406e+01 2.685643798828125000e+03 1.937655487060546875e+02 0.000000000000000000e+00 1.406513404846191406e+01 2.685643798828125000e+03 1.937655487060546875e+02
