# step, loss_train, loss_test, metrics_test
0.000000000000000000e+00 2.367480937500000000e+05 2.693905258178710938e+01 1.540280273437500000e+04 0.000000000000000000e+00 2.367480937500000000e+05 2.693905258178710938e+01 1.540280273437500000e+04 0.000000000000000000e+00
1.000000000000000000e+03 3.771947021484375000e+03 4.113337707519531250e+01 2.025814453125000000e+03 0.000000000000000000e+00 3.771947021484375000e+03 4.113337707519531250e+01 2.025814453125000000e+03 0.000000000000000000e+00
2.000000000000000000e+03 1.381846069335937500e+03 2.690997886657714844e+01 1.873685424804687500e+03 0.000000000000000000e+00 1.381846069335937500e+03 2.690997886657714844e+01 1.873685424804687500e+03 0.000000000000000000e+00
3.000000000000000000e+03 7.673131103515625000e+02 2.517514610290527344e+01 1.810385253906250000e+03 0.000000000000000000e+00 7.673131103515625000e+02 2.517514610290527344e+01 1.810385253906250000e+03 0.000000000000000000e+00
4.000000000000000000e+03 4.513443603515625000e+02 2.459009742736816406e+01 1.748690185546875000e+03 0.000000000000000000e+00 4.513443603515625000e+02 2.459009742736816406e+01 1.748690185546875000e+03 0.000000000000000000e+00
5.000000000000000000e+03 4.948568420410156250e+02 2.339356422424316406e+01 1.782130615234375000e+03 0.000000000000000000e+00 4.948568420410156250e+02 2.339356422424316406e+01 1.782130615234375000e+03 0.000000000000000000e+00
6.000000000000000000e+03 3.035440368652343750e+02 2.311170959472656250e+01 1.752386962890625000e+03 0.000000000000000000e+00 3.035440368652343750e+02 2.311170959472656250e+01 1.752386962890625000e+03 0.000000000000000000e+00
7.000000000000000000e+03 2.213234252929687500e+02 2.374146080017089844e+01 1.694496948242187500e+03 0.000000000000000000e+00 2.213234252929687500e+02 2.374146080017089844e+01 1.694496948242187500e+03 0.000000000000000000e+00
8.000000000000000000e+03 1.576604156494140625e+02 2.413085746765136719e+01 1.629405517578125000e+03 0.000000000000000000e+00 1.576604156494140625e+02 2.413085746765136719e+01 1.629405517578125000e+03 0.000000000000000000e+00
9.000000000000000000e+03 9.887501525878906250e+01 2.532809066772460938e+01 1.543669189453125000e+03 0.000000000000000000e+00 9.887501525878906250e+01 2.532809066772460938e+01 1.543669189453125000e+03 0.000000000000000000e+00
1.000000000000000000e+04 1.143140258789062500e+02 2.601599121093750000e+01 1.452058593750000000e+03 0.000000000000000000e+00 1.143140258789062500e+02 2.601599121093750000e+01 1.452058593750000000e+03 0.000000000000000000e+00
1.100000000000000000e+04 1.189315643310546875e+02 2.358242797851562500e+01 1.251448486328125000e+03 0.000000000000000000e+00 1.189315643310546875e+02 2.358242797851562500e+01 1.251448486328125000e+03 0.000000000000000000e+00
1.200000000000000000e+04 1.935086669921875000e+02 1.887748718261718750e+01 6.275211791992187500e+02 0.000000000000000000e+00 1.935086669921875000e+02 1.887748718261718750e+01 6.275211791992187500e+02 0.000000000000000000e+00
1.300000000000000000e+04 1.048491287231445312e+02 1.640564918518066406e+01 4.761380615234375000e+02 0.000000000000000000e+00 1.048491287231445312e+02 1.640564918518066406e+01 4.761380615234375000e+02 0.000000000000000000e+00
1.400000000000000000e+04 1.468361968994140625e+02 1.804969215393066406e+01 1.396631011962890625e+02 0.000000000000000000e+00 1.468361968994140625e+02 1.804969215393066406e+01 1.396631011962890625e+02 0.000000000000000000e+00
1.500000000000000000e+04 4.975551986694335938e+01 1.796488380432128906e+01 1.318791389465332031e+01 0.000000000000000000e+00 4.975551986694335938e+01 1.796488380432128906e+01 1.318791389465332031e+01 0.000000000000000000e+00
1.600000000000000000e+04 2.630739593505859375e+01 1.741260528564453125e+01 5.740794181823730469e+00 0.000000000000000000e+00 2.630739593505859375e+01 1.741260528564453125e+01 5.740794181823730469e+00 0.000000000000000000e+00
1.700000000000000000e+04 2.558362388610839844e+01 1.601729774475097656e+01 3.767209529876708984e+00 0.000000000000000000e+00 2.558362388610839844e+01 1.601729774475097656e+01 3.767209529876708984e+00 0.000000000000000000e+00
1.800000000000000000e+04 1.338906764984130859e+01 1.516592788696289062e+01 2.171687364578247070e+00 0.000000000000000000e+00 1.338906764984130859e+01 1.516592788696289062e+01 2.171687364578247070e+00 0.000000000000000000e+00
1.900000000000000000e+04 8.176391601562500000e+00 1.478577041625976562e+01 1.086399078369140625e+00 0.000000000000000000e+00 8.176391601562500000e+00 1.478577041625976562e+01 1.086399078369140625e+00 0.000000000000000000e+00
2.000000000000000000e+04 7.072249412536621094e+00 1.444875717163085938e+01 6.577368378639221191e-01 0.000000000000000000e+00 7.072249412536621094e+00 1.444875717163085938e+01 6.577368378639221191e-01 0.000000000000000000e+00
