# step, loss_train, loss_test, metrics_test
0.000000000000000000e+00 1.863144625000000000e+06 1.274835357666015625e+02 4.439131640625000000e+04 9.501155090332031250e+01 1.863144625000000000e+06 1.274835357666015625e+02 4.439131640625000000e+04 9.501155090332031250e+01
1.000000000000000000e+03 1.150321166992187500e+03 1.224437046051025391e+01 7.667610473632812500e+02 7.973660278320312500e+01 1.150321166992187500e+03 1.224437046051025391e+01 7.667610473632812500e+02 7.973660278320312500e+01
2.000000000000000000e+03 4.461250915527343750e+02 9.564087867736816406e+00 2.091322326660156250e+02 8.009940338134765625e+01 4.461250915527343750e+02 9.564087867736816406e+00 2.091322326660156250e+02 8.009940338134765625e+01
3.000000000000000000e+03 2.360021209716796875e+02 8.396831512451171875e+00 4.699565887451171875e+01 8.090616607666015625e+01 2.360021209716796875e+02 8.396831512451171875e+00 4.699565887451171875e+01 8.090616607666015625e+01
4.000000000000000000e+03 1.325480346679687500e+02 7.367979049682617188e+00 1.250809192657470703e+01 8.164418029785156250e+01 1.325480346679687500e+02 7.367979049682617188e+00 1.250809192657470703e+01 8.164418029785156250e+01
5.000000000000000000e+03 7.587938690185546875e+01 6.609021663665771484e+00 5.372684001922607422e+00 8.210075378417968750e+01 7.587938690185546875e+01 6.609021663665771484e+00 5.372684001922607422e+00 8.210075378417968750e+01
6.000000000000000000e+03 4.576388931274414062e+01 6.249378681182861328e+00 2.668514013290405273e+00 8.223481750488281250e+01 4.576388931274414062e+01 6.249378681182861328e+00 2.668514013290405273e+00 8.223481750488281250e+01
7.000000000000000000e+03 2.930907630920410156e+01 6.032945156097412109e+00 1.283197283744812012e+00 8.205828857421875000e+01 2.930907630920410156e+01 6.032945156097412109e+00 1.283197283744812012e+00 8.205828857421875000e+01
8.000000000000000000e+03 1.922058486938476562e+01 5.808368682861328125e+00 6.669684648513793945e-01 8.162662506103515625e+01 1.922058486938476562e+01 5.808368682861328125e+00 6.669684648513793945e-01 8.162662506103515625e+01
9.000000000000000000e+03 1.319451236724853516e+01 5.534198284149169922e+00 4.433147013187408447e-01 8.114288330078125000e+01 1.319451236724853516e+01 5.534198284149169922e+00 4.433147013187408447e-01 8.114288330078125000e+01
1.000000000000000000e+04 9.551853179931640625e+00 5.184236049652099609e+00 3.435334563255310059e-01 8.074002838134765625e+01 9.551853179931640625e+00 5.184236049652099609e+00 3.435334563255310059e-01 8.074002838134765625e+01
1.100000000000000000e+04 9.197211265563964844e+00 4.827641963958740234e+00 3.081622123718261719e-01 8.043828582763671875e+01 9.197211265563964844e+00 4.827641963958740234e+00 3.081622123718261719e-01 8.043828582763671875e+01
1.200000000000000000e+04 5.662016868591308594e+00 4.387428760528564453e+00 2.265690565109252930e-01 8.022152709960937500e+01 5.662016868591308594e+00 4.387428760528564453e+00 2.265690565109252930e-01 8.022152709960937500e+01
1.300000000000000000e+04 4.580521106719970703e+00 4.004509925842285156e+00 1.867221295833587646e-01 8.004320526123046875e+01 4.580521106719970703e+00 4.004509925842285156e+00 1.867221295833587646e-01 8.004320526123046875e+01
1.400000000000000000e+04 3.798185825347900391e+00 3.661785840988159180e+00 1.535373330116271973e-01 7.988494110107421875e+01 3.798185825347900391e+00 3.661785840988159180e+00 1.535373330116271973e-01 7.988494110107421875e+01
1.500000000000000000e+04 3.231622457504272461e+00 3.378062486648559570e+00 1.289178282022476196e-01 7.973638153076171875e+01 3.231622457504272461e+00 3.378062486648559570e+00 1.289178282022476196e-01 7.973638153076171875e+01
1.600000000000000000e+04 2.811258316040039062e+00 3.151697158813476562e+00 1.099771410226821899e-01 7.959093475341796875e+01 2.811258316040039062e+00 3.151697158813476562e+00 1.099771410226821899e-01 7.959093475341796875e+01
1.700000000000000000e+04 2.495696783065795898e+00 2.974028587341308594e+00 9.676422923803329468e-02 7.944517517089843750e+01 2.495696783065795898e+00 2.974028587341308594e+00 9.676422923803329468e-02 7.944517517089843750e+01
1.800000000000000000e+04 2.247811079025268555e+00 2.830036878585815430e+00 8.666899055242538452e-02 7.929676818847656250e+01 2.247811079025268555e+00 2.830036878585815430e+00 8.666899055242538452e-02 7.929676818847656250e+01
1.900000000000000000e+04 2.288557767868041992e+00 2.726883888244628906e+00 7.001784443855285645e-02 7.915197753906250000e+01 2.288557767868041992e+00 2.726883888244628906e+00 7.001784443855285645e-02 7.915197753906250000e+01
2.000000000000000000e+04 1.897512078285217285e+00 2.620052576065063477e+00 7.396870851516723633e-02 7.900460052490234375e+01 1.897512078285217285e+00 2.620052576065063477e+00 7.396870851516723633e-02 7.900460052490234375e+01
