# step, loss_train, loss_test, metrics_test
0.000000000000000000e+00 1.198843619931722060e-06 2.717891311645507812e+01 2.416347167968750000e+03 2.284730682373046875e+02 1.198843619931722060e-06 2.717891311645507812e+01 2.416347167968750000e+03 2.284730682373046875e+02
1.000000000000000000e+03 4.253691434860229492e-01 2.426826667785644531e+01 3.563047485351562500e+02 2.243834686279296875e+02 4.253691434860229492e-01 2.426826667785644531e+01 3.563047485351562500e+02 2.243834686279296875e+02
2.000000000000000000e+03 5.873274803161621094e-01 4.857050704956054688e+01 1.234049510955810547e+01 2.054661712646484375e+02 5.873274803161621094e-01 4.857050704956054688e+01 1.234049510955810547e+01 2.054661712646484375e+02
3.000000000000000000e+03 5.277482271194458008e-01 4.802062988281250000e+01 1.295180416107177734e+01 2.039146270751953125e+02 5.277482271194458008e-01 4.802062988281250000e+01 1.295180416107177734e+01 2.039146270751953125e+02
4.000000000000000000e+03 4.988456964492797852e-01 4.700510406494140625e+01 1.346550846099853516e+01 2.030093688964843750e+02 4.988456964492797852e-01 4.700510406494140625e+01 1.346550846099853516e+01 2.030093688964843750e+02
5.000000000000000000e+03 5.287840366363525391e-01 4.568516540527343750e+01 1.340088462829589844e+01 2.021559295654296875e+02 5.287840366363525391e-01 4.568516540527343750e+01 1.340088462829589844e+01 2.021559295654296875e+02
6.000000000000000000e+03 1.471807837486267090e+00 4.252879714965820312e+01 1.331261634826660156e+01 2.016707611083984375e+02 1.471807837486267090e+00 4.252879714965820312e+01 1.331261634826660156e+01 2.016707611083984375e+02
7.000000000000000000e+03 1.593546986579895020e+00 4.151508331298828125e+01 1.338754749298095703e+01 2.011985626220703125e+02 1.593546986579895020e+00 4.151508331298828125e+01 1.338754749298095703e+01 2.011985626220703125e+02
8.000000000000000000e+03 1.451009392738342285e+00 4.086214447021484375e+01 1.332623004913330078e+01 2.009024353027343750e+02 1.451009392738342285e+00 4.086214447021484375e+01 1.332623004913330078e+01 2.009024353027343750e+02
9.000000000000000000e+03 1.683161139488220215e+00 3.442351913452148438e+01 1.193364906311035156e+01 2.021537322998046875e+02 1.683161139488220215e+00 3.442351913452148438e+01 1.193364906311035156e+01 2.021537322998046875e+02
1.000000000000000000e+04 1.593619227409362793e+00 1.764459800720214844e+01 4.673221588134765625e+00 2.097123565673828125e+02 1.593619227409362793e+00 1.764459800720214844e+01 4.673221588134765625e+00 2.097123565673828125e+02
1.100000000000000000e+04 1.032708883285522461e+00 1.606039428710937500e+01 3.340923309326171875e+00 2.097479858398437500e+02 1.032708883285522461e+00 1.606039428710937500e+01 3.340923309326171875e+00 2.097479858398437500e+02
1.200000000000000000e+04 9.242117404937744141e-01 1.542096710205078125e+01 2.577388286590576172e+00 2.092532043457031250e+02 9.242117404937744141e-01 1.542096710205078125e+01 2.577388286590576172e+00 2.092532043457031250e+02
1.300000000000000000e+04 8.984358906745910645e-01 1.386543464660644531e+01 2.109516620635986328e+00 2.087645111083984375e+02 8.984358906745910645e-01 1.386543464660644531e+01 2.109516620635986328e+00 2.087645111083984375e+02
1.400000000000000000e+04 1.085286378860473633e+00 8.888892173767089844e+00 1.189037322998046875e+00 2.092912750244140625e+02 1.085286378860473633e+00 8.888892173767089844e+00 1.189037322998046875e+00 2.092912750244140625e+02
1.500000000000000000e+04 1.123569846153259277e+00 5.538562774658203125e+00 8.086020350456237793e-01 2.086501617431640625e+02 1.123569846153259277e+00 5.538562774658203125e+00 8.086020350456237793e-01 2.086501617431640625e+02
1.600000000000000000e+04 1.059787869453430176e+00 4.804028987884521484e+00 7.403578162193298340e-01 2.066322479248046875e+02 1.059787869453430176e+00 4.804028987884521484e+00 7.403578162193298340e-01 2.066322479248046875e+02
1.700000000000000000e+04 8.778014183044433594e-01 5.039866447448730469e+00 7.051010131835937500e-01 2.043000946044921875e+02 8.778014183044433594e-01 5.039866447448730469e+00 7.051010131835937500e-01 2.043000946044921875e+02
1.800000000000000000e+04 7.800241112709045410e-01 5.579204082489013672e+00 1.033048391342163086e+00 2.019383087158203125e+02 7.800241112709045410e-01 5.579204082489013672e+00 1.033048391342163086e+00 2.019383087158203125e+02
1.900000000000000000e+04 7.776374220848083496e-01 5.994497776031494141e+00 5.906016230583190918e-01 2.012662353515625000e+02 7.776374220848083496e-01 5.994497776031494141e+00 5.906016230583190918e-01 2.012662353515625000e+02
2.000000000000000000e+04 7.378874421119689941e-01 6.254660129547119141e+00 6.581876873970031738e-01 1.992200012207031250e+02 7.378874421119689941e-01 6.254660129547119141e+00 6.581876873970031738e-01 1.992200012207031250e+02
