# step, loss_train, loss_test, metrics_test
0.000000000000000000e+00 5.706554565429687500e+02 2.573818016052246094e+01 7.807363281250000000e+03 2.931491394042968750e+02 5.706554565429687500e+02 2.573818016052246094e+01 7.807363281250000000e+03 2.931491394042968750e+02
1.000000000000000000e+03 1.061284446716308594e+01 1.221478939056396484e+00 1.016916394233703613e+00 1.195244522094726562e+02 1.061284446716308594e+01 1.221478939056396484e+00 1.016916394233703613e+00 1.195244522094726562e+02
2.000000000000000000e+03 2.776400327682495117e+00 1.001336574554443359e-01 1.514234662055969238e+00 5.784298324584960938e+01 2.776400327682495117e+00 1.001336574554443359e-01 1.514234662055969238e+00 5.784298324584960938e+01
3.000000000000000000e+03 2.969229221343994141e+00 1.550950258970260620e-01 8.885015487670898438e+00 7.908734321594238281e+00 2.969229221343994141e+00 1.550950258970260620e-01 8.885015487670898438e+00 7.908734321594238281e+00
4.000000000000000000e+03 1.208661317825317383e+00 7.737881690263748169e-02 1.124552249908447266e+01 5.931178092956542969e+00 1.208661317825317383e+00 7.737881690263748169e-02 1.124552249908447266e+01 5.931178092956542969e+00
5.000000000000000000e+03 1.916011691093444824e+00 1.940209150314331055e+00 3.192312717437744141e+00 2.423786401748657227e+00 1.916011691093444824e+00 1.940209150314331055e+00 3.192312717437744141e+00 2.423786401748657227e+00
6.000000000000000000e+03 1.791934967041015625e+00 3.625277429819107056e-02 7.536061763763427734e+00 6.375683784484863281e+00 1.791934967041015625e+00 3.625277429819107056e-02 7.536061763763427734e+00 6.375683784484863281e+00
7.000000000000000000e+03 1.730983924865722656e+01 4.207277894020080566e-01 1.770173072814941406e+01 9.519543647766113281e+00 1.730983924865722656e+01 4.207277894020080566e-01 1.770173072814941406e+01 9.519543647766113281e+00
8.000000000000000000e+03 2.603255510330200195e-01 2.849146351218223572e-02 3.181946039199829102e+00 1.559834241867065430e+00 2.603255510330200195e-01 2.849146351218223572e-02 3.181946039199829102e+00 1.559834241867065430e+00
9.000000000000000000e+03 2.708356380462646484e+00 4.029222950339317322e-02 9.407659530639648438e+00 1.613604784011840820e+00 2.708356380462646484e+00 4.029222950339317322e-02 9.407659530639648438e+00 1.613604784011840820e+00
1.000000000000000000e+04 1.406686544418334961e+00 2.920295670628547668e-02 1.966398239135742188e+00 2.317434549331665039e+00 1.406686544418334961e+00 2.920295670628547668e-02 1.966398239135742188e+00 2.317434549331665039e+00
1.100000000000000000e+04 7.835134118795394897e-02 3.933909907937049866e-02 9.713944196701049805e-01 1.059593796730041504e+00 7.835134118795394897e-02 3.933909907937049866e-02 9.713944196701049805e-01 1.059593796730041504e+00
1.200000000000000000e+04 9.983271360397338867e-02 5.017035454511642456e-02 3.833943009376525879e-01 1.293362975120544434e+00 9.983271360397338867e-02 5.017035454511642456e-02 3.833943009376525879e-01 1.293362975120544434e+00
1.300000000000000000e+04 1.726186722517013550e-01 3.152742050588130951e-03 5.832276344299316406e-01 1.061686396598815918e+00 1.726186722517013550e-01 3.152742050588130951e-03 5.832276344299316406e-01 1.061686396598815918e+00
1.400000000000000000e+04 3.776263594627380371e-01 1.278934651054441929e-03 2.161615848541259766e+00 1.221130132675170898e+00 3.776263594627380371e-01 1.278934651054441929e-03 2.161615848541259766e+00 1.221130132675170898e+00
1.500000000000000000e+04 1.106686890125274658e-01 1.921813376247882843e-02 2.110312938690185547e+00 3.386567592620849609e+00 1.106686890125274658e-01 1.921813376247882843e-02 2.110312938690185547e+00 3.386567592620849609e+00
1.600000000000000000e+04 2.129323005676269531e+00 3.829526901245117188e-02 1.870846939086914062e+01 1.499944329261779785e+00 2.129323005676269531e+00 3.829526901245117188e-02 1.870846939086914062e+01 1.499944329261779785e+00
1.700000000000000000e+04 3.089864850044250488e-01 3.339531249366700649e-04 6.783866286277770996e-01 8.446087837219238281e-01 3.089864850044250488e-01 3.339531249366700649e-04 6.783866286277770996e-01 8.446087837219238281e-01
1.800000000000000000e+04 2.840407133102416992e+00 2.093914430588483810e-03 5.890428066253662109e+00 9.845408201217651367e-01 2.840407133102416992e+00 2.093914430588483810e-03 5.890428066253662109e+00 9.845408201217651367e-01
1.900000000000000000e+04 5.638212338089942932e-02 1.021567964926362038e-03 6.483203768730163574e-01 8.644034862518310547e-01 5.638212338089942932e-02 1.021567964926362038e-03 6.483203768730163574e-01 8.644034862518310547e-01
2.000000000000000000e+04 6.308393925428390503e-02 6.731940084137022495e-04 2.373175323009490967e-01 7.479292154312133789e-01 6.308393925428390503e-02 6.731940084137022495e-04 2.373175323009490967e-01 7.479292154312133789e-01
