# step, loss_train, loss_test, metrics_test
0.000000000000000000e+00 3.258989378809928894e-02 1.805372161865234375e+02 1.440647656250000000e+04 5.191577148437500000e+02 3.258989378809928894e-02 1.805372161865234375e+02 1.440647656250000000e+04 5.191577148437500000e+02
1.000000000000000000e+03 8.870439231395721436e-02 1.627905082702636719e+01 1.294108520507812500e+03 3.589655761718750000e+02 8.870439231395721436e-02 1.627905082702636719e+01 1.294108520507812500e+03 3.589655761718750000e+02
2.000000000000000000e+03 1.944913417100906372e-01 1.601461029052734375e+01 1.231349853515625000e+03 3.589205932617187500e+02 1.944913417100906372e-01 1.601461029052734375e+01 1.231349853515625000e+03 3.589205932617187500e+02
3.000000000000000000e+03 4.599456191062927246e-01 1.702694320678710938e+01 8.240245361328125000e+02 3.621635437011718750e+02 4.599456191062927246e-01 1.702694320678710938e+01 8.240245361328125000e+02 3.621635437011718750e+02
4.000000000000000000e+03 1.921632528305053711e+00 2.305059432983398438e+01 6.084282836914062500e+02 3.716132507324218750e+02 1.921632528305053711e+00 2.305059432983398438e+01 6.084282836914062500e+02 3.716132507324218750e+02
5.000000000000000000e+03 1.878797292709350586e+00 2.536916923522949219e+01 3.150863037109375000e+02 3.754332885742187500e+02 1.878797292709350586e+00 2.536916923522949219e+01 3.150863037109375000e+02 3.754332885742187500e+02
6.000000000000000000e+03 5.443469285964965820e-01 3.989997482299804688e+01 1.042766189575195312e+01 3.622933654785156250e+02 5.443469285964965820e-01 3.989997482299804688e+01 1.042766189575195312e+01 3.622933654785156250e+02
7.000000000000000000e+03 5.886219739913940430e-01 4.281909561157226562e+01 7.834642410278320312e+00 3.433498535156250000e+02 5.886219739913940430e-01 4.281909561157226562e+01 7.834642410278320312e+00 3.433498535156250000e+02
8.000000000000000000e+03 8.548493981361389160e-01 4.518101501464843750e+01 8.004152297973632812e+00 3.300493164062500000e+02 8.548493981361389160e-01 4.518101501464843750e+01 8.004152297973632812e+00 3.300493164062500000e+02
9.000000000000000000e+03 9.716145396232604980e-01 4.633293914794921875e+01 8.349650382995605469e+00 3.226735229492187500e+02 9.716145396232604980e-01 4.633293914794921875e+01 8.349650382995605469e+00 3.226735229492187500e+02
1.000000000000000000e+04 1.022220730781555176e+00 4.515925979614257812e+01 8.140337944030761719e+00 3.194761352539062500e+02 1.022220730781555176e+00 4.515925979614257812e+01 8.140337944030761719e+00 3.194761352539062500e+02
1.100000000000000000e+04 1.030210018157958984e+00 4.184028625488281250e+01 7.103395938873291016e+00 3.180871276855468750e+02 1.030210018157958984e+00 4.184028625488281250e+01 7.103395938873291016e+00 3.180871276855468750e+02
1.200000000000000000e+04 8.961519002914428711e-01 3.658401870727539062e+01 4.735110282897949219e+00 3.172648010253906250e+02 8.961519002914428711e-01 3.658401870727539062e+01 4.735110282897949219e+00 3.172648010253906250e+02
1.300000000000000000e+04 6.425398588180541992e-01 2.977532196044921875e+01 2.078012943267822266e+00 3.169954833984375000e+02 6.425398588180541992e-01 2.977532196044921875e+01 2.078012943267822266e+00 3.169954833984375000e+02
1.400000000000000000e+04 4.405220746994018555e-01 2.526518630981445312e+01 1.390252590179443359e+00 3.157098083496093750e+02 4.405220746994018555e-01 2.526518630981445312e+01 1.390252590179443359e+00 3.157098083496093750e+02
1.500000000000000000e+04 4.442354142665863037e-01 2.220990180969238281e+01 1.366406321525573730e+00 3.124149169921875000e+02 4.442354142665863037e-01 2.220990180969238281e+01 1.366406321525573730e+00 3.124149169921875000e+02
1.600000000000000000e+04 6.778169870376586914e-01 1.924013900756835938e+01 1.447852492332458496e+00 3.079902343750000000e+02 6.778169870376586914e-01 1.924013900756835938e+01 1.447852492332458496e+00 3.079902343750000000e+02
1.700000000000000000e+04 8.913413286209106445e-01 1.760943222045898438e+01 1.686240673065185547e+00 3.037473754882812500e+02 8.913413286209106445e-01 1.760943222045898438e+01 1.686240673065185547e+00 3.037473754882812500e+02
1.800000000000000000e+04 8.258515000343322754e-01 1.708147430419921875e+01 1.844404220581054688e+00 3.008241577148437500e+02 8.258515000343322754e-01 1.708147430419921875e+01 1.844404220581054688e+00 3.008241577148437500e+02
1.900000000000000000e+04 7.061286568641662598e-01 1.689839172363281250e+01 1.825724840164184570e+00 2.985631408691406250e+02 7.061286568641662598e-01 1.689839172363281250e+01 1.825724840164184570e+00 2.985631408691406250e+02
2.000000000000000000e+04 6.510574817657470703e-01 1.677011299133300781e+01 1.885284662246704102e+00 2.964999694824218750e+02 6.510574817657470703e-01 1.677011299133300781e+01 1.885284662246704102e+00 2.964999694824218750e+02
