# step, loss_train, loss_test, metrics_test
0.000000000000000000e+00 3.558410704135894775e-01 3.246910095214843750e+01 1.024896850585937500e+03 1.459127044677734375e+02 3.558410704135894775e-01 3.246910095214843750e+01 1.024896850585937500e+03 1.459127044677734375e+02
1.000000000000000000e+03 1.683013737201690674e-01 3.885509490966796875e+00 1.356197237968444824e+00 1.292466583251953125e+02 1.683013737201690674e-01 3.885509490966796875e+00 1.356197237968444824e+00 1.292466583251953125e+02
2.000000000000000000e+03 1.371349334716796875e+01 7.019450187683105469e+00 4.309755325317382812e+00 7.851108551025390625e+01 1.371349334716796875e+01 7.019450187683105469e+00 4.309755325317382812e+00 7.851108551025390625e+01
3.000000000000000000e+03 4.895915031433105469e+00 7.133662700653076172e+00 3.938757419586181641e+00 3.119609642028808594e+01 4.895915031433105469e+00 7.133662700653076172e+00 3.938757419586181641e+00 3.119609642028808594e+01
4.000000000000000000e+03 8.244822692871093750e+01 2.789404630661010742e+00 1.575070977210998535e+00 4.752871513366699219e+00 8.244822692871093750e+01 2.789404630661010742e+00 1.575070977210998535e+00 4.752871513366699219e+00
5.000000000000000000e+03 1.990913033485412598e+00 2.395060300827026367e+00 7.141517400741577148e-01 7.892878532409667969e+00 1.990913033485412598e+00 2.395060300827026367e+00 7.141517400741577148e-01 7.892878532409667969e+00
6.000000000000000000e+03 5.774980783462524414e-01 1.660575389862060547e+00 5.151500105857849121e-01 2.893593072891235352e+00 5.774980783462524414e-01 1.660575389862060547e+00 5.151500105857849121e-01 2.893593072891235352e+00
7.000000000000000000e+03 4.062462449073791504e-01 1.629235148429870605e+00 2.928206920623779297e-01 4.975663185119628906e+00 4.062462449073791504e-01 1.629235148429870605e+00 2.928206920623779297e-01 4.975663185119628906e+00
8.000000000000000000e+03 2.988552749156951904e-01 1.289446115493774414e+00 2.888370156288146973e-01 2.878725290298461914e+00 2.988552749156951904e-01 1.289446115493774414e+00 2.888370156288146973e-01 2.878725290298461914e+00
9.000000000000000000e+03 2.289471924304962158e-01 9.110967516899108887e-01 2.541678547859191895e-01 1.721613645553588867e+00 2.289471924304962158e-01 9.110967516899108887e-01 2.541678547859191895e-01 1.721613645553588867e+00
1.000000000000000000e+04 2.687196433544158936e-01 8.225247859954833984e-01 2.183397412300109863e-01 1.734656453132629395e+00 2.687196433544158936e-01 8.225247859954833984e-01 2.183397412300109863e-01 1.734656453132629395e+00
1.100000000000000000e+04 5.880932807922363281e-01 8.067765831947326660e-01 2.319612056016921997e-01 2.000270366668701172e+00 5.880932807922363281e-01 8.067765831947326660e-01 2.319612056016921997e-01 2.000270366668701172e+00
1.200000000000000000e+04 7.064019012451171875e+01 1.337483644485473633e+00 3.929606437683105469e+00 1.808305621147155762e+00 7.064019012451171875e+01 1.337483644485473633e+00 3.929606437683105469e+00 1.808305621147155762e+00
1.300000000000000000e+04 9.771990776062011719e+00 7.584140300750732422e-01 8.735267519950866699e-01 1.728822231292724609e+00 9.771990776062011719e+00 7.584140300750732422e-01 8.735267519950866699e-01 1.728822231292724609e+00
1.400000000000000000e+04 3.796091675758361816e-01 6.309817433357238770e-01 2.099896520376205444e-01 1.457852959632873535e+00 3.796091675758361816e-01 6.309817433357238770e-01 2.099896520376205444e-01 1.457852959632873535e+00
1.500000000000000000e+04 8.043859481811523438e+00 8.612855076789855957e-01 7.846339344978332520e-01 3.202342271804809570e+00 8.043859481811523438e+00 8.612855076789855957e-01 7.846339344978332520e-01 3.202342271804809570e+00
1.600000000000000000e+04 2.107409715652465820e+00 4.884823560714721680e-01 1.723076701164245605e-01 1.762936949729919434e+00 2.107409715652465820e+00 4.884823560714721680e-01 1.723076701164245605e-01 1.762936949729919434e+00
1.700000000000000000e+04 1.764411544799804688e+01 3.879849314689636230e-01 1.412697315216064453e+00 1.150589823722839355e+00 1.764411544799804688e+01 3.879849314689636230e-01 1.412697315216064453e+00 1.150589823722839355e+00
1.800000000000000000e+04 3.834229111671447754e-01 1.973223388195037842e-01 8.826376497745513916e-02 9.941657781600952148e-01 3.834229111671447754e-01 1.973223388195037842e-01 8.826376497745513916e-02 9.941657781600952148e-01
1.900000000000000000e+04 1.839034318923950195e+00 1.127973571419715881e-01 1.358860135078430176e-01 7.947934865951538086e-01 1.839034318923950195e+00 1.127973571419715881e-01 1.358860135078430176e-01 7.947934865951538086e-01
2.000000000000000000e+04 1.197916120290756226e-01 8.185374736785888672e-02 9.075614809989929199e-02 7.874970436096191406e-01 1.197916120290756226e-01 8.185374736785888672e-02 9.075614809989929199e-02 7.874970436096191406e-01
