# step, loss_train, loss_test, metrics_test
0.000000000000000000e+00 1.121273880004882812e+02 2.153498458862304688e+01 2.324867675781250000e+03 8.412301635742187500e+01 1.121273880004882812e+02 2.153498458862304688e+01 2.324867675781250000e+03 8.412301635742187500e+01
1.000000000000000000e+03 3.722399902343750000e+01 1.837239646911621094e+01 3.260862112045288086e+00 8.179698944091796875e+01 3.722399902343750000e+01 1.837239646911621094e+01 3.260862112045288086e+00 8.179698944091796875e+01
2.000000000000000000e+03 1.120293521881103516e+01 9.039828300476074219e+00 3.739702701568603516e-01 7.598247528076171875e+01 1.120293521881103516e+01 9.039828300476074219e+00 3.739702701568603516e-01 7.598247528076171875e+01
3.000000000000000000e+03 5.501412391662597656e+00 4.721585273742675781e+00 1.895665228366851807e-01 7.335577392578125000e+01 5.501412391662597656e+00 4.721585273742675781e+00 1.895665228366851807e-01 7.335577392578125000e+01
4.000000000000000000e+03 3.465180158615112305e+00 2.950336933135986328e+00 4.439293593168258667e-02 6.929485321044921875e+01 3.465180158615112305e+00 2.950336933135986328e+00 4.439293593168258667e-02 6.929485321044921875e+01
5.000000000000000000e+03 3.761228084564208984e+00 1.855772256851196289e+00 2.860122546553611755e-02 6.226722717285156250e+01 3.761228084564208984e+00 1.855772256851196289e+00 2.860122546553611755e-02 6.226722717285156250e+01
6.000000000000000000e+03 3.476939201354980469e+00 1.080715417861938477e+00 1.804542392492294312e-01 5.007483673095703125e+01 3.476939201354980469e+00 1.080715417861938477e+00 1.804542392492294312e-01 5.007483673095703125e+01
7.000000000000000000e+03 3.253525972366333008e+00 3.327491283416748047e-01 3.611367940902709961e-01 3.778830337524414062e+01 3.253525972366333008e+00 3.327491283416748047e-01 3.611367940902709961e-01 3.778830337524414062e+01
8.000000000000000000e+03 3.358032464981079102e+00 1.572048813104629517e-01 2.302589267492294312e-01 2.750963973999023438e+01 3.358032464981079102e+00 1.572048813104629517e-01 2.302589267492294312e-01 2.750963973999023438e+01
9.000000000000000000e+03 2.876339435577392578e+00 3.154423087835311890e-02 8.558904379606246948e-02 1.334117984771728516e+01 2.876339435577392578e+00 3.154423087835311890e-02 8.558904379606246948e-02 1.334117984771728516e+01
1.000000000000000000e+04 2.291063785552978516e+00 1.829458959400653839e-02 1.228960752487182617e-01 7.613812923431396484e+00 2.291063785552978516e+00 1.829458959400653839e-02 1.228960752487182617e-01 7.613812923431396484e+00
1.100000000000000000e+04 1.657793045043945312e+00 7.571463473141193390e-03 1.353445351123809814e-01 5.758547782897949219e+00 1.657793045043945312e+00 7.571463473141193390e-03 1.353445351123809814e-01 5.758547782897949219e+00
1.200000000000000000e+04 1.266834735870361328e+00 4.672534298151731491e-03 1.210763007402420044e-01 4.325397014617919922e+00 1.266834735870361328e+00 4.672534298151731491e-03 1.210763007402420044e-01 4.325397014617919922e+00
1.300000000000000000e+04 1.025030851364135742e+00 1.558310468681156635e-03 9.345538169145584106e-02 3.103374242782592773e+00 1.025030851364135742e+00 1.558310468681156635e-03 9.345538169145584106e-02 3.103374242782592773e+00
1.400000000000000000e+04 7.363911271095275879e-01 8.512850617989897728e-04 1.101435441523790359e-02 2.317255496978759766e+00 7.363911271095275879e-01 8.512850617989897728e-04 1.101435441523790359e-02 2.317255496978759766e+00
1.500000000000000000e+04 6.665170192718505859e-01 1.400090986862778664e-03 5.554451942443847656e-01 1.833016037940979004e+00 6.665170192718505859e-01 1.400090986862778664e-03 5.554451942443847656e-01 1.833016037940979004e+00
1.600000000000000000e+04 5.085743069648742676e-01 4.419428296387195587e-04 1.320530381053686142e-02 1.432682991027832031e+00 5.085743069648742676e-01 4.419428296387195587e-04 1.320530381053686142e-02 1.432682991027832031e+00
1.700000000000000000e+04 4.020685851573944092e-01 3.764444845728576183e-04 9.379754774272441864e-04 1.152989029884338379e+00 4.020685851573944092e-01 3.764444845728576183e-04 9.379754774272441864e-04 1.152989029884338379e+00
1.800000000000000000e+04 3.866544663906097412e-01 5.864009144715964794e-04 6.454868912696838379e-01 9.666395783424377441e-01 3.866544663906097412e-01 5.864009144715964794e-04 6.454868912696838379e-01 9.666395783424377441e-01
1.900000000000000000e+04 3.138323426246643066e-01 1.932428713189437985e-04 1.219996344298124313e-02 7.898387908935546875e-01 3.138323426246643066e-01 1.932428713189437985e-04 1.219996344298124313e-02 7.898387908935546875e-01
2.000000000000000000e+04 2.804550528526306152e-01 6.098298763390630484e-05 2.037969185039401054e-03 6.818498373031616211e-01 2.804550528526306152e-01 6.098298763390630484e-05 2.037969185039401054e-03 6.818498373031616211e-01
