# step, loss_train, loss_test, metrics_test
0.000000000000000000e+00 0.000000000000000000e+00 4.718565368652343750e+01 0.000000000000000000e+00 4.474331970214843750e+02 0.000000000000000000e+00 4.718565368652343750e+01 0.000000000000000000e+00 4.474331970214843750e+02
1.000000000000000000e+03 0.000000000000000000e+00 6.965388357639312744e-02 0.000000000000000000e+00 1.251122593879699707e+00 0.000000000000000000e+00 6.965388357639312744e-02 0.000000000000000000e+00 1.251122593879699707e+00
2.000000000000000000e+03 0.000000000000000000e+00 1.896484047174453735e-01 0.000000000000000000e+00 1.120498538017272949e+00 0.000000000000000000e+00 1.896484047174453735e-01 0.000000000000000000e+00 1.120498538017272949e+00
3.000000000000000000e+03 0.000000000000000000e+00 1.709220695495605469e+01 0.000000000000000000e+00 4.246088867187500000e+02 0.000000000000000000e+00 1.709220695495605469e+01 0.000000000000000000e+00 4.246088867187500000e+02
4.000000000000000000e+03 0.000000000000000000e+00 1.694351005554199219e+01 0.000000000000000000e+00 4.244006652832031250e+02 0.000000000000000000e+00 1.694351005554199219e+01 0.000000000000000000e+00 4.244006652832031250e+02
5.000000000000000000e+03 0.000000000000000000e+00 1.694351005554199219e+01 0.000000000000000000e+00 4.244006652832031250e+02 0.000000000000000000e+00 1.694351005554199219e+01 0.000000000000000000e+00 4.244006652832031250e+02
6.000000000000000000e+03 0.000000000000000000e+00 1.694351005554199219e+01 0.000000000000000000e+00 4.244006652832031250e+02 0.000000000000000000e+00 1.694351005554199219e+01 0.000000000000000000e+00 4.244006652832031250e+02
7.000000000000000000e+03 0.000000000000000000e+00 1.694351005554199219e+01 0.000000000000000000e+00 4.244006652832031250e+02 0.000000000000000000e+00 1.694351005554199219e+01 0.000000000000000000e+00 4.244006652832031250e+02
8.000000000000000000e+03 0.000000000000000000e+00 1.694351005554199219e+01 0.000000000000000000e+00 4.244006958007812500e+02 0.000000000000000000e+00 1.694351005554199219e+01 0.000000000000000000e+00 4.244006958007812500e+02
9.000000000000000000e+03 0.000000000000000000e+00 1.694351005554199219e+01 0.000000000000000000e+00 4.244006652832031250e+02 0.000000000000000000e+00 1.694351005554199219e+01 0.000000000000000000e+00 4.244006652832031250e+02
1.000000000000000000e+04 0.000000000000000000e+00 1.694351005554199219e+01 0.000000000000000000e+00 4.244006652832031250e+02 0.000000000000000000e+00 1.694351005554199219e+01 0.000000000000000000e+00 4.244006652832031250e+02
1.100000000000000000e+04 0.000000000000000000e+00 1.694357872009277344e+01 0.000000000000000000e+00 4.244006652832031250e+02 0.000000000000000000e+00 1.694357872009277344e+01 0.000000000000000000e+00 4.244006652832031250e+02
1.200000000000000000e+04 0.000000000000000000e+00 1.694350814819335938e+01 0.000000000000000000e+00 4.244006958007812500e+02 0.000000000000000000e+00 1.694350814819335938e+01 0.000000000000000000e+00 4.244006958007812500e+02
1.300000000000000000e+04 0.000000000000000000e+00 1.694351196289062500e+01 0.000000000000000000e+00 4.244006958007812500e+02 0.000000000000000000e+00 1.694351196289062500e+01 0.000000000000000000e+00 4.244006958007812500e+02
1.400000000000000000e+04 0.000000000000000000e+00 1.694291877746582031e+01 0.000000000000000000e+00 4.244013061523437500e+02 0.000000000000000000e+00 1.694291877746582031e+01 0.000000000000000000e+00 4.244013061523437500e+02
1.500000000000000000e+04 0.000000000000000000e+00 1.694525909423828125e+01 0.000000000000000000e+00 4.243992614746093750e+02 0.000000000000000000e+00 1.694525909423828125e+01 0.000000000000000000e+00 4.243992614746093750e+02
1.600000000000000000e+04 0.000000000000000000e+00 1.694350814819335938e+01 0.000000000000000000e+00 4.244006958007812500e+02 0.000000000000000000e+00 1.694350814819335938e+01 0.000000000000000000e+00 4.244006958007812500e+02
1.700000000000000000e+04 0.000000000000000000e+00 1.694352722167968750e+01 0.000000000000000000e+00 4.244006652832031250e+02 0.000000000000000000e+00 1.694352722167968750e+01 0.000000000000000000e+00 4.244006652832031250e+02
1.800000000000000000e+04 0.000000000000000000e+00 1.694346046447753906e+01 0.000000000000000000e+00 4.244007568359375000e+02 0.000000000000000000e+00 1.694346046447753906e+01 0.000000000000000000e+00 4.244007568359375000e+02
1.900000000000000000e+04 0.000000000000000000e+00 1.694349288940429688e+01 0.000000000000000000e+00 4.244007568359375000e+02 0.000000000000000000e+00 1.694349288940429688e+01 0.000000000000000000e+00 4.244007568359375000e+02
2.000000000000000000e+04 0.000000000000000000e+00 1.694358825683593750e+01 0.000000000000000000e+00 4.244006042480468750e+02 0.000000000000000000e+00 1.694358825683593750e+01 0.000000000000000000e+00 4.244006042480468750e+02
