# step, loss_train, loss_test, metrics_test
0.000000000000000000e+00 5.057923197746276855e-01 3.426870346069335938e+01 7.362499511718750000e+03 0.000000000000000000e+00 5.057923197746276855e-01 3.426870346069335938e+01 7.362499511718750000e+03 0.000000000000000000e+00
1.000000000000000000e+03 1.192814707756042480e-01 2.330589103698730469e+01 2.309007346630096436e-01 0.000000000000000000e+00 1.192814707756042480e-01 2.330589103698730469e+01 2.309007346630096436e-01 0.000000000000000000e+00
2.000000000000000000e+03 6.323918700218200684e-02 2.981579780578613281e+00 4.014627635478973389e-02 0.000000000000000000e+00 6.323918700218200684e-02 2.981579780578613281e+00 4.014627635478973389e-02 0.000000000000000000e+00
3.000000000000000000e+03 3.000380098819732666e-02 7.092557102441787720e-02 3.192080929875373840e-02 0.000000000000000000e+00 3.000380098819732666e-02 7.092557102441787720e-02 3.192080929875373840e-02 0.000000000000000000e+00
4.000000000000000000e+03 6.918235868215560913e-02 4.473683983087539673e-02 1.357678771018981934e-01 0.000000000000000000e+00 6.918235868215560913e-02 4.473683983087539673e-02 1.357678771018981934e-01 0.000000000000000000e+00
5.000000000000000000e+03 1.659959793090820312e+00 2.145343124866485596e-01 2.744698524475097656e-01 0.000000000000000000e+00 1.659959793090820312e+00 2.145343124866485596e-01 2.744698524475097656e-01 0.000000000000000000e+00
6.000000000000000000e+03 1.271442174911499023e-01 1.411833148449659348e-02 3.010531663894653320e-01 0.000000000000000000e+00 1.271442174911499023e-01 1.411833148449659348e-02 3.010531663894653320e-01 0.000000000000000000e+00
7.000000000000000000e+03 4.717967212200164795e-01 2.749537490308284760e-02 2.081723928451538086e+00 0.000000000000000000e+00 4.717967212200164795e-01 2.749537490308284760e-02 2.081723928451538086e+00 0.000000000000000000e+00
8.000000000000000000e+03 1.965998858213424683e-02 2.031432231888175011e-03 2.384440302848815918e-01 0.000000000000000000e+00 1.965998858213424683e-02 2.031432231888175011e-03 2.384440302848815918e-01 0.000000000000000000e+00
9.000000000000000000e+03 1.316659748554229736e-01 2.458030357956886292e-03 2.144436538219451904e-01 0.000000000000000000e+00 1.316659748554229736e-01 2.458030357956886292e-03 2.144436538219451904e-01 0.000000000000000000e+00
1.000000000000000000e+04 4.423330307006835938e+00 1.454390144348144531e+01 8.462165594100952148e-01 0.000000000000000000e+00 4.423330307006835938e+00 1.454390144348144531e+01 8.462165594100952148e-01 0.000000000000000000e+00
1.100000000000000000e+04 1.817301869392395020e+00 5.200576305389404297e+00 4.054880142211914062e-01 0.000000000000000000e+00 1.817301869392395020e+00 5.200576305389404297e+00 4.054880142211914062e-01 0.000000000000000000e+00
1.200000000000000000e+04 1.087647199630737305e+00 9.213436245918273926e-01 3.275542259216308594e-01 0.000000000000000000e+00 1.087647199630737305e+00 9.213436245918273926e-01 3.275542259216308594e-01 0.000000000000000000e+00
1.300000000000000000e+04 7.454177737236022949e-01 3.361375927925109863e-01 3.289835155010223389e-01 0.000000000000000000e+00 7.454177737236022949e-01 3.361375927925109863e-01 3.289835155010223389e-01 0.000000000000000000e+00
1.400000000000000000e+04 4.930432140827178955e-01 2.035455703735351562e-01 1.206649541854858398e-01 0.000000000000000000e+00 4.930432140827178955e-01 2.035455703735351562e-01 1.206649541854858398e-01 0.000000000000000000e+00
1.500000000000000000e+04 2.692178189754486084e-01 4.005766659975051880e-02 4.145734012126922607e-02 0.000000000000000000e+00 2.692178189754486084e-01 4.005766659975051880e-02 4.145734012126922607e-02 0.000000000000000000e+00
1.600000000000000000e+04 2.815591990947723389e-01 6.951511651277542114e-02 2.526105642318725586e-01 0.000000000000000000e+00 2.815591990947723389e-01 6.951511651277542114e-02 2.526105642318725586e-01 0.000000000000000000e+00
1.700000000000000000e+04 1.856208294630050659e-01 4.284797981381416321e-02 1.118494477123022079e-02 0.000000000000000000e+00 1.856208294630050659e-01 4.284797981381416321e-02 1.118494477123022079e-02 0.000000000000000000e+00
1.800000000000000000e+04 2.390467375516891479e-01 4.247746244072914124e-02 2.821817100048065186e-01 0.000000000000000000e+00 2.390467375516891479e-01 4.247746244072914124e-02 2.821817100048065186e-01 0.000000000000000000e+00
1.900000000000000000e+04 2.562267482280731201e-01 6.907910108566284180e-02 4.790517687797546387e-02 0.000000000000000000e+00 2.562267482280731201e-01 6.907910108566284180e-02 4.790517687797546387e-02 0.000000000000000000e+00
2.000000000000000000e+04 6.036333560943603516e+00 4.984659576416015625e+01 2.037326574325561523e+00 0.000000000000000000e+00 6.036333560943603516e+00 4.984659576416015625e+01 2.037326574325561523e+00 0.000000000000000000e+00
