# step, loss_train, loss_test, metrics_test
0.000000000000000000e+00 1.561470312500000000e+04 1.209294509887695312e+02 4.440000781250000000e+04 6.425790405273437500e+02 1.561470312500000000e+04 1.209294509887695312e+02 4.440000781250000000e+04 6.425790405273437500e+02
1.000000000000000000e+03 1.052905464172363281e+01 7.348080635070800781e+00 5.625206828117370605e-01 3.286858215332031250e+02 1.052905464172363281e+01 7.348080635070800781e+00 5.625206828117370605e-01 3.286858215332031250e+02
2.000000000000000000e+03 9.566279053688049316e-01 1.651722908020019531e+01 2.848746582031250000e+03 4.181988220214843750e+02 9.566279053688049316e-01 1.651722908020019531e+01 2.848746582031250000e+03 4.181988220214843750e+02
3.000000000000000000e+03 9.599671512842178345e-02 1.651692771911621094e+01 2.848754882812500000e+03 4.181984863281250000e+02 9.599671512842178345e-02 1.651692771911621094e+01 2.848754882812500000e+03 4.181984863281250000e+02
4.000000000000000000e+03 2.649163437500000000e+05 1.651366233825683594e+01 2.837986328125000000e+03 4.181956481933593750e+02 2.649163437500000000e+05 1.651366233825683594e+01 2.837986328125000000e+03 4.181956481933593750e+02
5.000000000000000000e+03 6.598944216966629028e-02 1.651698493957519531e+01 2.848814697265625000e+03 4.181985778808593750e+02 6.598944216966629028e-02 1.651698493957519531e+01 2.848814697265625000e+03 4.181985778808593750e+02
6.000000000000000000e+03 3.967724687500000000e+05 1.651079177856445312e+01 2.775189941406250000e+03 4.181861572265625000e+02 3.967724687500000000e+05 1.651079177856445312e+01 2.775189941406250000e+03 4.181861572265625000e+02
7.000000000000000000e+03 4.287940400000000000e+07 1.591176128387451172e+01 2.796854492187500000e+03 4.175510864257812500e+02 4.287940400000000000e+07 1.591176128387451172e+01 2.796854492187500000e+03 4.175510864257812500e+02
8.000000000000000000e+03 4.133850336074829102e-03 1.651678466796875000e+01 2.848938964843750000e+03 4.181983642578125000e+02 4.133850336074829102e-03 1.651678466796875000e+01 2.848938964843750000e+03 4.181983642578125000e+02
9.000000000000000000e+03 4.133849404752254486e-03 1.651678466796875000e+01 2.848938964843750000e+03 4.181983642578125000e+02 4.133849404752254486e-03 1.651678466796875000e+01 2.848938964843750000e+03 4.181983642578125000e+02
1.000000000000000000e+04 3.662537890625000000e+04 1.650769042968750000e+01 2.850447265625000000e+03 4.181886901855468750e+02 3.662537890625000000e+04 1.650769042968750000e+01 2.850447265625000000e+03 4.181886901855468750e+02
1.100000000000000000e+04 4.724986400000000000e+07 1.651714515686035156e+01 2.972473144531250000e+03 4.181910095214843750e+02 4.724986400000000000e+07 1.651714515686035156e+01 2.972473144531250000e+03 4.181910095214843750e+02
1.200000000000000000e+04 7.626100000000000000e+05 1.651711654663085938e+01 2.857777343750000000e+03 4.181968383789062500e+02 7.626100000000000000e+05 1.651711654663085938e+01 2.857777343750000000e+03 4.181968383789062500e+02
1.300000000000000000e+04 1.401124405674636364e-03 1.651715469360351562e+01 2.848943359375000000e+03 4.181987915039062500e+02 1.401124405674636364e-03 1.651715469360351562e+01 2.848943359375000000e+03 4.181987915039062500e+02
1.400000000000000000e+04 1.401120796799659729e-03 1.651682281494140625e+01 2.848944335937500000e+03 4.181984558105468750e+02 1.401120796799659729e-03 1.651682281494140625e+01 2.848944335937500000e+03 4.181984558105468750e+02
1.500000000000000000e+04 5.129018750000000000e+05 1.652353286743164062e+01 2.851619873046875000e+03 4.182051086425781250e+02 5.129018750000000000e+05 1.652353286743164062e+01 2.851619873046875000e+03 4.182051086425781250e+02
1.600000000000000000e+04 1.472229138016700745e-03 1.651679229736328125e+01 2.848944335937500000e+03 4.181983642578125000e+02 1.472229138016700745e-03 1.651679229736328125e+01 2.848944335937500000e+03 4.181983642578125000e+02
1.700000000000000000e+04 1.475352793931961060e-03 1.651679229736328125e+01 2.848944335937500000e+03 4.181983642578125000e+02 1.475352793931961060e-03 1.651679229736328125e+01 2.848944335937500000e+03 4.181983642578125000e+02
1.800000000000000000e+04 1.829778659157454967e-03 1.651679229736328125e+01 2.848942871093750000e+03 4.181983642578125000e+02 1.829778659157454967e-03 1.651679229736328125e+01 2.848942871093750000e+03 4.181983642578125000e+02
1.900000000000000000e+04 1.850224449299275875e-03 1.651679229736328125e+01 2.848942871093750000e+03 4.181983642578125000e+02 1.850224449299275875e-03 1.651679229736328125e+01 2.848942871093750000e+03 4.181983642578125000e+02
2.000000000000000000e+04 4.507848800000000000e+07 1.652195930480957031e+01 2.727666259765625000e+03 4.182097167968750000e+02 4.507848800000000000e+07 1.652195930480957031e+01 2.727666259765625000e+03 4.182097167968750000e+02
