# step, loss_train, loss_test, metrics_test
0.000000000000000000e+00 3.763959716796875000e+03 5.350380325317382812e+01 1.063116210937500000e+04 5.012292785644531250e+02 3.763959716796875000e+03 5.350380325317382812e+01 1.063116210937500000e+04 5.012292785644531250e+02
1.000000000000000000e+03 8.286015014648437500e+02 3.653678512573242188e+01 5.323286132812500000e+03 4.590866394042968750e+02 8.286015014648437500e+02 3.653678512573242188e+01 5.323286132812500000e+03 4.590866394042968750e+02
2.000000000000000000e+03 2.954912719726562500e+02 2.755566024780273438e+01 3.281957031250000000e+03 4.408185119628906250e+02 2.954912719726562500e+02 2.755566024780273438e+01 3.281957031250000000e+03 4.408185119628906250e+02
3.000000000000000000e+03 1.826433258056640625e+02 2.242056274414062500e+01 2.296174072265625000e+03 4.320841979980468750e+02 1.826433258056640625e+02 2.242056274414062500e+01 2.296174072265625000e+03 4.320841979980468750e+02
4.000000000000000000e+03 1.558887176513671875e+02 2.124407768249511719e+01 1.939251953125000000e+03 4.302188110351562500e+02 1.558887176513671875e+02 2.124407768249511719e+01 1.939251953125000000e+03 4.302188110351562500e+02
5.000000000000000000e+03 1.298745117187500000e+02 2.122092437744140625e+01 1.815682861328125000e+03 4.307485046386718750e+02 1.298745117187500000e+02 2.122092437744140625e+01 1.815682861328125000e+03 4.307485046386718750e+02
6.000000000000000000e+03 1.108938064575195312e+02 2.091466140747070312e+01 1.715142089843750000e+03 4.305993041992187500e+02 1.108938064575195312e+02 2.091466140747070312e+01 1.715142089843750000e+03 4.305993041992187500e+02
7.000000000000000000e+03 1.006694946289062500e+02 2.011527442932128906e+01 1.586231201171875000e+03 4.286557922363281250e+02 1.006694946289062500e+02 2.011527442932128906e+01 1.586231201171875000e+03 4.286557922363281250e+02
8.000000000000000000e+03 1.050136108398437500e+02 1.893886566162109375e+01 1.386557739257812500e+03 4.236675109863281250e+02 1.050136108398437500e+02 1.893886566162109375e+01 1.386557739257812500e+03 4.236675109863281250e+02
9.000000000000000000e+03 1.298206329345703125e+02 1.856877326965332031e+01 1.079283691406250000e+03 4.152340087890625000e+02 1.298206329345703125e+02 1.856877326965332031e+01 1.079283691406250000e+03 4.152340087890625000e+02
1.000000000000000000e+04 1.486160736083984375e+02 2.186478996276855469e+01 7.463933715820312500e+02 4.055569458007812500e+02 1.486160736083984375e+02 2.186478996276855469e+01 7.463933715820312500e+02 4.055569458007812500e+02
1.100000000000000000e+04 1.515195159912109375e+02 2.930689811706542969e+01 4.674705505371093750e+02 3.982242431640625000e+02 1.515195159912109375e+02 2.930689811706542969e+01 4.674705505371093750e+02 3.982242431640625000e+02
1.200000000000000000e+04 1.433218231201171875e+02 3.696219635009765625e+01 2.816665039062500000e+02 3.958353271484375000e+02 1.433218231201171875e+02 3.696219635009765625e+01 2.816665039062500000e+02 3.958353271484375000e+02
1.300000000000000000e+04 1.171719131469726562e+02 4.314783096313476562e+01 1.762368011474609375e+02 3.956360168457031250e+02 1.171719131469726562e+02 4.314783096313476562e+01 1.762368011474609375e+02 3.956360168457031250e+02
1.400000000000000000e+04 8.789551544189453125e+01 4.897626495361328125e+01 1.091050491333007812e+02 3.955587768554687500e+02 8.789551544189453125e+01 4.897626495361328125e+01 1.091050491333007812e+02 3.955587768554687500e+02
1.500000000000000000e+04 6.153725814819335938e+01 5.303585433959960938e+01 6.804979705810546875e+01 3.959191589355468750e+02 6.153725814819335938e+01 5.303585433959960938e+01 6.804979705810546875e+01 3.959191589355468750e+02
1.600000000000000000e+04 4.194528579711914062e+01 5.418593597412109375e+01 4.199159622192382812e+01 3.967409057617187500e+02 4.194528579711914062e+01 5.418593597412109375e+01 4.199159622192382812e+01 3.967409057617187500e+02
1.700000000000000000e+04 2.878944587707519531e+01 5.302601242065429688e+01 2.483354377746582031e+01 3.977364196777343750e+02 2.878944587707519531e+01 5.302601242065429688e+01 2.483354377746582031e+01 3.977364196777343750e+02
1.800000000000000000e+04 2.009626388549804688e+01 5.005465698242187500e+01 1.405133247375488281e+01 3.987768859863281250e+02 2.009626388549804688e+01 5.005465698242187500e+01 1.405133247375488281e+01 3.987768859863281250e+02
1.900000000000000000e+04 1.438771343231201172e+01 4.571752929687500000e+01 8.058954238891601562e+00 3.994194641113281250e+02 1.438771343231201172e+01 4.571752929687500000e+01 8.058954238891601562e+00 3.994194641113281250e+02
2.000000000000000000e+04 1.059642982482910156e+01 4.095055389404296875e+01 5.259384155273437500e+00 3.987810974121093750e+02 1.059642982482910156e+01 4.095055389404296875e+01 5.259384155273437500e+00 3.987810974121093750e+02
