# step, loss_train, loss_test, metrics_test
0.000000000000000000e+00 0.000000000000000000e+00 2.335794830322265625e+01 7.216253906250000000e+03 3.845094299316406250e+02 0.000000000000000000e+00 2.335794830322265625e+01 7.216253906250000000e+03 3.845094299316406250e+02
1.000000000000000000e+03 0.000000000000000000e+00 2.235072708129882812e+01 5.692499923706054688e+01 8.879544067382812500e+01 0.000000000000000000e+00 2.235072708129882812e+01 5.692499923706054688e+01 8.879544067382812500e+01
2.000000000000000000e+03 0.000000000000000000e+00 3.213005828857421875e+01 1.636701703071594238e+00 4.140314102172851562e+01 0.000000000000000000e+00 3.213005828857421875e+01 1.636701703071594238e+00 4.140314102172851562e+01
3.000000000000000000e+03 0.000000000000000000e+00 3.190194511413574219e+01 1.613009929656982422e+00 3.992857360839843750e+01 0.000000000000000000e+00 3.190194511413574219e+01 1.613009929656982422e+00 3.992857360839843750e+01
4.000000000000000000e+03 0.000000000000000000e+00 3.121238708496093750e+01 1.065394282341003418e+00 3.847919464111328125e+01 0.000000000000000000e+00 3.121238708496093750e+01 1.065394282341003418e+00 3.847919464111328125e+01
5.000000000000000000e+03 0.000000000000000000e+00 2.627559661865234375e+01 9.237188339233398438e+00 3.840157318115234375e+01 0.000000000000000000e+00 2.627559661865234375e+01 9.237188339233398438e+00 3.840157318115234375e+01
6.000000000000000000e+03 0.000000000000000000e+00 2.658103752136230469e+01 2.449322700500488281e+00 3.768006134033203125e+01 0.000000000000000000e+00 2.658103752136230469e+01 2.449322700500488281e+00 3.768006134033203125e+01
7.000000000000000000e+03 0.000000000000000000e+00 2.693124389648437500e+01 2.018035507202148438e+01 3.776609420776367188e+01 0.000000000000000000e+00 2.693124389648437500e+01 2.018035507202148438e+01 3.776609420776367188e+01
8.000000000000000000e+03 0.000000000000000000e+00 2.645280647277832031e+01 1.362870812416076660e+00 3.750608825683593750e+01 0.000000000000000000e+00 2.645280647277832031e+01 1.362870812416076660e+00 3.750608825683593750e+01
9.000000000000000000e+03 0.000000000000000000e+00 2.014385032653808594e+01 3.548995018005371094e+00 4.168869781494140625e+01 0.000000000000000000e+00 2.014385032653808594e+01 3.548995018005371094e+00 4.168869781494140625e+01
1.000000000000000000e+04 0.000000000000000000e+00 1.250512981414794922e+01 3.076064288616180420e-01 2.769767761230468750e+01 0.000000000000000000e+00 1.250512981414794922e+01 3.076064288616180420e-01 2.769767761230468750e+01
1.100000000000000000e+04 0.000000000000000000e+00 1.323247528076171875e+01 1.166476345062255859e+01 2.680716133117675781e+01 0.000000000000000000e+00 1.323247528076171875e+01 1.166476345062255859e+01 2.680716133117675781e+01
1.200000000000000000e+04 0.000000000000000000e+00 1.272545242309570312e+01 4.573853015899658203e+00 2.685087394714355469e+01 0.000000000000000000e+00 1.272545242309570312e+01 4.573853015899658203e+00 2.685087394714355469e+01
1.300000000000000000e+04 0.000000000000000000e+00 1.230013465881347656e+01 4.120822846889495850e-01 2.704987335205078125e+01 0.000000000000000000e+00 1.230013465881347656e+01 4.120822846889495850e-01 2.704987335205078125e+01
1.400000000000000000e+04 0.000000000000000000e+00 1.221602439880371094e+01 4.296501159667968750e+00 2.783881378173828125e+01 0.000000000000000000e+00 1.221602439880371094e+01 4.296501159667968750e+00 2.783881378173828125e+01
1.500000000000000000e+04 0.000000000000000000e+00 1.280820655822753906e+01 9.691721916198730469e+00 2.683274841308593750e+01 0.000000000000000000e+00 1.280820655822753906e+01 9.691721916198730469e+00 2.683274841308593750e+01
1.600000000000000000e+04 0.000000000000000000e+00 1.157760810852050781e+01 5.927478313446044922e+00 2.810009574890136719e+01 0.000000000000000000e+00 1.157760810852050781e+01 5.927478313446044922e+00 2.810009574890136719e+01
1.700000000000000000e+04 0.000000000000000000e+00 1.189540004730224609e+01 3.050285577774047852e+00 2.718868827819824219e+01 0.000000000000000000e+00 1.189540004730224609e+01 3.050285577774047852e+00 2.718868827819824219e+01
1.800000000000000000e+04 0.000000000000000000e+00 2.251964950561523438e+01 4.597733318805694580e-01 3.862100601196289062e+01 0.000000000000000000e+00 2.251964950561523438e+01 4.597733318805694580e-01 3.862100601196289062e+01
1.900000000000000000e+04 0.000000000000000000e+00 2.100698232650756836e+00 1.609600901603698730e+00 2.245865249633789062e+01 0.000000000000000000e+00 2.100698232650756836e+00 1.609600901603698730e+00 2.245865249633789062e+01
2.000000000000000000e+04 0.000000000000000000e+00 8.424333333969116211e-01 3.586893320083618164e+00 2.011669731140136719e+01 0.000000000000000000e+00 8.424333333969116211e-01 3.586893320083618164e+00 2.011669731140136719e+01
