# step, loss_train, loss_test, metrics_test
0.000000000000000000e+00 2.118515136718750000e+03 3.295397567749023438e+01 1.065129492187500000e+04 4.319418029785156250e+02 2.118515136718750000e+03 3.295397567749023438e+01 1.065129492187500000e+04 4.319418029785156250e+02
1.000000000000000000e+03 5.066553115844726562e+00 1.636433029174804688e+01 1.386766910552978516e+00 3.428650512695312500e+02 5.066553115844726562e+00 1.636433029174804688e+01 1.386766910552978516e+00 3.428650512695312500e+02
2.000000000000000000e+03 1.039806152343750000e+03 3.394668579101562500e+01 1.100107910156250000e+03 1.633163909912109375e+02 1.039806152343750000e+03 3.394668579101562500e+01 1.100107910156250000e+03 1.633163909912109375e+02
3.000000000000000000e+03 8.760039329528808594e+00 1.114912223815917969e+01 1.911389946937561035e+00 1.578857116699218750e+02 8.760039329528808594e+00 1.114912223815917969e+01 1.911389946937561035e+00 1.578857116699218750e+02
4.000000000000000000e+03 2.992162475585937500e+02 6.251303672790527344e+00 1.455036354064941406e+01 1.735124778747558594e+01 2.992162475585937500e+02 6.251303672790527344e+00 1.455036354064941406e+01 1.735124778747558594e+01
5.000000000000000000e+03 1.489232444763183594e+01 3.264299631118774414e+00 6.026557445526123047e+00 1.473994255065917969e+01 1.489232444763183594e+01 3.264299631118774414e+00 6.026557445526123047e+00 1.473994255065917969e+01
6.000000000000000000e+03 1.935948729515075684e+00 2.047065734863281250e+00 3.273112773895263672e-01 9.176644325256347656e+00 1.935948729515075684e+00 2.047065734863281250e+00 3.273112773895263672e-01 9.176644325256347656e+00
7.000000000000000000e+03 6.826278686523437500e+00 2.019536495208740234e+00 2.300480604171752930e+00 1.102791118621826172e+01 6.826278686523437500e+00 2.019536495208740234e+00 2.300480604171752930e+00 1.102791118621826172e+01
8.000000000000000000e+03 1.291651725769042969e+00 1.053919076919555664e+00 3.660223782062530518e-01 3.522211074829101562e+00 1.291651725769042969e+00 1.053919076919555664e+00 3.660223782062530518e-01 3.522211074829101562e+00
9.000000000000000000e+03 1.547455310821533203e+00 8.549787998199462891e-01 3.499545156955718994e-01 3.112466573715209961e+00 1.547455310821533203e+00 8.549787998199462891e-01 3.499545156955718994e-01 3.112466573715209961e+00
1.000000000000000000e+04 4.839624881744384766e+00 6.462149024009704590e-01 4.487055301666259766e+00 2.696365356445312500e+00 4.839624881744384766e+00 6.462149024009704590e-01 4.487055301666259766e+00 2.696365356445312500e+00
1.100000000000000000e+04 1.074347376823425293e+00 5.534595847129821777e-01 1.571507006883621216e-01 2.430140495300292969e+00 1.074347376823425293e+00 5.534595847129821777e-01 1.571507006883621216e-01 2.430140495300292969e+00
1.200000000000000000e+04 1.565595722198486328e+01 5.449669361114501953e-01 3.643945312500000000e+01 2.254603147506713867e+00 1.565595722198486328e+01 5.449669361114501953e-01 3.643945312500000000e+01 2.254603147506713867e+00
1.300000000000000000e+04 6.023640155792236328e+00 6.259692907333374023e-01 1.396751165390014648e+00 4.812037944793701172e+00 6.023640155792236328e+00 6.259692907333374023e-01 1.396751165390014648e+00 4.812037944793701172e+00
1.400000000000000000e+04 1.324091053009033203e+01 4.400284588336944580e-01 1.026272773742675781e+00 4.529556751251220703e+00 1.324091053009033203e+01 4.400284588336944580e-01 1.026272773742675781e+00 4.529556751251220703e+00
1.500000000000000000e+04 5.853039741516113281e+00 2.373133301734924316e-01 5.705566883087158203e+00 2.458555936813354492e+00 5.853039741516113281e+00 2.373133301734924316e-01 5.705566883087158203e+00 2.458555936813354492e+00
1.600000000000000000e+04 1.365531802177429199e+00 1.787954419851303101e-01 8.881672024726867676e-01 1.742356181144714355e+00 1.365531802177429199e+00 1.787954419851303101e-01 8.881672024726867676e-01 1.742356181144714355e+00
1.700000000000000000e+04 3.715124130249023438e+00 1.928209662437438965e-01 3.092000722885131836e+00 2.602617979049682617e+00 3.715124130249023438e+00 1.928209662437438965e-01 3.092000722885131836e+00 2.602617979049682617e+00
1.800000000000000000e+04 3.114090919494628906e+00 1.761009842157363892e-01 2.541856527328491211e+00 1.847888946533203125e+00 3.114090919494628906e+00 1.761009842157363892e-01 2.541856527328491211e+00 1.847888946533203125e+00
1.900000000000000000e+04 3.448714494705200195e+00 1.886389404535293579e-01 4.611387848854064941e-01 1.616848230361938477e+00 3.448714494705200195e+00 1.886389404535293579e-01 4.611387848854064941e-01 1.616848230361938477e+00
2.000000000000000000e+04 4.498312950134277344e+00 1.387487649917602539e-01 2.701910734176635742e+00 2.208202838897705078e+00 4.498312950134277344e+00 1.387487649917602539e-01 2.701910734176635742e+00 2.208202838897705078e+00
