# step, loss_train, loss_test, metrics_test
0.000000000000000000e+00 4.908773500000000000e+06 4.031391113281250000e+03 3.518898750000000000e+05 5.481817016601562500e+02 4.908773500000000000e+06 4.031391113281250000e+03 3.518898750000000000e+05 5.481817016601562500e+02
1.000000000000000000e+03 4.539387695312500000e+03 2.695541191101074219e+01 2.956510925292968750e+02 5.888932037353515625e+01 4.539387695312500000e+03 2.695541191101074219e+01 2.956510925292968750e+02 5.888932037353515625e+01
2.000000000000000000e+03 1.473605957031250000e+03 2.807711410522460938e+01 2.498567657470703125e+02 6.236467361450195312e+01 1.473605957031250000e+03 2.807711410522460938e+01 2.498567657470703125e+02 6.236467361450195312e+01
3.000000000000000000e+03 5.810891113281250000e+02 2.349639129638671875e+01 1.414977111816406250e+02 6.242423248291015625e+01 5.810891113281250000e+02 2.349639129638671875e+01 1.414977111816406250e+02 6.242423248291015625e+01
4.000000000000000000e+03 3.889923706054687500e+02 2.231983947753906250e+01 7.511602783203125000e+01 6.298265838623046875e+01 3.889923706054687500e+02 2.231983947753906250e+01 7.511602783203125000e+01 6.298265838623046875e+01
5.000000000000000000e+03 2.618630371093750000e+02 2.267305946350097656e+01 3.718487167358398438e+01 6.273949813842773438e+01 2.618630371093750000e+02 2.267305946350097656e+01 3.718487167358398438e+01 6.273949813842773438e+01
6.000000000000000000e+03 1.430883178710937500e+02 2.010656547546386719e+01 1.041045475006103516e+01 6.261233901977539062e+01 1.430883178710937500e+02 2.010656547546386719e+01 1.041045475006103516e+01 6.261233901977539062e+01
7.000000000000000000e+03 1.020287399291992188e+02 1.692642974853515625e+01 7.169850349426269531e+00 6.171288299560546875e+01 1.020287399291992188e+02 1.692642974853515625e+01 7.169850349426269531e+00 6.171288299560546875e+01
8.000000000000000000e+03 6.179449081420898438e+01 1.379602050781250000e+01 1.772884964942932129e+00 6.114464950561523438e+01 6.179449081420898438e+01 1.379602050781250000e+01 1.772884964942932129e+00 6.114464950561523438e+01
9.000000000000000000e+03 4.467276382446289062e+01 1.159791660308837891e+01 1.705733895301818848e+00 6.055342483520507812e+01 4.467276382446289062e+01 1.159791660308837891e+01 1.705733895301818848e+00 6.055342483520507812e+01
1.000000000000000000e+04 2.831416320800781250e+01 8.797652244567871094e+00 7.502668499946594238e-01 5.971960449218750000e+01 2.831416320800781250e+01 8.797652244567871094e+00 7.502668499946594238e-01 5.971960449218750000e+01
1.100000000000000000e+04 2.354212379455566406e+01 6.870295047760009766e+00 8.644928932189941406e+00 5.923223114013671875e+01 2.354212379455566406e+01 6.870295047760009766e+00 8.644928932189941406e+00 5.923223114013671875e+01
1.200000000000000000e+04 2.024880027770996094e+01 4.989326953887939453e+00 5.125785350799560547e+00 5.869526672363281250e+01 2.024880027770996094e+01 4.989326953887939453e+00 5.125785350799560547e+00 5.869526672363281250e+01
1.300000000000000000e+04 1.273520851135253906e+01 4.125422000885009766e+00 1.294759154319763184e+00 5.840095901489257812e+01 1.273520851135253906e+01 4.125422000885009766e+00 1.294759154319763184e+00 5.840095901489257812e+01
1.400000000000000000e+04 1.203449058532714844e+01 3.315629243850708008e+00 1.352415323257446289e+00 5.780722427368164062e+01 1.203449058532714844e+01 3.315629243850708008e+00 1.352415323257446289e+00 5.780722427368164062e+01
1.500000000000000000e+04 1.065155887603759766e+01 3.331473350524902344e+00 1.281185269355773926e+00 5.773129653930664062e+01 1.065155887603759766e+01 3.331473350524902344e+00 1.281185269355773926e+00 5.773129653930664062e+01
1.600000000000000000e+04 9.672762870788574219e+00 2.920279502868652344e+00 2.854944229125976562e+00 5.727826690673828125e+01 9.672762870788574219e+00 2.920279502868652344e+00 2.854944229125976562e+00 5.727826690673828125e+01
1.700000000000000000e+04 5.892972946166992188e+00 2.529189109802246094e+00 7.328299880027770996e-01 5.692847824096679688e+01 5.892972946166992188e+00 2.529189109802246094e+00 7.328299880027770996e-01 5.692847824096679688e+01
1.800000000000000000e+04 5.715457439422607422e+00 2.329831838607788086e+00 1.710717439651489258e+00 5.664983749389648438e+01 5.715457439422607422e+00 2.329831838607788086e+00 1.710717439651489258e+00 5.664983749389648438e+01
1.900000000000000000e+04 4.719987392425537109e+00 2.127460479736328125e+00 2.260526418685913086e+00 5.600914764404296875e+01 4.719987392425537109e+00 2.127460479736328125e+00 2.260526418685913086e+00 5.600914764404296875e+01
2.000000000000000000e+04 4.024532318115234375e+00 1.902562379837036133e+00 2.047034502029418945e+00 5.553895950317382812e+01 4.024532318115234375e+00 1.902562379837036133e+00 2.047034502029418945e+00 5.553895950317382812e+01
