# step, loss_train, loss_test, metrics_test
0.000000000000000000e+00 4.186371803283691406e+00 2.040797805786132812e+01 4.057605224609375000e+03 1.176119079589843750e+02 4.186371803283691406e+00 2.040797805786132812e+01 4.057605224609375000e+03 1.176119079589843750e+02
1.000000000000000000e+03 1.061621856689453125e+02 1.342133426666259766e+01 7.355098876953125000e+02 1.152426223754882812e+02 1.061621856689453125e+02 1.342133426666259766e+01 7.355098876953125000e+02 1.152426223754882812e+02
2.000000000000000000e+03 1.824883651733398438e+01 1.699275207519531250e+01 5.521672973632812500e+02 1.144024810791015625e+02 1.824883651733398438e+01 1.699275207519531250e+01 5.521672973632812500e+02 1.144024810791015625e+02
3.000000000000000000e+03 3.653934478759765625e+01 2.836510276794433594e+01 1.640961151123046875e+02 1.125280303955078125e+02 3.653934478759765625e+01 2.836510276794433594e+01 1.640961151123046875e+02 1.125280303955078125e+02
4.000000000000000000e+03 1.869155693054199219e+01 2.875670051574707031e+01 3.248866271972656250e+01 1.107287368774414062e+02 1.869155693054199219e+01 2.875670051574707031e+01 3.248866271972656250e+01 1.107287368774414062e+02
5.000000000000000000e+03 6.102838039398193359e+00 2.554146957397460938e+01 5.392613410949707031e+00 1.103723983764648438e+02 6.102838039398193359e+00 2.554146957397460938e+01 5.392613410949707031e+00 1.103723983764648438e+02
6.000000000000000000e+03 2.712497234344482422e+00 2.266783332824707031e+01 3.111232995986938477e+00 1.103807067871093750e+02 2.712497234344482422e+00 2.266783332824707031e+01 3.111232995986938477e+00 1.103807067871093750e+02
7.000000000000000000e+03 1.869187831878662109e+00 2.043060493469238281e+01 2.876679420471191406e+00 1.100690612792968750e+02 1.869187831878662109e+00 2.043060493469238281e+01 2.876679420471191406e+00 1.100690612792968750e+02
8.000000000000000000e+03 1.342831611633300781e+00 1.874778938293457031e+01 2.627468347549438477e+00 1.094658126831054688e+02 1.342831611633300781e+00 1.874778938293457031e+01 2.627468347549438477e+00 1.094658126831054688e+02
9.000000000000000000e+03 9.954913854598999023e-01 1.713960456848144531e+01 2.089655637741088867e+00 1.086783599853515625e+02 9.954913854598999023e-01 1.713960456848144531e+01 2.089655637741088867e+00 1.086783599853515625e+02
1.000000000000000000e+04 8.798708915710449219e-01 1.461713027954101562e+01 1.280112147331237793e+00 1.077298812866210938e+02 8.798708915710449219e-01 1.461713027954101562e+01 1.280112147331237793e+00 1.077298812866210938e+02
1.100000000000000000e+04 9.079790711402893066e-01 1.061696529388427734e+01 6.537250280380249023e-01 1.060340499877929688e+02 9.079790711402893066e-01 1.061696529388427734e+01 6.537250280380249023e-01 1.060340499877929688e+02
1.200000000000000000e+04 7.634322643280029297e-01 7.796726226806640625e+00 4.031644463539123535e-01 1.035793685913085938e+02 7.634322643280029297e-01 7.796726226806640625e+00 4.031644463539123535e-01 1.035793685913085938e+02
1.300000000000000000e+04 8.671111464500427246e-01 7.138833045959472656e+00 4.563580155372619629e-01 9.987569427490234375e+01 8.671111464500427246e-01 7.138833045959472656e+00 4.563580155372619629e-01 9.987569427490234375e+01
1.400000000000000000e+04 1.764188408851623535e+00 7.190717697143554688e+00 5.782069563865661621e-01 9.260133361816406250e+01 1.764188408851623535e+00 7.190717697143554688e+00 5.782069563865661621e-01 9.260133361816406250e+01
1.500000000000000000e+04 2.900434732437133789e+00 7.248683452606201172e+00 6.723468899726867676e-01 8.477215576171875000e+01 2.900434732437133789e+00 7.248683452606201172e+00 6.723468899726867676e-01 8.477215576171875000e+01
1.600000000000000000e+04 3.810643196105957031e+00 7.330113410949707031e+00 6.750594377517700195e-01 7.516547393798828125e+01 3.810643196105957031e+00 7.330113410949707031e+00 6.750594377517700195e-01 7.516547393798828125e+01
1.700000000000000000e+04 4.573150157928466797e+00 7.304645538330078125e+00 5.454340577125549316e-01 6.452796936035156250e+01 4.573150157928466797e+00 7.304645538330078125e+00 5.454340577125549316e-01 6.452796936035156250e+01
1.800000000000000000e+04 5.500371456146240234e+00 5.916702270507812500e+00 3.841303288936614990e-01 5.520221710205078125e+01 5.500371456146240234e+00 5.916702270507812500e+00 3.841303288936614990e-01 5.520221710205078125e+01
1.900000000000000000e+04 6.170734882354736328e+00 3.737617492675781250e+00 3.193423748016357422e-01 4.699740600585937500e+01 6.170734882354736328e+00 3.737617492675781250e+00 3.193423748016357422e-01 4.699740600585937500e+01
2.000000000000000000e+04 6.102632522583007812e+00 2.537926673889160156e+00 3.844056427478790283e-01 3.935047149658203125e+01 6.102632522583007812e+00 2.537926673889160156e+00 3.844056427478790283e-01 3.935047149658203125e+01
