# step, loss_train, loss_test, metrics_test
0.000000000000000000e+00 7.776500781250000000e+04 8.292987060546875000e+01 0.000000000000000000e+00 5.646676635742187500e+02 7.776500781250000000e+04 8.292987060546875000e+01 0.000000000000000000e+00 5.646676635742187500e+02
1.000000000000000000e+03 6.227172265625000000e+04 8.066104125976562500e+01 0.000000000000000000e+00 5.509101562500000000e+02 6.227172265625000000e+04 8.066104125976562500e+01 0.000000000000000000e+00 5.509101562500000000e+02
2.000000000000000000e+03 4.955350390625000000e+04 7.832450866699218750e+01 0.000000000000000000e+00 5.389508056640625000e+02 4.955350390625000000e+04 7.832450866699218750e+01 0.000000000000000000e+00 5.389508056640625000e+02
3.000000000000000000e+03 3.904389843750000000e+04 7.559735107421875000e+01 0.000000000000000000e+00 5.276943359375000000e+02 3.904389843750000000e+04 7.559735107421875000e+01 0.000000000000000000e+00 5.276943359375000000e+02
4.000000000000000000e+03 3.042318359375000000e+04 7.221378326416015625e+01 0.000000000000000000e+00 5.155339355468750000e+02 3.042318359375000000e+04 7.221378326416015625e+01 0.000000000000000000e+00 5.155339355468750000e+02
5.000000000000000000e+03 2.344367187500000000e+04 6.825644683837890625e+01 0.000000000000000000e+00 5.019409484863281250e+02 2.344367187500000000e+04 6.825644683837890625e+01 0.000000000000000000e+00 5.019409484863281250e+02
6.000000000000000000e+03 1.790619726562500000e+04 6.462988281250000000e+01 0.000000000000000000e+00 4.894487915039062500e+02 1.790619726562500000e+04 6.462988281250000000e+01 0.000000000000000000e+00 4.894487915039062500e+02
7.000000000000000000e+03 1.363958300781250000e+04 6.156048583984375000e+01 0.000000000000000000e+00 4.788550109863281250e+02 1.363958300781250000e+04 6.156048583984375000e+01 0.000000000000000000e+00 4.788550109863281250e+02
8.000000000000000000e+03 1.047279980468750000e+04 5.902409362792968750e+01 0.000000000000000000e+00 4.700878295898437500e+02 1.047279980468750000e+04 5.902409362792968750e+01 0.000000000000000000e+00 4.700878295898437500e+02
9.000000000000000000e+03 8.220832031250000000e+03 5.697087860107421875e+01 0.000000000000000000e+00 4.629998168945312500e+02 8.220832031250000000e+03 5.697087860107421875e+01 0.000000000000000000e+00 4.629998168945312500e+02
1.000000000000000000e+04 6.673259765625000000e+03 5.534764480590820312e+01 0.000000000000000000e+00 4.574409179687500000e+02 6.673259765625000000e+03 5.534764480590820312e+01 0.000000000000000000e+00 4.574409179687500000e+02
1.100000000000000000e+04 5.589830566406250000e+03 5.406847381591796875e+01 0.000000000000000000e+00 4.532377624511718750e+02 5.589830566406250000e+03 5.406847381591796875e+01 0.000000000000000000e+00 4.532377624511718750e+02
1.200000000000000000e+04 4.748050781250000000e+03 5.299286651611328125e+01 0.000000000000000000e+00 4.499512634277343750e+02 4.748050781250000000e+03 5.299286651611328125e+01 0.000000000000000000e+00 4.499512634277343750e+02
1.300000000000000000e+04 4.033011474609375000e+03 5.170927047729492188e+01 0.000000000000000000e+00 4.462725219726562500e+02 4.033011474609375000e+03 5.170927047729492188e+01 0.000000000000000000e+00 4.462725219726562500e+02
1.400000000000000000e+04 3.411956298828125000e+03 5.001272964477539062e+01 0.000000000000000000e+00 4.415223999023437500e+02 3.411956298828125000e+03 5.001272964477539062e+01 0.000000000000000000e+00 4.415223999023437500e+02
1.500000000000000000e+04 2.864220458984375000e+03 4.818296813964843750e+01 0.000000000000000000e+00 4.365108032226562500e+02 2.864220458984375000e+03 4.818296813964843750e+01 0.000000000000000000e+00 4.365108032226562500e+02
1.600000000000000000e+04 2.377996582031250000e+03 4.635600662231445312e+01 0.000000000000000000e+00 4.317811889648437500e+02 2.377996582031250000e+03 4.635600662231445312e+01 0.000000000000000000e+00 4.317811889648437500e+02
1.700000000000000000e+04 1.950788696289062500e+03 4.453765106201171875e+01 0.000000000000000000e+00 4.274726867675781250e+02 1.950788696289062500e+03 4.453765106201171875e+01 0.000000000000000000e+00 4.274726867675781250e+02
1.800000000000000000e+04 1.579247802734375000e+03 4.266561889648437500e+01 0.000000000000000000e+00 4.234627075195312500e+02 1.579247802734375000e+03 4.266561889648437500e+01 0.000000000000000000e+00 4.234627075195312500e+02
1.900000000000000000e+04 1.259727539062500000e+03 4.062088012695312500e+01 0.000000000000000000e+00 4.192276611328125000e+02 1.259727539062500000e+03 4.062088012695312500e+01 0.000000000000000000e+00 4.192276611328125000e+02
2.000000000000000000e+04 9.904821777343750000e+02 3.832702636718750000e+01 0.000000000000000000e+00 4.144874267578125000e+02 9.904821777343750000e+02 3.832702636718750000e+01 0.000000000000000000e+00 4.144874267578125000e+02
