# step, loss_train, loss_test, metrics_test
0.000000000000000000e+00 9.420267000000000000e+06 1.357450805664062500e+03 8.247559375000000000e+04 1.054644897460937500e+03 9.420267000000000000e+06 1.357450805664062500e+03 8.247559375000000000e+04 1.054644897460937500e+03
1.000000000000000000e+03 6.103558593750000000e+03 3.811985778808593750e+01 3.588713989257812500e+02 2.512513427734375000e+02 6.103558593750000000e+03 3.811985778808593750e+01 3.588713989257812500e+02 2.512513427734375000e+02
2.000000000000000000e+03 2.569405029296875000e+03 3.150415802001953125e+01 3.036438598632812500e+02 2.468076629638671875e+02 2.569405029296875000e+03 3.150415802001953125e+01 3.036438598632812500e+02 2.468076629638671875e+02
3.000000000000000000e+03 8.596704711914062500e+02 2.424345016479492188e+01 2.804156494140625000e+02 2.429875335693359375e+02 8.596704711914062500e+02 2.424345016479492188e+01 2.804156494140625000e+02 2.429875335693359375e+02
4.000000000000000000e+03 3.352723083496093750e+02 2.527119445800781250e+01 2.118587493896484375e+02 2.434179534912109375e+02 3.352723083496093750e+02 2.527119445800781250e+01 2.118587493896484375e+02 2.434179534912109375e+02
5.000000000000000000e+03 2.333079376220703125e+02 2.472604560852050781e+01 1.666823272705078125e+02 2.431803283691406250e+02 2.333079376220703125e+02 2.472604560852050781e+01 1.666823272705078125e+02 2.431803283691406250e+02
6.000000000000000000e+03 1.618482971191406250e+02 2.418196868896484375e+01 1.287759246826171875e+02 2.431685638427734375e+02 1.618482971191406250e+02 2.418196868896484375e+01 1.287759246826171875e+02 2.431685638427734375e+02
7.000000000000000000e+03 1.230466537475585938e+02 2.497104644775390625e+01 8.702067565917968750e+01 2.437730102539062500e+02 1.230466537475585938e+02 2.497104644775390625e+01 8.702067565917968750e+01 2.437730102539062500e+02
8.000000000000000000e+03 9.751818847656250000e+01 2.284346389770507812e+01 4.830356216430664062e+01 2.432680816650390625e+02 9.751818847656250000e+01 2.284346389770507812e+01 4.830356216430664062e+01 2.432680816650390625e+02
9.000000000000000000e+03 8.025716400146484375e+01 1.888192749023437500e+01 2.723097610473632812e+01 2.404143981933593750e+02 8.025716400146484375e+01 1.888192749023437500e+01 2.723097610473632812e+01 2.404143981933593750e+02
1.000000000000000000e+04 5.729650115966796875e+01 1.563639926910400391e+01 1.128461933135986328e+01 2.374328002929687500e+02 5.729650115966796875e+01 1.563639926910400391e+01 1.128461933135986328e+01 2.374328002929687500e+02
1.100000000000000000e+04 4.440180206298828125e+01 1.177168083190917969e+01 5.770057201385498047e+00 2.323219909667968750e+02 4.440180206298828125e+01 1.177168083190917969e+01 5.770057201385498047e+00 2.323219909667968750e+02
1.200000000000000000e+04 2.928794860839843750e+01 1.023051452636718750e+01 2.334199428558349609e+00 2.293204040527343750e+02 2.928794860839843750e+01 1.023051452636718750e+01 2.334199428558349609e+00 2.293204040527343750e+02
1.300000000000000000e+04 2.415800476074218750e+01 7.767529964447021484e+00 1.614970564842224121e+00 2.253759460449218750e+02 2.415800476074218750e+01 7.767529964447021484e+00 1.614970564842224121e+00 2.253759460449218750e+02
1.400000000000000000e+04 2.105554389953613281e+01 4.856132984161376953e+00 7.319542169570922852e-01 2.206124877929687500e+02 2.105554389953613281e+01 4.856132984161376953e+00 7.319542169570922852e-01 2.206124877929687500e+02
1.500000000000000000e+04 2.223333930969238281e+01 3.964806318283081055e+00 3.629725575447082520e-01 2.135468597412109375e+02 2.223333930969238281e+01 3.964806318283081055e+00 3.629725575447082520e-01 2.135468597412109375e+02
1.600000000000000000e+04 1.737084388732910156e+01 3.986266136169433594e+00 6.649446487426757812e-01 2.069164123535156250e+02 1.737084388732910156e+01 3.986266136169433594e+00 6.649446487426757812e-01 2.069164123535156250e+02
1.700000000000000000e+04 1.554833602905273438e+01 4.336014270782470703e+00 8.609234094619750977e-01 2.022872772216796875e+02 1.554833602905273438e+01 4.336014270782470703e+00 8.609234094619750977e-01 2.022872772216796875e+02
1.800000000000000000e+04 2.239381027221679688e+01 4.056002140045166016e+00 7.421951293945312500e-01 1.918439636230468750e+02 2.239381027221679688e+01 4.056002140045166016e+00 7.421951293945312500e-01 1.918439636230468750e+02
1.900000000000000000e+04 2.115882110595703125e+01 5.560337543487548828e+00 5.551074504852294922e+00 1.855958404541015625e+02 2.115882110595703125e+01 5.560337543487548828e+00 5.551074504852294922e+00 1.855958404541015625e+02
2.000000000000000000e+04 2.539392471313476562e+01 3.969993591308593750e+00 3.061110019683837891e+00 1.678440551757812500e+02 2.539392471313476562e+01 3.969993591308593750e+00 3.061110019683837891e+00 1.678440551757812500e+02
