# step, loss_train, loss_test, metrics_test
0.000000000000000000e+00 0.000000000000000000e+00 1.342900543212890625e+02 1.099349243164062500e+03 4.733176269531250000e+02 0.000000000000000000e+00 1.342900543212890625e+02 1.099349243164062500e+03 4.733176269531250000e+02
1.000000000000000000e+03 0.000000000000000000e+00 7.050409698486328125e+01 3.462852716445922852e+00 4.576924438476562500e+02 0.000000000000000000e+00 7.050409698486328125e+01 3.462852716445922852e+00 4.576924438476562500e+02
2.000000000000000000e+03 0.000000000000000000e+00 1.986109733581542969e+01 9.324832558631896973e-01 4.216283569335937500e+02 0.000000000000000000e+00 1.986109733581542969e+01 9.324832558631896973e-01 4.216283569335937500e+02
3.000000000000000000e+03 0.000000000000000000e+00 1.710509872436523438e+01 1.912572681903839111e-01 4.198517456054687500e+02 0.000000000000000000e+00 1.710509872436523438e+01 1.912572681903839111e-01 4.198517456054687500e+02
4.000000000000000000e+03 0.000000000000000000e+00 1.694294166564941406e+01 3.517316579818725586e-01 4.197816772460937500e+02 0.000000000000000000e+00 1.694294166564941406e+01 3.517316579818725586e-01 4.197816772460937500e+02
5.000000000000000000e+03 0.000000000000000000e+00 1.694139671325683594e+01 4.679119873046875000e+01 4.197738647460937500e+02 0.000000000000000000e+00 1.694139671325683594e+01 4.679119873046875000e+01 4.197738647460937500e+02
6.000000000000000000e+03 0.000000000000000000e+00 1.190697753906250000e+03 7.301844375000000000e+05 1.289085083007812500e+03 0.000000000000000000e+00 1.190697753906250000e+03 7.301844375000000000e+05 1.289085083007812500e+03
7.000000000000000000e+03 0.000000000000000000e+00 8.141963500976562500e+02 9.097397460937500000e+03 1.011348571777343750e+03 0.000000000000000000e+00 8.141963500976562500e+02 9.097397460937500000e+03 1.011348571777343750e+03
8.000000000000000000e+03 0.000000000000000000e+00 4.288742065429687500e+02 5.170314941406250000e+03 7.265776367187500000e+02 0.000000000000000000e+00 4.288742065429687500e+02 5.170314941406250000e+03 7.265776367187500000e+02
9.000000000000000000e+03 0.000000000000000000e+00 1.462456359863281250e+02 2.102293457031250000e+03 5.170464477539062500e+02 0.000000000000000000e+00 1.462456359863281250e+02 2.102293457031250000e+03 5.170464477539062500e+02
1.000000000000000000e+04 0.000000000000000000e+00 2.932899475097656250e+01 5.809816284179687500e+02 4.294872741699218750e+02 0.000000000000000000e+00 2.932899475097656250e+01 5.809816284179687500e+02 4.294872741699218750e+02
1.100000000000000000e+04 0.000000000000000000e+00 1.823718452453613281e+01 3.457063598632812500e+02 4.203705139160156250e+02 0.000000000000000000e+00 1.823718452453613281e+01 3.457063598632812500e+02 4.203705139160156250e+02
1.200000000000000000e+04 0.000000000000000000e+00 3.013693428039550781e+01 3.089000854492187500e+02 4.285777893066406250e+02 0.000000000000000000e+00 3.013693428039550781e+01 3.089000854492187500e+02 4.285777893066406250e+02
1.300000000000000000e+04 0.000000000000000000e+00 2.983442115783691406e+01 3.084032592773437500e+02 4.283644409179687500e+02 0.000000000000000000e+00 2.983442115783691406e+01 3.084032592773437500e+02 4.283644409179687500e+02
1.400000000000000000e+04 0.000000000000000000e+00 2.936339569091796875e+01 3.080418395996093750e+02 4.280324401855468750e+02 0.000000000000000000e+00 2.936339569091796875e+01 3.080418395996093750e+02 4.280324401855468750e+02
1.500000000000000000e+04 0.000000000000000000e+00 2.865581512451171875e+01 3.075752563476562500e+02 4.275341491699218750e+02 0.000000000000000000e+00 2.865581512451171875e+01 3.075752563476562500e+02 4.275341491699218750e+02
1.600000000000000000e+04 0.000000000000000000e+00 2.765266799926757812e+01 3.070859680175781250e+02 4.268290100097656250e+02 0.000000000000000000e+00 2.765266799926757812e+01 3.070859680175781250e+02 4.268290100097656250e+02
1.700000000000000000e+04 0.000000000000000000e+00 5.115234375000000000e+03 5.329178906250000000e+04 4.180407226562500000e+03 0.000000000000000000e+00 5.115234375000000000e+03 5.329178906250000000e+04 4.180407226562500000e+03
1.800000000000000000e+04 0.000000000000000000e+00 4.582305175781250000e+03 4.795034375000000000e+04 3.788058105468750000e+03 0.000000000000000000e+00 4.582305175781250000e+03 4.795034375000000000e+04 3.788058105468750000e+03
1.900000000000000000e+04 0.000000000000000000e+00 3.820428710937500000e+03 4.029278125000000000e+04 3.227067382812500000e+03 0.000000000000000000e+00 3.820428710937500000e+03 4.029278125000000000e+04 3.227067382812500000e+03
2.000000000000000000e+04 0.000000000000000000e+00 2.827322265625000000e+03 3.026048828125000000e+04 2.495609375000000000e+03 0.000000000000000000e+00 2.827322265625000000e+03 3.026048828125000000e+04 2.495609375000000000e+03
