# step, loss_train, loss_test, metrics_test
0.000000000000000000e+00 4.605495370924472809e-03 2.617415428161621094e+01 3.290928955078125000e+03 3.747750244140625000e+02 4.605495370924472809e-03 2.617415428161621094e+01 3.290928955078125000e+03 3.747750244140625000e+02
1.000000000000000000e+03 2.184147248044610023e-03 1.470413494110107422e+01 2.197645751953125000e+03 3.631561889648437500e+02 2.184147248044610023e-03 1.470413494110107422e+01 2.197645751953125000e+03 3.631561889648437500e+02
2.000000000000000000e+03 6.429429631680250168e-04 1.108695316314697266e+01 1.595407836914062500e+03 3.592574768066406250e+02 6.429429631680250168e-04 1.108695316314697266e+01 1.595407836914062500e+03 3.592574768066406250e+02
3.000000000000000000e+03 6.520874012494459748e-05 1.207344818115234375e+01 1.325446777343750000e+03 3.599264831542968750e+02 6.520874012494459748e-05 1.207344818115234375e+01 1.325446777343750000e+03 3.599264831542968750e+02
4.000000000000000000e+03 2.508595025574322790e-05 1.447821426391601562e+01 1.244180541992187500e+03 3.620825805664062500e+02 2.508595025574322790e-05 1.447821426391601562e+01 1.244180541992187500e+03 3.620825805664062500e+02
5.000000000000000000e+03 5.147116826265119016e-05 1.590102767944335938e+01 1.231345947265625000e+03 3.633929138183593750e+02 5.147116826265119016e-05 1.590102767944335938e+01 1.231345947265625000e+03 3.633929138183593750e+02
6.000000000000000000e+03 3.128019161522388458e-04 1.619859695434570312e+01 1.229598876953125000e+03 3.636718444824218750e+02 3.128019161522388458e-04 1.619859695434570312e+01 1.229598876953125000e+03 3.636718444824218750e+02
7.000000000000000000e+03 1.263413927517831326e-03 1.621487998962402344e+01 1.228299804687500000e+03 3.636922607421875000e+02 1.263413927517831326e-03 1.621487998962402344e+01 1.228299804687500000e+03 3.636922607421875000e+02
8.000000000000000000e+03 3.884812584146857262e-03 1.621243095397949219e+01 1.226269775390625000e+03 3.636985778808593750e+02 3.884812584146857262e-03 1.621243095397949219e+01 1.226269775390625000e+03 3.636985778808593750e+02
9.000000000000000000e+03 1.123563945293426514e-02 1.620321846008300781e+01 1.222674316406250000e+03 3.637050781250000000e+02 1.123563945293426514e-02 1.620321846008300781e+01 1.222674316406250000e+03 3.637050781250000000e+02
1.000000000000000000e+04 3.301669657230377197e-02 1.617541694641113281e+01 1.215796386718750000e+03 3.637091064453125000e+02 3.301669657230377197e-02 1.617541694641113281e+01 1.215796386718750000e+03 3.637091064453125000e+02
1.100000000000000000e+04 9.220225363969802856e-02 1.610447502136230469e+01 1.202236694335937500e+03 3.637061157226562500e+02 9.220225363969802856e-02 1.610447502136230469e+01 1.202236694335937500e+03 3.637061157226562500e+02
1.200000000000000000e+04 1.992589235305786133e-01 1.597996711730957031e+01 1.178114257812500000e+03 3.637034912109375000e+02 1.992589235305786133e-01 1.597996711730957031e+01 1.178114257812500000e+03 3.637034912109375000e+02
1.300000000000000000e+04 3.235510289669036865e-01 1.580982589721679688e+01 1.139376464843750000e+03 3.637281494140625000e+02 3.235510289669036865e-01 1.580982589721679688e+01 1.139376464843750000e+03 3.637281494140625000e+02
1.400000000000000000e+04 4.567660391330718994e-01 1.562365913391113281e+01 1.082755004882812500e+03 3.638411865234375000e+02 4.567660391330718994e-01 1.562365913391113281e+01 1.082755004882812500e+03 3.638411865234375000e+02
1.500000000000000000e+04 6.007807254791259766e-01 1.547144508361816406e+01 1.008414794921875000e+03 3.641221313476562500e+02 6.007807254791259766e-01 1.547144508361816406e+01 1.008414794921875000e+03 3.641221313476562500e+02
1.600000000000000000e+04 7.674096822738647461e-01 1.548845195770263672e+01 9.220136718750000000e+02 3.647185363769531250e+02 7.674096822738647461e-01 1.548845195770263672e+01 9.220136718750000000e+02 3.647185363769531250e+02
1.700000000000000000e+04 9.591126441955566406e-01 1.585750389099121094e+01 8.343844604492187500e+02 3.658001403808593750e+02 9.591126441955566406e-01 1.585750389099121094e+01 8.343844604492187500e+02 3.658001403808593750e+02
1.800000000000000000e+04 1.163891673088073730e+00 1.672451019287109375e+01 7.588831176757812500e+02 3.674727478027343750e+02 1.163891673088073730e+00 1.672451019287109375e+01 7.588831176757812500e+02 3.674727478027343750e+02
1.900000000000000000e+04 1.330341935157775879e+00 1.805180358886718750e+01 7.056327514648437500e+02 3.696236267089843750e+02 1.330341935157775879e+00 1.805180358886718750e+01 7.056327514648437500e+02 3.696236267089843750e+02
2.000000000000000000e+04 1.448302149772644043e+00 1.942308616638183594e+01 6.735219726562500000e+02 3.717502441406250000e+02 1.448302149772644043e+00 1.942308616638183594e+01 6.735219726562500000e+02 3.717502441406250000e+02
