# step, loss_train, loss_test, metrics_test
0.000000000000000000e+00 3.356877441406250000e+02 3.385930252075195312e+01 9.340357421875000000e+03 4.285713195800781250e+02 3.356877441406250000e+02 3.385930252075195312e+01 9.340357421875000000e+03 4.285713195800781250e+02
1.000000000000000000e+03 1.521584701538085938e+01 1.080976867675781250e+01 3.385990905761718750e+01 3.021312866210937500e+02 1.521584701538085938e+01 1.080976867675781250e+01 3.385990905761718750e+01 3.021312866210937500e+02
2.000000000000000000e+03 9.245071411132812500e+00 8.737887382507324219e+00 1.773666954040527344e+01 3.502653808593750000e+02 9.245071411132812500e+00 8.737887382507324219e+00 1.773666954040527344e+01 3.502653808593750000e+02
3.000000000000000000e+03 6.841976165771484375e+00 1.384198188781738281e+01 1.982620048522949219e+01 3.855988769531250000e+02 6.841976165771484375e+00 1.384198188781738281e+01 1.982620048522949219e+01 3.855988769531250000e+02
4.000000000000000000e+03 8.217614173889160156e+00 8.922818183898925781e+00 1.665590047836303711e+00 3.277857360839843750e+02 8.217614173889160156e+00 8.922818183898925781e+00 1.665590047836303711e+00 3.277857360839843750e+02
5.000000000000000000e+03 4.906283378601074219e+00 1.258750247955322266e+01 1.980224609375000000e+03 3.938579406738281250e+02 4.906283378601074219e+00 1.258750247955322266e+01 1.980224609375000000e+03 3.938579406738281250e+02
6.000000000000000000e+03 1.462105436722538343e-09 1.315638828277587891e+01 1.988401245117187500e+03 3.945260314941406250e+02 1.462105436722538343e-09 1.315638828277587891e+01 1.988401245117187500e+03 3.945260314941406250e+02
7.000000000000000000e+03 6.002041641472999345e-10 1.315640258789062500e+01 1.988400878906250000e+03 3.945260314941406250e+02 6.002041641472999345e-10 1.315640258789062500e+01 1.988400878906250000e+03 3.945260314941406250e+02
8.000000000000000000e+03 2.279406385863325113e-10 1.317715167999267578e+01 1.988357421875000000e+03 3.945519714355468750e+02 2.279406385863325113e-10 1.317715167999267578e+01 1.988357421875000000e+03 3.945519714355468750e+02
9.000000000000000000e+03 8.238302401375463546e-11 1.315646457672119141e+01 1.988400878906250000e+03 3.945260925292968750e+02 8.238302401375463546e-11 1.315646457672119141e+01 1.988400878906250000e+03 3.945260925292968750e+02
1.000000000000000000e+04 2.893528125436084508e-11 1.261328315734863281e+01 1.991595825195312500e+03 3.938486633300781250e+02 2.893528125436084508e-11 1.261328315734863281e+01 1.991595825195312500e+03 3.938486633300781250e+02
1.100000000000000000e+04 1.052691701169949923e-11 1.315634250640869141e+01 1.988401000976562500e+03 3.945259704589843750e+02 1.052691701169949923e-11 1.315634250640869141e+01 1.988401000976562500e+03 3.945259704589843750e+02
1.200000000000000000e+04 3.744131740757161708e-12 1.316113376617431641e+01 1.988390380859375000e+03 3.945319519042968750e+02 3.744131740757161708e-12 1.316113376617431641e+01 1.988390380859375000e+03 3.945319519042968750e+02
1.300000000000000000e+04 1.344863673549689942e-12 1.404042625427246094e+01 1.990859130859375000e+03 3.956332397460937500e+02 1.344863673549689942e-12 1.404042625427246094e+01 1.990859130859375000e+03 3.956332397460937500e+02
1.400000000000000000e+04 4.826348739064845184e-13 1.315519618988037109e+01 1.988403442382812500e+03 3.945245666503906250e+02 4.826348739064845184e-13 1.315519618988037109e+01 1.988403442382812500e+03 3.945245666503906250e+02
1.500000000000000000e+04 1.823672235359147242e-13 1.239564037322998047e+01 1.994096069335937500e+03 3.935780334472656250e+02 1.823672235359147242e-13 1.239564037322998047e+01 1.994096069335937500e+03 3.935780334472656250e+02
1.600000000000000000e+04 6.912433949887719642e-14 1.315645599365234375e+01 1.988400878906250000e+03 3.945260925292968750e+02 6.912433949887719642e-14 1.315645599365234375e+01 1.988400878906250000e+03 3.945260925292968750e+02
1.700000000000000000e+04 2.882505974362292722e-14 1.279447269439697266e+01 1.990071533203125000e+03 3.940743408203125000e+02 2.882505974362292722e-14 1.279447269439697266e+01 1.990071533203125000e+03 3.940743408203125000e+02
1.800000000000000000e+04 1.252509397874123145e-14 1.315628623962402344e+01 1.988401245117187500e+03 3.945259094238281250e+02 1.252509397874123145e-14 1.315628623962402344e+01 1.988401245117187500e+03 3.945259094238281250e+02
1.900000000000000000e+04 6.268035762868823593e-15 1.334309387207031250e+01 1.988194580078125000e+03 3.947594299316406250e+02 6.268035762868823593e-15 1.334309387207031250e+01 1.988194580078125000e+03 3.947594299316406250e+02
2.000000000000000000e+04 3.643865011836904325e-15 1.315499973297119141e+01 1.988404052734375000e+03 3.945243225097656250e+02 3.643865011836904325e-15 1.315499973297119141e+01 1.988404052734375000e+03 3.945243225097656250e+02
