# step, loss_train, loss_test, metrics_test
0.000000000000000000e+00 5.310885142534971237e-03 2.311810493469238281e+00 2.338890820312500000e+04 9.145112037658691406e+00 5.310885142534971237e-03 2.311810493469238281e+00 2.338890820312500000e+04 9.145112037658691406e+00
1.000000000000000000e+03 1.217451917337224035e-37 3.150975704193115234e-01 2.893268554687500000e+03 7.091398239135742188e+00 1.217451917337224035e-37 3.150975704193115234e-01 2.893268554687500000e+03 7.091398239135742188e+00
2.000000000000000000e+03 1.217865132228384137e-37 3.150973916053771973e-01 2.893268554687500000e+03 7.091398239135742188e+00 1.217865132228384137e-37 3.150973916053771973e-01 2.893268554687500000e+03 7.091398239135742188e+00
3.000000000000000000e+03 1.218650531991668910e-37 3.150973320007324219e-01 2.893268554687500000e+03 7.091398239135742188e+00 1.218650531991668910e-37 3.150973320007324219e-01 2.893268554687500000e+03 7.091398239135742188e+00
4.000000000000000000e+03 1.219649377537039640e-37 3.150976598262786865e-01 2.893268554687500000e+03 7.091398239135742188e+00 1.219649377537039640e-37 3.150976598262786865e-01 2.893268554687500000e+03 7.091398239135742188e+00
5.000000000000000000e+03 5.913003840279222194e-36 3.150975704193115234e-01 2.893268554687500000e+03 7.091398239135742188e+00 5.913003840279222194e-36 3.150975704193115234e-01 2.893268554687500000e+03 7.091398239135742188e+00
6.000000000000000000e+03 1.646004412552931226e-37 3.150056004524230957e-01 2.893268554687500000e+03 7.091310501098632812e+00 1.646004412552931226e-37 3.150056004524230957e-01 2.893268554687500000e+03 7.091310501098632812e+00
7.000000000000000000e+03 1.318385315748874835e-38 3.150972723960876465e-01 2.893268066406250000e+03 7.091396331787109375e+00 1.318385315748874835e-38 3.150972723960876465e-01 2.893268066406250000e+03 7.091396331787109375e+00
8.000000000000000000e+03 1.918101261603509716e-38 3.150986433029174805e-01 2.893268554687500000e+03 7.091399192810058594e+00 1.918101261603509716e-38 3.150986433029174805e-01 2.893268554687500000e+03 7.091399192810058594e+00
9.000000000000000000e+03 1.746890054712917837e-38 3.150973320007324219e-01 2.893268554687500000e+03 7.091398239135742188e+00 1.746890054712917837e-38 3.150973320007324219e-01 2.893268554687500000e+03 7.091398239135742188e+00
1.000000000000000000e+04 8.175096768156980602e-39 3.150966763496398926e-01 2.893268066406250000e+03 7.091396331787109375e+00 8.175096768156980602e-39 3.150966763496398926e-01 2.893268066406250000e+03 7.091396331787109375e+00
1.100000000000000000e+04 4.304116259142962130e-39 3.157792985439300537e-01 2.893274414062500000e+03 7.092045783996582031e+00 4.304116259142962130e-39 3.157792985439300537e-01 2.893274414062500000e+03 7.092045783996582031e+00
1.200000000000000000e+04 1.699399489237564056e-39 3.164334893226623535e-01 2.893292968750000000e+03 7.092668533325195312e+00 1.699399489237564056e-39 3.164334893226623535e-01 2.893292968750000000e+03 7.092668533325195312e+00
1.300000000000000000e+04 8.136050987747033899e-40 3.150930404663085938e-01 2.893268554687500000e+03 7.091393470764160156e+00 8.136050987747033899e-40 3.150930404663085938e-01 2.893268554687500000e+03 7.091393470764160156e+00
1.400000000000000000e+04 2.715043800598619571e-40 3.155696988105773926e-01 2.893270996093750000e+03 7.091846466064453125e+00 2.715043800598619571e-40 3.155696988105773926e-01 2.893270996093750000e+03 7.091846466064453125e+00
1.500000000000000000e+04 1.012466166443966830e-40 3.151076436042785645e-01 2.893268066406250000e+03 7.091407299041748047e+00 1.012466166443966830e-40 3.151076436042785645e-01 2.893268066406250000e+03 7.091407299041748047e+00
1.600000000000000000e+04 3.813773900506422140e-41 3.143202662467956543e-01 2.893279052734375000e+03 7.090658187866210938e+00 3.813773900506422140e-41 3.143202662467956543e-01 2.893279052734375000e+03 7.090658187866210938e+00
1.700000000000000000e+04 1.271257966835474047e-41 3.148871064186096191e-01 2.893269042968750000e+03 7.091197013854980469e+00 1.271257966835474047e-41 3.148871064186096191e-01 2.893269042968750000e+03 7.091197013854980469e+00
1.800000000000000000e+04 5.675258780515509137e-42 3.150487542152404785e-01 2.893268066406250000e+03 7.091350555419921875e+00 5.675258780515509137e-42 3.150487542152404785e-01 2.893268066406250000e+03 7.091350555419921875e+00
1.900000000000000000e+04 2.724124214647444386e-42 3.151163458824157715e-01 2.893268066406250000e+03 7.091415882110595703e+00 2.724124214647444386e-42 3.151163458824157715e-01 2.893268066406250000e+03 7.091415882110595703e+00
2.000000000000000000e+04 9.080414048824814620e-43 3.168736398220062256e-01 2.893312744140625000e+03 7.093087196350097656e+00 9.080414048824814620e-43 3.168736398220062256e-01 2.893312744140625000e+03 7.093087196350097656e+00
