# step, loss_train, loss_test, metrics_test
0.000000000000000000e+00 9.337221093750000000e+04 4.675483226776123047e+00 0.000000000000000000e+00 6.411441040039062500e+02 9.337221093750000000e+04 4.675483226776123047e+00 0.000000000000000000e+00 6.411441040039062500e+02
1.000000000000000000e+03 2.105350781250000000e+04 5.793032169342041016e+00 0.000000000000000000e+00 5.873474731445312500e+02 2.105350781250000000e+04 5.793032169342041016e+00 0.000000000000000000e+00 5.873474731445312500e+02
2.000000000000000000e+03 6.129974121093750000e+03 5.886864185333251953e+00 0.000000000000000000e+00 5.457960205078125000e+02 6.129974121093750000e+03 5.886864185333251953e+00 0.000000000000000000e+00 5.457960205078125000e+02
3.000000000000000000e+03 2.722433837890625000e+03 4.703884601593017578e+00 0.000000000000000000e+00 5.095845336914062500e+02 2.722433837890625000e+03 4.703884601593017578e+00 0.000000000000000000e+00 5.095845336914062500e+02
4.000000000000000000e+03 1.377772827148437500e+03 3.611232995986938477e+00 0.000000000000000000e+00 4.836052856445312500e+02 1.377772827148437500e+03 3.611232995986938477e+00 0.000000000000000000e+00 4.836052856445312500e+02
5.000000000000000000e+03 7.398456420898437500e+02 2.783754825592041016e+00 0.000000000000000000e+00 4.662654418945312500e+02 7.398456420898437500e+02 2.783754825592041016e+00 0.000000000000000000e+00 4.662654418945312500e+02
6.000000000000000000e+03 4.190445556640625000e+02 2.204558610916137695e+00 0.000000000000000000e+00 4.550978088378906250e+02 4.190445556640625000e+02 2.204558610916137695e+00 0.000000000000000000e+00 4.550978088378906250e+02
7.000000000000000000e+03 2.480949096679687500e+02 1.819659948348999023e+00 0.000000000000000000e+00 4.479624023437500000e+02 2.480949096679687500e+02 1.819659948348999023e+00 0.000000000000000000e+00 4.479624023437500000e+02
8.000000000000000000e+03 1.487912902832031250e+02 1.555251955986022949e+00 0.000000000000000000e+00 4.430592651367187500e+02 1.487912902832031250e+02 1.555251955986022949e+00 0.000000000000000000e+00 4.430592651367187500e+02
9.000000000000000000e+03 8.825086212158203125e+01 1.350251674652099609e+00 0.000000000000000000e+00 4.391516418457031250e+02 8.825086212158203125e+01 1.350251674652099609e+00 0.000000000000000000e+00 4.391516418457031250e+02
1.000000000000000000e+04 5.187477111816406250e+01 1.173656582832336426e+00 0.000000000000000000e+00 4.356260070800781250e+02 5.187477111816406250e+01 1.173656582832336426e+00 0.000000000000000000e+00 4.356260070800781250e+02
1.100000000000000000e+04 3.076160049438476562e+01 1.018809556961059570e+00 0.000000000000000000e+00 4.323586120605468750e+02 3.076160049438476562e+01 1.018809556961059570e+00 0.000000000000000000e+00 4.323586120605468750e+02
1.200000000000000000e+04 1.873653793334960938e+01 8.910257816314697266e-01 0.000000000000000000e+00 4.295243530273437500e+02 1.873653793334960938e+01 8.910257816314697266e-01 0.000000000000000000e+00 4.295243530273437500e+02
1.300000000000000000e+04 1.182076454162597656e+01 7.953747510910034180e-01 0.000000000000000000e+00 4.273207397460937500e+02 1.182076454162597656e+01 7.953747510910034180e-01 0.000000000000000000e+00 4.273207397460937500e+02
1.400000000000000000e+04 7.688870906829833984e+00 7.310433387756347656e-01 0.000000000000000000e+00 4.257897644042968750e+02 7.688870906829833984e+00 7.310433387756347656e-01 0.000000000000000000e+00 4.257897644042968750e+02
1.500000000000000000e+04 5.076117515563964844e+00 6.934174299240112305e-01 0.000000000000000000e+00 4.248495178222656250e+02 5.076117515563964844e+00 6.934174299240112305e-01 0.000000000000000000e+00 4.248495178222656250e+02
1.600000000000000000e+04 3.390963077545166016e+00 6.762242317199707031e-01 0.000000000000000000e+00 4.243666381835937500e+02 3.390963077545166016e+00 6.762242317199707031e-01 0.000000000000000000e+00 4.243666381835937500e+02
1.700000000000000000e+04 2.317227602005004883e+00 6.712286472320556641e-01 0.000000000000000000e+00 4.241662902832031250e+02 2.317227602005004883e+00 6.712286472320556641e-01 0.000000000000000000e+00 4.241662902832031250e+02
1.800000000000000000e+04 1.615489721298217773e+00 6.705719828605651855e-01 0.000000000000000000e+00 4.240792541503906250e+02 1.615489721298217773e+00 6.705719828605651855e-01 0.000000000000000000e+00 4.240792541503906250e+02
1.900000000000000000e+04 1.142865419387817383e+00 6.701043844223022461e-01 0.000000000000000000e+00 4.240074462890625000e+02 1.142865419387817383e+00 6.701043844223022461e-01 0.000000000000000000e+00 4.240074462890625000e+02
2.000000000000000000e+04 8.304418325424194336e-01 6.688280105590820312e-01 0.000000000000000000e+00 4.239170837402343750e+02 8.304418325424194336e-01 6.688280105590820312e-01 0.000000000000000000e+00 4.239170837402343750e+02
