# step, loss_train, loss_test, metrics_test
0.000000000000000000e+00 1.253231287002563477e+00 3.191502952575683594e+01 4.141562500000000000e+03 4.035502014160156250e+02 1.253231287002563477e+00 3.191502952575683594e+01 4.141562500000000000e+03 4.035502014160156250e+02
1.000000000000000000e+03 1.945678949356079102e+00 4.675584411621093750e+01 1.218252372741699219e+01 4.083992919921875000e+02 1.945678949356079102e+00 4.675584411621093750e+01 1.218252372741699219e+01 4.083992919921875000e+02
2.000000000000000000e+03 4.028835296630859375e-01 4.346347427368164062e+01 2.039992809295654297e+00 3.776582336425781250e+02 4.028835296630859375e-01 4.346347427368164062e+01 2.039992809295654297e+00 3.776582336425781250e+02
3.000000000000000000e+03 5.448331236839294434e-01 4.387691497802734375e+01 1.734614014625549316e+00 3.592297058105468750e+02 5.448331236839294434e-01 4.387691497802734375e+01 1.734614014625549316e+00 3.592297058105468750e+02
4.000000000000000000e+03 6.982297897338867188e-01 4.127391433715820312e+01 1.649337768554687500e+00 3.537165222167968750e+02 6.982297897338867188e-01 4.127391433715820312e+01 1.649337768554687500e+00 3.537165222167968750e+02
5.000000000000000000e+03 5.422096848487854004e-01 3.765923309326171875e+01 1.664223551750183105e+00 3.527540283203125000e+02 5.422096848487854004e-01 3.765923309326171875e+01 1.664223551750183105e+00 3.527540283203125000e+02
6.000000000000000000e+03 4.911535680294036865e-01 3.390864181518554688e+01 1.587178230285644531e+00 3.525057373046875000e+02 4.911535680294036865e-01 3.390864181518554688e+01 1.587178230285644531e+00 3.525057373046875000e+02
7.000000000000000000e+03 5.346791148185729980e-01 2.976373291015625000e+01 1.415131688117980957e+00 3.524917297363281250e+02 5.346791148185729980e-01 2.976373291015625000e+01 1.415131688117980957e+00 3.524917297363281250e+02
8.000000000000000000e+03 7.072904109954833984e-01 2.536586189270019531e+01 1.300193071365356445e+00 3.524447326660156250e+02 7.072904109954833984e-01 2.536586189270019531e+01 1.300193071365356445e+00 3.524447326660156250e+02
9.000000000000000000e+03 6.419520974159240723e-01 2.140979957580566406e+01 9.491701722145080566e-01 3.520318298339843750e+02 6.419520974159240723e-01 2.140979957580566406e+01 9.491701722145080566e-01 3.520318298339843750e+02
1.000000000000000000e+04 5.943222641944885254e-01 1.851656532287597656e+01 7.591353654861450195e-01 3.509374694824218750e+02 5.943222641944885254e-01 1.851656532287597656e+01 7.591353654861450195e-01 3.509374694824218750e+02
1.100000000000000000e+04 5.039992928504943848e-01 1.727390098571777344e+01 6.817743182182312012e-01 3.491911621093750000e+02 5.039992928504943848e-01 1.727390098571777344e+01 6.817743182182312012e-01 3.491911621093750000e+02
1.200000000000000000e+04 4.269722104072570801e-01 1.703067398071289062e+01 6.947522163391113281e-01 3.469714355468750000e+02 4.269722104072570801e-01 1.703067398071289062e+01 6.947522163391113281e-01 3.469714355468750000e+02
1.300000000000000000e+04 3.816661834716796875e-01 1.723767089843750000e+01 7.756254076957702637e-01 3.445373229980468750e+02 3.816661834716796875e-01 1.723767089843750000e+01 7.756254076957702637e-01 3.445373229980468750e+02
1.400000000000000000e+04 3.641189634799957275e-01 1.759847831726074219e+01 9.104838967323303223e-01 3.421588134765625000e+02 3.641189634799957275e-01 1.759847831726074219e+01 9.104838967323303223e-01 3.421588134765625000e+02
1.500000000000000000e+04 3.549853265285491943e-01 1.826957702636718750e+01 1.076441407203674316e+00 3.395741271972656250e+02 3.549853265285491943e-01 1.826957702636718750e+01 1.076441407203674316e+00 3.395741271972656250e+02
1.600000000000000000e+04 3.855724036693572998e-01 1.892375183105468750e+01 1.240776658058166504e+00 3.371162109375000000e+02 3.855724036693572998e-01 1.892375183105468750e+01 1.240776658058166504e+00 3.371162109375000000e+02
1.700000000000000000e+04 3.514185845851898193e-01 1.979365539550781250e+01 1.488107681274414062e+00 3.343458251953125000e+02 3.514185845851898193e-01 1.979365539550781250e+01 1.488107681274414062e+00 3.343458251953125000e+02
1.800000000000000000e+04 2.816509723663330078e+00 2.041630172729492188e+01 2.008841037750244141e+00 3.314448547363281250e+02 2.816509723663330078e+00 2.041630172729492188e+01 2.008841037750244141e+00 3.314448547363281250e+02
1.900000000000000000e+04 3.646262884140014648e-01 2.165818405151367188e+01 2.109248638153076172e+00 3.279083557128906250e+02 3.646262884140014648e-01 2.165818405151367188e+01 2.109248638153076172e+00 3.279083557128906250e+02
2.000000000000000000e+04 3.984873592853546143e-01 2.273884391784667969e+01 2.661148786544799805e+00 3.234562072753906250e+02 3.984873592853546143e-01 2.273884391784667969e+01 2.661148786544799805e+00 3.234562072753906250e+02
