# step, loss_train, loss_test, metrics_test
0.000000000000000000e+00 1.286693572998046875e+02 1.816184234619140625e+01 6.929195800781250000e+03 4.183191223144531250e+02 1.286693572998046875e+02 1.816184234619140625e+01 6.929195800781250000e+03 4.183191223144531250e+02
1.000000000000000000e+03 2.349852294921875000e+02 6.554691314697265625e+00 1.018069229125976562e+02 3.191294250488281250e+02 2.349852294921875000e+02 6.554691314697265625e+00 1.018069229125976562e+02 3.191294250488281250e+02
2.000000000000000000e+03 1.244774723052978516e+01 7.442433357238769531e+00 2.861258983612060547e+00 1.219426345825195312e+02 1.244774723052978516e+01 7.442433357238769531e+00 2.861258983612060547e+00 1.219426345825195312e+02
3.000000000000000000e+03 3.811427831649780273e+00 2.220478057861328125e+00 2.507281303405761719e+00 2.097102165222167969e+01 3.811427831649780273e+00 2.220478057861328125e+00 2.507281303405761719e+00 2.097102165222167969e+01
4.000000000000000000e+03 2.756547689437866211e+00 1.881077051162719727e+00 2.612590074539184570e+00 2.201422500610351562e+01 2.756547689437866211e+00 1.881077051162719727e+00 2.612590074539184570e+00 2.201422500610351562e+01
5.000000000000000000e+03 8.791517615318298340e-01 1.557866930961608887e+00 7.089840173721313477e-01 3.563523292541503906e+00 8.791517615318298340e-01 1.557866930961608887e+00 7.089840173721313477e-01 3.563523292541503906e+00
6.000000000000000000e+03 1.366718053817749023e+00 4.910317063331604004e-01 7.787761092185974121e-01 2.265674114227294922e+00 1.366718053817749023e+00 4.910317063331604004e-01 7.787761092185974121e-01 2.265674114227294922e+00
7.000000000000000000e+03 7.762608528137207031e-01 2.107952833175659180e-01 4.653716385364532471e-01 2.011059522628784180e+00 7.762608528137207031e-01 2.107952833175659180e-01 4.653716385364532471e-01 2.011059522628784180e+00
8.000000000000000000e+03 5.264860987663269043e-01 1.563092619180679321e-01 7.044357806444168091e-02 1.588086009025573730e+00 5.264860987663269043e-01 1.563092619180679321e-01 7.044357806444168091e-02 1.588086009025573730e+00
9.000000000000000000e+03 1.507818698883056641e+00 1.017688587307929993e-01 3.552522063255310059e-01 1.515283584594726562e+00 1.507818698883056641e+00 1.017688587307929993e-01 3.552522063255310059e-01 1.515283584594726562e+00
1.000000000000000000e+04 4.907698154449462891e+00 9.968116879463195801e-02 9.567850112915039062e+00 8.760920166969299316e-01 4.907698154449462891e+00 9.968116879463195801e-02 9.567850112915039062e+00 8.760920166969299316e-01
1.100000000000000000e+04 2.080520391464233398e+00 1.581443101167678833e-01 6.462986946105957031e+00 1.583052635192871094e+00 2.080520391464233398e+00 1.581443101167678833e-01 6.462986946105957031e+00 1.583052635192871094e+00
1.200000000000000000e+04 3.475057125091552734e+00 2.417350387573242188e+01 1.162233710289001465e+00 3.676361694335937500e+02 3.475057125091552734e+00 2.417350387573242188e+01 1.162233710289001465e+00 3.676361694335937500e+02
1.300000000000000000e+04 2.317022132873535156e+01 5.126978874206542969e+00 6.555056571960449219e+00 1.862233734130859375e+02 2.317022132873535156e+01 5.126978874206542969e+00 6.555056571960449219e+00 1.862233734130859375e+02
1.400000000000000000e+04 7.062208652496337891e+00 2.593435287475585938e+00 1.283008933067321777e+00 2.765606880187988281e+01 7.062208652496337891e+00 2.593435287475585938e+00 1.283008933067321777e+00 2.765606880187988281e+01
1.500000000000000000e+04 2.574052572250366211e+00 1.904211044311523438e+00 1.989480853080749512e-01 5.929488658905029297e+00 2.574052572250366211e+00 1.904211044311523438e+00 1.989480853080749512e-01 5.929488658905029297e+00
1.600000000000000000e+04 3.984448671340942383e+00 1.297892451286315918e+00 9.336922168731689453e-01 2.864668846130371094e+00 3.984448671340942383e+00 1.297892451286315918e+00 9.336922168731689453e-01 2.864668846130371094e+00
1.700000000000000000e+04 1.773250341415405273e+00 6.205465197563171387e-01 6.390618085861206055e-01 2.418126344680786133e+00 1.773250341415405273e+00 6.205465197563171387e-01 6.390618085861206055e-01 2.418126344680786133e+00
1.800000000000000000e+04 1.499937891960144043e+00 2.576318979263305664e-01 1.022269368171691895e+00 1.464069366455078125e+00 1.499937891960144043e+00 2.576318979263305664e-01 1.022269368171691895e+00 1.464069366455078125e+00
1.900000000000000000e+04 2.611283874511718750e+01 5.374374389648437500e-01 3.866441726684570312e+01 1.844165325164794922e+00 2.611283874511718750e+01 5.374374389648437500e-01 3.866441726684570312e+01 1.844165325164794922e+00
2.000000000000000000e+04 3.395910739898681641e+00 1.464651674032211304e-01 5.657260417938232422e-01 1.833433270454406738e+00 3.395910739898681641e+00 1.464651674032211304e-01 5.657260417938232422e-01 1.833433270454406738e+00
