# step, loss_train, loss_test, metrics_test
0.000000000000000000e+00 9.474565429687500000e+03 6.318983078002929688e+01 1.679760156250000000e+04 1.518462524414062500e+02 9.474565429687500000e+03 6.318983078002929688e+01 1.679760156250000000e+04 1.518462524414062500e+02
1.000000000000000000e+03 1.849224240402236319e-08 1.533518218994140625e+01 2.833992187500000000e+03 1.346979827880859375e+02 1.849224240402236319e-08 1.533518218994140625e+01 2.833992187500000000e+03 1.346979827880859375e+02
2.000000000000000000e+03 4.358681193750157945e-10 1.595551872253417969e+01 2.835485595703125000e+03 1.349270019531250000e+02 4.358681193750157945e-10 1.595551872253417969e+01 2.835485595703125000e+03 1.349270019531250000e+02
3.000000000000000000e+03 5.381871615028899214e-10 1.533516979217529297e+01 2.833992431640625000e+03 1.346979980468750000e+02 5.381871615028899214e-10 1.533516979217529297e+01 2.833992431640625000e+03 1.346979980468750000e+02
4.000000000000000000e+03 1.895730683543206396e-09 1.533513164520263672e+01 2.833992187500000000e+03 1.346979675292968750e+02 1.895730683543206396e-09 1.533513164520263672e+01 2.833992187500000000e+03 1.346979675292968750e+02
5.000000000000000000e+03 1.199273902408037884e-09 1.533454799652099609e+01 2.833993408203125000e+03 1.346977691650390625e+02 1.199273902408037884e-09 1.533454799652099609e+01 2.833993408203125000e+03 1.346977691650390625e+02
6.000000000000000000e+03 8.698005649065976286e-10 1.533665943145751953e+01 2.833990478515625000e+03 1.346985321044921875e+02 8.698005649065976286e-10 1.533665943145751953e+01 2.833990478515625000e+03 1.346985321044921875e+02
7.000000000000000000e+03 6.576410527259213268e-10 1.532303714752197266e+01 2.834009765625000000e+03 1.346935119628906250e+02 6.576410527259213268e-10 1.532303714752197266e+01 2.834009765625000000e+03 1.346935119628906250e+02
8.000000000000000000e+03 1.787615888648730333e-10 1.532895469665527344e+01 2.834000976562500000e+03 1.346956787109375000e+02 1.787615888648730333e-10 1.532895469665527344e+01 2.834000976562500000e+03 1.346956787109375000e+02
9.000000000000000000e+03 4.184952384633788824e-11 1.691690826416015625e+01 2.845862304687500000e+03 1.352830963134765625e+02 4.184952384633788824e-11 1.691690826416015625e+01 2.845862304687500000e+03 1.352830963134765625e+02
1.000000000000000000e+04 9.328426052446214811e-12 1.420963287353515625e+01 2.844758300781250000e+03 1.342844238281250000e+02 9.328426052446214811e-12 1.420963287353515625e+01 2.844758300781250000e+03 1.342844238281250000e+02
1.100000000000000000e+04 2.914551412713795031e-12 2.055726814270019531e+01 2.946670166015625000e+03 1.366404266357421875e+02 2.914551412713795031e-12 2.055726814270019531e+01 2.946670166015625000e+03 1.366404266357421875e+02
1.200000000000000000e+04 8.251343401946553691e-13 1.033950901031494141e+01 3.341258789062500000e+03 1.329294433593750000e+02 8.251343401946553691e-13 1.033950901031494141e+01 3.341258789062500000e+03 1.329294433593750000e+02
1.300000000000000000e+04 3.204005257721048716e-13 3.347713851928710938e+01 3.672434570312500000e+03 1.415112762451171875e+02 3.204005257721048716e-13 3.347713851928710938e+01 3.672434570312500000e+03 1.415112762451171875e+02
1.400000000000000000e+04 8.408428304757659122e-14 1.608261489868164062e+01 2.836331298828125000e+03 1.349739837646484375e+02 8.408428304757659122e-14 1.608261489868164062e+01 2.836331298828125000e+03 1.349739837646484375e+02
1.500000000000000000e+04 2.815263925031331188e-14 1.529424190521240234e+01 2.834059326171875000e+03 1.346828918457031250e+02 2.815263925031331188e-14 1.529424190521240234e+01 2.834059326171875000e+03 1.346828918457031250e+02
1.600000000000000000e+04 1.021751449723981575e-14 1.533458518981933594e+01 2.833993408203125000e+03 1.346977691650390625e+02 1.021751449723981575e-14 1.533458518981933594e+01 2.833993408203125000e+03 1.346977691650390625e+02
1.700000000000000000e+04 3.803463383275033222e-15 1.533526515960693359e+01 2.833992187500000000e+03 1.346980285644531250e+02 3.803463383275033222e-15 1.533526515960693359e+01 2.833992187500000000e+03 1.346980285644531250e+02
1.800000000000000000e+04 1.180760434461587249e-15 1.533521747589111328e+01 2.833992187500000000e+03 1.346980133056640625e+02 1.180760434461587249e-15 1.533521747589111328e+01 2.833992187500000000e+03 1.346980133056640625e+02
1.900000000000000000e+04 2.733328998675324225e-16 1.533523654937744141e+01 2.833992187500000000e+03 1.346980133056640625e+02 2.733328998675324225e-16 1.533523654937744141e+01 2.833992187500000000e+03 1.346980133056640625e+02
2.000000000000000000e+04 1.033733964254623093e-16 1.533751773834228516e+01 2.833989501953125000e+03 1.346988677978515625e+02 1.033733964254623093e-16 1.533751773834228516e+01 2.833989501953125000e+03 1.346988677978515625e+02
