# step, loss_train, loss_test, metrics_test
0.000000000000000000e+00 3.823143750000000000e+06 5.339045410156250000e+03 0.000000000000000000e+00 8.906749023437500000e+03 3.823143750000000000e+06 5.339045410156250000e+03 0.000000000000000000e+00 8.906749023437500000e+03
1.000000000000000000e+03 1.326389080883200000e+13 1.440487505920000000e+11 0.000000000000000000e+00 9.371882291200000000e+10 1.326389080883200000e+13 1.440487505920000000e+11 0.000000000000000000e+00 9.371882291200000000e+10
2.000000000000000000e+03 1.242446314025779200e+16 4.517261381468160000e+14 0.000000000000000000e+00 2.858042030817280000e+14 1.242446314025779200e+16 4.517261381468160000e+14 0.000000000000000000e+00 2.858042030817280000e+14
3.000000000000000000e+03 3.725616480256000000e+12 2.831224668160000000e+11 0.000000000000000000e+00 2.642552258560000000e+11 3.725616480256000000e+12 2.831224668160000000e+11 0.000000000000000000e+00 2.642552258560000000e+11
4.000000000000000000e+03 7.441191403520000000e+11 5.741839564800000000e+10 0.000000000000000000e+00 5.127273267200000000e+10 7.441191403520000000e+11 5.741839564800000000e+10 0.000000000000000000e+00 5.127273267200000000e+10
5.000000000000000000e+03 7.040675840000000000e+10 5.661136384000000000e+09 0.000000000000000000e+00 4.558981632000000000e+09 7.040675840000000000e+10 5.661136384000000000e+09 0.000000000000000000e+00 4.558981632000000000e+09
6.000000000000000000e+03 2.089753395200000000e+10 2.745340672000000000e+09 0.000000000000000000e+00 2.541392640000000000e+09 2.089753395200000000e+10 2.745340672000000000e+09 0.000000000000000000e+00 2.541392640000000000e+09
7.000000000000000000e+03 8.387703040000000000e+08 8.079693600000000000e+07 0.000000000000000000e+00 7.776333600000000000e+07 8.387703040000000000e+08 8.079693600000000000e+07 0.000000000000000000e+00 7.776333600000000000e+07
8.000000000000000000e+03 4.364325500000000000e+06 3.720630000000000000e+06 0.000000000000000000e+00 1.372757000000000000e+06 4.364325500000000000e+06 3.720630000000000000e+06 0.000000000000000000e+00 1.372757000000000000e+06
9.000000000000000000e+03 5.138484375000000000e+05 4.003852500000000000e+06 0.000000000000000000e+00 1.606577250000000000e+06 5.138484375000000000e+05 4.003852500000000000e+06 0.000000000000000000e+00 1.606577250000000000e+06
1.000000000000000000e+04 3.417194687500000000e+05 4.135616250000000000e+06 0.000000000000000000e+00 1.734746875000000000e+06 3.417194687500000000e+05 4.135616250000000000e+06 0.000000000000000000e+00 1.734746875000000000e+06
1.100000000000000000e+04 3.676056667490877440e+17 6.604330945740800000e+15 0.000000000000000000e+00 3.253770318249984000e+15 3.676056667490877440e+17 6.604330945740800000e+15 0.000000000000000000e+00 3.253770318249984000e+15
1.200000000000000000e+04 3.989649414355727300e+24 5.131274751686423347e+19 0.000000000000000000e+00 2.163489678570186342e+20 3.989649414355727300e+24 5.131274751686423347e+19 0.000000000000000000e+00 2.163489678570186342e+20
1.300000000000000000e+04 4.007436399098425583e+24 5.128819762123925094e+19 0.000000000000000000e+00 2.162517710291232358e+20 4.007436399098425583e+24 5.128819762123925094e+19 0.000000000000000000e+00 2.162517710291232358e+20
1.400000000000000000e+04 4.007480498345976795e+24 5.126945314700892570e+19 0.000000000000000000e+00 2.162333520103347323e+20 4.007480498345976795e+24 5.126945314700892570e+19 0.000000000000000000e+00 2.162333520103347323e+20
1.500000000000000000e+04 4.007484821801619071e+24 5.125209845547610931e+19 0.000000000000000000e+00 2.162147570696857846e+20 4.007484821801619071e+24 5.125209845547610931e+19 0.000000000000000000e+00 2.162147570696857846e+20
1.600000000000000000e+04 4.007430922721278701e+24 5.123498125845489254e+19 0.000000000000000000e+00 2.162002435161991414e+20 4.007430922721278701e+24 5.123498125845489254e+19 0.000000000000000000e+00 2.162002435161991414e+20
1.700000000000000000e+04 4.007430922721278701e+24 5.121967605659625062e+19 0.000000000000000000e+00 2.161843929565731226e+20 4.007430922721278701e+24 5.121967605659625062e+19 0.000000000000000000e+00 2.161843929565731226e+20
1.800000000000000000e+04 4.007433516794664066e+24 5.120243571427272294e+19 0.000000000000000000e+00 2.161675748267146609e+20 4.007433516794664066e+24 5.120243571427272294e+19 0.000000000000000000e+00 2.161675748267146609e+20
1.900000000000000000e+04 4.013882671461058616e+24 5.118578471018168320e+19 0.000000000000000000e+00 2.161517946358328197e+20 4.013882671461058616e+24 5.118578471018168320e+19 0.000000000000000000e+00 2.161517946358328197e+20
2.000000000000000000e+04 4.013882671461058616e+24 5.116769554488151245e+19 0.000000000000000000e+00 2.161340968966721372e+20 4.013882671461058616e+24 5.116769554488151245e+19 0.000000000000000000e+00 2.161340968966721372e+20
