# step, loss_train, loss_test, metrics_test
0.000000000000000000e+00 2.149043139070272446e-03 5.609680557250976562e+01 0.000000000000000000e+00 1.744897003173828125e+02 2.149043139070272446e-03 5.609680557250976562e+01 0.000000000000000000e+00 1.744897003173828125e+02
1.000000000000000000e+03 1.388206379488110542e-03 1.049488544464111328e+01 0.000000000000000000e+00 1.537912750244140625e+02 1.388206379488110542e-03 1.049488544464111328e+01 0.000000000000000000e+00 1.537912750244140625e+02
2.000000000000000000e+03 1.092366337776184082e+00 5.655660152435302734e+00 0.000000000000000000e+00 1.275711517333984375e+02 1.092366337776184082e+00 5.655660152435302734e+00 0.000000000000000000e+00 1.275711517333984375e+02
3.000000000000000000e+03 1.036356806755065918e+00 1.355298614501953125e+01 0.000000000000000000e+00 9.976519012451171875e+01 1.036356806755065918e+00 1.355298614501953125e+01 0.000000000000000000e+00 9.976519012451171875e+01
4.000000000000000000e+03 3.943483233451843262e-01 1.615044021606445312e+01 0.000000000000000000e+00 8.865996551513671875e+01 3.943483233451843262e-01 1.615044021606445312e+01 0.000000000000000000e+00 8.865996551513671875e+01
5.000000000000000000e+03 3.690760135650634766e+00 6.563277721405029297e+00 0.000000000000000000e+00 3.604357147216796875e+01 3.690760135650634766e+00 6.563277721405029297e+00 0.000000000000000000e+00 3.604357147216796875e+01
6.000000000000000000e+03 1.776323318481445312e+00 7.389071941375732422e+00 0.000000000000000000e+00 2.347113990783691406e+01 1.776323318481445312e+00 7.389071941375732422e+00 0.000000000000000000e+00 2.347113990783691406e+01
7.000000000000000000e+03 1.307171583175659180e+00 6.820076465606689453e+00 0.000000000000000000e+00 1.884285926818847656e+01 1.307171583175659180e+00 6.820076465606689453e+00 0.000000000000000000e+00 1.884285926818847656e+01
8.000000000000000000e+03 1.313443660736083984e+00 5.933048725128173828e+00 0.000000000000000000e+00 1.582456111907958984e+01 1.313443660736083984e+00 5.933048725128173828e+00 0.000000000000000000e+00 1.582456111907958984e+01
9.000000000000000000e+03 1.270824313163757324e+00 5.073616504669189453e+00 0.000000000000000000e+00 1.354655170440673828e+01 1.270824313163757324e+00 5.073616504669189453e+00 0.000000000000000000e+00 1.354655170440673828e+01
1.000000000000000000e+04 1.831365108489990234e+00 4.351781368255615234e+00 0.000000000000000000e+00 1.169795322418212891e+01 1.831365108489990234e+00 4.351781368255615234e+00 0.000000000000000000e+00 1.169795322418212891e+01
1.100000000000000000e+04 1.426150202751159668e+00 3.709205389022827148e+00 0.000000000000000000e+00 1.009815883636474609e+01 1.426150202751159668e+00 3.709205389022827148e+00 0.000000000000000000e+00 1.009815883636474609e+01
1.200000000000000000e+04 1.507732391357421875e+00 3.205284118652343750e+00 0.000000000000000000e+00 8.735486030578613281e+00 1.507732391357421875e+00 3.205284118652343750e+00 0.000000000000000000e+00 8.735486030578613281e+00
1.300000000000000000e+04 1.556863307952880859e+00 2.812367439270019531e+00 0.000000000000000000e+00 7.507751464843750000e+00 1.556863307952880859e+00 2.812367439270019531e+00 0.000000000000000000e+00 7.507751464843750000e+00
1.400000000000000000e+04 1.548503994941711426e+00 2.487625598907470703e+00 0.000000000000000000e+00 6.368806838989257812e+00 1.548503994941711426e+00 2.487625598907470703e+00 0.000000000000000000e+00 6.368806838989257812e+00
1.500000000000000000e+04 1.505490541458129883e+00 2.221169948577880859e+00 0.000000000000000000e+00 5.343108654022216797e+00 1.505490541458129883e+00 2.221169948577880859e+00 0.000000000000000000e+00 5.343108654022216797e+00
1.600000000000000000e+04 1.491476655006408691e+00 2.007245302200317383e+00 0.000000000000000000e+00 4.472316265106201172e+00 1.491476655006408691e+00 2.007245302200317383e+00 0.000000000000000000e+00 4.472316265106201172e+00
1.700000000000000000e+04 1.429156541824340820e+00 1.832910060882568359e+00 0.000000000000000000e+00 3.765624284744262695e+00 1.429156541824340820e+00 1.832910060882568359e+00 0.000000000000000000e+00 3.765624284744262695e+00
1.800000000000000000e+04 1.195826888084411621e+00 1.677245974540710449e+00 0.000000000000000000e+00 3.195474147796630859e+00 1.195826888084411621e+00 1.677245974540710449e+00 0.000000000000000000e+00 3.195474147796630859e+00
1.900000000000000000e+04 1.015015244483947754e+00 1.557490468025207520e+00 0.000000000000000000e+00 2.762303829193115234e+00 1.015015244483947754e+00 1.557490468025207520e+00 0.000000000000000000e+00 2.762303829193115234e+00
2.000000000000000000e+04 8.753589391708374023e-01 1.458725571632385254e+00 0.000000000000000000e+00 2.427674055099487305e+00 8.753589391708374023e-01 1.458725571632385254e+00 0.000000000000000000e+00 2.427674055099487305e+00
