# step, loss_train, loss_test, metrics_test
0.000000000000000000e+00 9.134143066406250000e+01 3.042707443237304688e+01 7.751046142578125000e+02 1.240055389404296875e+02 9.134143066406250000e+01 3.042707443237304688e+01 7.751046142578125000e+02 1.240055389404296875e+02
1.000000000000000000e+03 3.681667709350585938e+01 2.156035614013671875e+01 6.068901443481445312e+01 1.167427368164062500e+02 3.681667709350585938e+01 2.156035614013671875e+01 6.068901443481445312e+01 1.167427368164062500e+02
2.000000000000000000e+03 2.049174308776855469e+01 1.639345741271972656e+01 3.766119241714477539e+00 1.133861312866210938e+02 2.049174308776855469e+01 1.639345741271972656e+01 3.766119241714477539e+00 1.133861312866210938e+02
3.000000000000000000e+03 1.149735927581787109e+01 6.426040172576904297e+00 6.262254118919372559e-01 1.087308807373046875e+02 1.149735927581787109e+01 6.426040172576904297e+00 6.262254118919372559e-01 1.087308807373046875e+02
4.000000000000000000e+03 8.290958404541015625e+00 3.338337898254394531e+00 2.879620194435119629e-01 1.029939193725585938e+02 8.290958404541015625e+00 3.338337898254394531e+00 2.879620194435119629e-01 1.029939193725585938e+02
5.000000000000000000e+03 8.107610702514648438e+00 2.990773200988769531e+00 2.436083853244781494e-01 9.123242187500000000e+01 8.107610702514648438e+00 2.990773200988769531e+00 2.436083853244781494e-01 9.123242187500000000e+01
6.000000000000000000e+03 1.886802291870117188e+01 2.007878303527832031e+00 6.694184243679046631e-02 4.739512252807617188e+01 1.886802291870117188e+01 2.007878303527832031e+00 6.694184243679046631e-02 4.739512252807617188e+01
7.000000000000000000e+03 1.662190246582031250e+01 4.067102968692779541e-01 1.177856326103210449e-01 1.165229892730712891e+01 1.662190246582031250e+01 4.067102968692779541e-01 1.177856326103210449e-01 1.165229892730712891e+01
8.000000000000000000e+03 1.153222942352294922e+01 1.800971180200576782e-01 1.445845514535903931e-01 5.823330402374267578e+00 1.153222942352294922e+01 1.800971180200576782e-01 1.445845514535903931e-01 5.823330402374267578e+00
9.000000000000000000e+03 8.643562316894531250e+00 9.195992350578308105e-02 1.681241691112518311e-01 3.924709796905517578e+00 8.643562316894531250e+00 9.195992350578308105e-02 1.681241691112518311e-01 3.924709796905517578e+00
1.000000000000000000e+04 6.563681602478027344e+00 7.123892754316329956e-02 1.209634393453598022e-01 2.929182291030883789e+00 6.563681602478027344e+00 7.123892754316329956e-02 1.209634393453598022e-01 2.929182291030883789e+00
1.100000000000000000e+04 5.998652458190917969e+00 3.534888848662376404e-02 6.326469779014587402e-02 2.415579319000244141e+00 5.998652458190917969e+00 3.534888848662376404e-02 6.326469779014587402e-02 2.415579319000244141e+00
1.200000000000000000e+04 4.290788650512695312e+00 2.108630165457725525e-02 4.981437325477600098e-02 1.923683881759643555e+00 4.290788650512695312e+00 2.108630165457725525e-02 4.981437325477600098e-02 1.923683881759643555e+00
1.300000000000000000e+04 3.633386850357055664e+00 1.903886161744594574e-02 5.025226250290870667e-02 1.543963789939880371e+00 3.633386850357055664e+00 1.903886161744594574e-02 5.025226250290870667e-02 1.543963789939880371e+00
1.400000000000000000e+04 3.176236152648925781e+00 9.523287415504455566e-03 8.360844105482101440e-02 1.282182812690734863e+00 3.176236152648925781e+00 9.523287415504455566e-03 8.360844105482101440e-02 1.282182812690734863e+00
1.500000000000000000e+04 2.471633195877075195e+00 7.049769628793001175e-03 1.765929907560348511e-02 9.886839389801025391e-01 2.471633195877075195e+00 7.049769628793001175e-03 1.765929907560348511e-02 9.886839389801025391e-01
1.600000000000000000e+04 2.297476768493652344e+00 5.261717829853296280e-03 3.805412352085113525e-02 8.231369256973266602e-01 2.297476768493652344e+00 5.261717829853296280e-03 3.805412352085113525e-02 8.231369256973266602e-01
1.700000000000000000e+04 2.070736885070800781e+00 6.548054981976747513e-03 5.947772264480590820e-01 7.580285072326660156e-01 2.070736885070800781e+00 6.548054981976747513e-03 5.947772264480590820e-01 7.580285072326660156e-01
1.800000000000000000e+04 1.808637619018554688e+00 3.018582705408334732e-03 1.294303387403488159e-01 6.410034298896789551e-01 1.808637619018554688e+00 3.018582705408334732e-03 1.294303387403488159e-01 6.410034298896789551e-01
1.900000000000000000e+04 1.664376974105834961e+00 4.480760544538497925e-03 5.140654370188713074e-02 5.989192724227905273e-01 1.664376974105834961e+00 4.480760544538497925e-03 5.140654370188713074e-02 5.989192724227905273e-01
2.000000000000000000e+04 1.656436443328857422e+00 3.309351392090320587e-03 3.877101093530654907e-02 5.467351078987121582e-01 1.656436443328857422e+00 3.309351392090320587e-03 3.877101093530654907e-02 5.467351078987121582e-01
