# step, loss_train, loss_test, metrics_test
0.000000000000000000e+00 0.000000000000000000e+00 3.927516174316406250e+01 2.380016357421875000e+03 1.580969085693359375e+02 0.000000000000000000e+00 3.927516174316406250e+01 2.380016357421875000e+03 1.580969085693359375e+02
1.000000000000000000e+03 0.000000000000000000e+00 1.267618652343750000e+03 2.960242187500000000e+04 7.010523071289062500e+02 0.000000000000000000e+00 1.267618652343750000e+03 2.960242187500000000e+04 7.010523071289062500e+02
2.000000000000000000e+03 0.000000000000000000e+00 1.102682861328125000e+03 2.599591015625000000e+04 6.282962646484375000e+02 0.000000000000000000e+00 1.102682861328125000e+03 2.599591015625000000e+04 6.282962646484375000e+02
3.000000000000000000e+03 0.000000000000000000e+00 8.577606201171875000e+02 2.060784179687500000e+04 5.202219238281250000e+02 0.000000000000000000e+00 8.577606201171875000e+02 2.060784179687500000e+04 5.202219238281250000e+02
4.000000000000000000e+03 0.000000000000000000e+00 5.583933715820312500e+02 1.394318847656250000e+04 3.880385131835937500e+02 0.000000000000000000e+00 5.583933715820312500e+02 1.394318847656250000e+04 3.880385131835937500e+02
5.000000000000000000e+03 0.000000000000000000e+00 2.704147644042968750e+02 7.371588867187500000e+03 2.607112731933593750e+02 0.000000000000000000e+00 2.704147644042968750e+02 7.371588867187500000e+03 2.607112731933593750e+02
6.000000000000000000e+03 0.000000000000000000e+00 1.334971069335937500e+03 2.972934375000000000e+04 7.307573852539062500e+02 0.000000000000000000e+00 1.334971069335937500e+03 2.972934375000000000e+04 7.307573852539062500e+02
7.000000000000000000e+03 0.000000000000000000e+00 1.321856933593750000e+03 2.945443164062500000e+04 7.249734497070312500e+02 0.000000000000000000e+00 1.321856933593750000e+03 2.945443164062500000e+04 7.249734497070312500e+02
8.000000000000000000e+03 0.000000000000000000e+00 1.300495483398437500e+03 2.900768359375000000e+04 7.155519409179687500e+02 0.000000000000000000e+00 1.300495483398437500e+03 2.900768359375000000e+04 7.155519409179687500e+02
9.000000000000000000e+03 0.000000000000000000e+00 1.265996704101562500e+03 2.828574609375000000e+04 7.003359985351562500e+02 0.000000000000000000e+00 1.265996704101562500e+03 2.828574609375000000e+04 7.003359985351562500e+02
1.000000000000000000e+04 0.000000000000000000e+00 1.211045166015625000e+03 2.713455859375000000e+04 6.760977172851562500e+02 0.000000000000000000e+00 1.211045166015625000e+03 2.713455859375000000e+04 6.760977172851562500e+02
1.100000000000000000e+04 0.000000000000000000e+00 1.125470214843750000e+03 2.533860742187500000e+04 6.383483886718750000e+02 0.000000000000000000e+00 1.125470214843750000e+03 2.533860742187500000e+04 6.383483886718750000e+02
1.200000000000000000e+04 0.000000000000000000e+00 3.554883984375000000e+04 4.601828437500000000e+05 1.575357324218750000e+04 0.000000000000000000e+00 3.554883984375000000e+04 4.601828437500000000e+05 1.575357324218750000e+04
1.300000000000000000e+04 0.000000000000000000e+00 3.530173828125000000e+04 4.569288750000000000e+05 1.564498437500000000e+04 0.000000000000000000e+00 3.530173828125000000e+04 4.569288750000000000e+05 1.564498437500000000e+04
1.400000000000000000e+04 0.000000000000000000e+00 3.489805859375000000e+04 4.516132187500000000e+05 1.546758203125000000e+04 0.000000000000000000e+00 3.489805859375000000e+04 4.516132187500000000e+05 1.546758203125000000e+04
1.500000000000000000e+04 0.000000000000000000e+00 3.424244921875000000e+04 4.429814375000000000e+05 1.517946777343750000e+04 0.000000000000000000e+00 3.424244921875000000e+04 4.429814375000000000e+05 1.517946777343750000e+04
1.600000000000000000e+04 0.000000000000000000e+00 3.318822656250000000e+04 4.291048125000000000e+05 1.471618554687500000e+04 0.000000000000000000e+00 3.318822656250000000e+04 4.291048125000000000e+05 1.471618554687500000e+04
1.700000000000000000e+04 0.000000000000000000e+00 3.150699414062500000e+04 9.622265625000000000e+05 1.397737011718750000e+04 0.000000000000000000e+00 3.150699414062500000e+04 9.622265625000000000e+05 1.397737011718750000e+04
1.800000000000000000e+04 0.000000000000000000e+00 2.874064062500000000e+04 5.715273125000000000e+05 1.276171972656250000e+04 0.000000000000000000e+00 2.874064062500000000e+04 5.715273125000000000e+05 1.276171972656250000e+04
1.900000000000000000e+04 0.000000000000000000e+00 1.831715000000000000e+05 3.277887000000000000e+06 8.064268750000000000e+04 0.000000000000000000e+00 1.831715000000000000e+05 3.277887000000000000e+06 8.064268750000000000e+04
2.000000000000000000e+04 0.000000000000000000e+00 1.821589687500000000e+05 3.259675500000000000e+06 8.019758593750000000e+04 0.000000000000000000e+00 1.821589687500000000e+05 3.259675500000000000e+06 8.019758593750000000e+04
