# step, loss_train, loss_test, metrics_test
0.000000000000000000e+00 7.930448608398437500e+02 1.871425056457519531e+01 3.140282592773437500e+02 2.414868164062500000e+02 7.930448608398437500e+02 1.871425056457519531e+01 3.140282592773437500e+02 2.414868164062500000e+02
1.000000000000000000e+03 2.348522186279296875e+01 1.376462841033935547e+01 1.164630794525146484e+01 2.170079650878906250e+02 2.348522186279296875e+01 1.376462841033935547e+01 1.164630794525146484e+01 2.170079650878906250e+02
2.000000000000000000e+03 1.153185462951660156e+01 7.240932941436767578e+00 1.686990261077880859e+00 1.834455871582031250e+02 1.153185462951660156e+01 7.240932941436767578e+00 1.686990261077880859e+00 1.834455871582031250e+02
3.000000000000000000e+03 2.645889472961425781e+01 3.614735841751098633e+00 5.318814516067504883e-01 6.710835266113281250e+01 2.645889472961425781e+01 3.614735841751098633e+00 5.318814516067504883e-01 6.710835266113281250e+01
4.000000000000000000e+03 1.565931034088134766e+01 3.055588603019714355e-01 1.446916759014129639e-01 6.463976383209228516e+00 1.565931034088134766e+01 3.055588603019714355e-01 1.446916759014129639e-01 6.463976383209228516e+00
5.000000000000000000e+03 8.644613265991210938e+00 9.107820689678192139e-02 1.581736505031585693e-01 2.949723005294799805e+00 8.644613265991210938e+00 9.107820689678192139e-02 1.581736505031585693e-01 2.949723005294799805e+00
6.000000000000000000e+03 6.352553844451904297e+00 4.067171737551689148e-02 1.238362044095993042e-01 1.863074302673339844e+00 6.352553844451904297e+00 4.067171737551689148e-02 1.238362044095993042e-01 1.863074302673339844e+00
7.000000000000000000e+03 4.472017765045166016e+00 2.572552673518657684e-02 9.976626932621002197e-02 1.331560134887695312e+00 4.472017765045166016e+00 2.572552673518657684e-02 9.976626932621002197e-02 1.331560134887695312e+00
8.000000000000000000e+03 3.335270166397094727e+00 1.969189569354057312e-02 1.952920854091644287e-01 1.002135157585144043e+00 3.335270166397094727e+00 1.969189569354057312e-02 1.952920854091644287e-01 1.002135157585144043e+00
9.000000000000000000e+03 2.512449026107788086e+00 1.168683264404535294e-02 3.658825904130935669e-02 7.452417612075805664e-01 2.512449026107788086e+00 1.168683264404535294e-02 3.658825904130935669e-02 7.452417612075805664e-01
1.000000000000000000e+04 2.264368295669555664e+00 9.577626362442970276e-03 2.064795047044754028e-02 6.080099940299987793e-01 2.264368295669555664e+00 9.577626362442970276e-03 2.064795047044754028e-02 6.080099940299987793e-01
1.100000000000000000e+04 1.522213578224182129e+00 6.736171897500753403e-03 2.606619000434875488e-01 4.954278469085693359e-01 1.522213578224182129e+00 6.736171897500753403e-03 2.606619000434875488e-01 4.954278469085693359e-01
1.200000000000000000e+04 1.454743027687072754e+00 5.648885853588581085e-03 7.341340184211730957e-02 4.295997917652130127e-01 1.454743027687072754e+00 5.648885853588581085e-03 7.341340184211730957e-02 4.295997917652130127e-01
1.300000000000000000e+04 1.404364347457885742e+00 9.689579717814922333e-03 1.690786890685558319e-02 3.381569981575012207e-01 1.404364347457885742e+00 9.689579717814922333e-03 1.690786890685558319e-02 3.381569981575012207e-01
1.400000000000000000e+04 1.378944158554077148e+00 4.157639574259519577e-03 1.231357008218765259e-01 3.550103306770324707e-01 1.378944158554077148e+00 4.157639574259519577e-03 1.231357008218765259e-01 3.550103306770324707e-01
1.500000000000000000e+04 1.346415996551513672e+00 3.229144727811217308e-03 1.082649752497673035e-01 2.611595988273620605e-01 1.346415996551513672e+00 3.229144727811217308e-03 1.082649752497673035e-01 2.611595988273620605e-01
1.600000000000000000e+04 1.325315952301025391e+00 9.648331906646490097e-04 1.576592177152633667e-01 2.447827160358428955e-01 1.325315952301025391e+00 9.648331906646490097e-04 1.576592177152633667e-01 2.447827160358428955e-01
1.700000000000000000e+04 1.056974291801452637e+00 1.480554929003119469e-03 3.749669790267944336e-01 2.011194527149200439e-01 1.056974291801452637e+00 1.480554929003119469e-03 3.749669790267944336e-01 2.011194527149200439e-01
1.800000000000000000e+04 6.593496203422546387e-01 5.487737944349646568e-04 9.789654053747653961e-03 1.619038283824920654e-01 6.593496203422546387e-01 5.487737944349646568e-04 9.789654053747653961e-03 1.619038283824920654e-01
1.900000000000000000e+04 8.091687560081481934e-01 1.135520637035369873e-03 3.401268646121025085e-02 1.634438335895538330e-01 8.091687560081481934e-01 1.135520637035369873e-03 3.401268646121025085e-02 1.634438335895538330e-01
2.000000000000000000e+04 8.231186270713806152e-01 6.559222820214927197e-04 2.231634035706520081e-02 1.532535851001739502e-01 8.231186270713806152e-01 6.559222820214927197e-04 2.231634035706520081e-02 1.532535851001739502e-01
