# step, loss_train, loss_test, metrics_test
0.000000000000000000e+00 0.000000000000000000e+00 3.465913009643554688e+01 1.024651171875000000e+04 4.234387512207031250e+02 0.000000000000000000e+00 3.465913009643554688e+01 1.024651171875000000e+04 4.234387512207031250e+02
1.000000000000000000e+03 0.000000000000000000e+00 9.159731864929199219e+00 2.560428710937500000e+03 3.848093566894531250e+02 0.000000000000000000e+00 9.159731864929199219e+00 2.560428710937500000e+03 3.848093566894531250e+02
2.000000000000000000e+03 0.000000000000000000e+00 1.348385143280029297e+01 2.181267089843750000e+03 3.898212890625000000e+02 0.000000000000000000e+00 1.348385143280029297e+01 2.181267089843750000e+03 3.898212890625000000e+02
3.000000000000000000e+03 0.000000000000000000e+00 1.348293781280517578e+01 2.181269287109375000e+03 3.898201904296875000e+02 0.000000000000000000e+00 1.348293781280517578e+01 2.181269287109375000e+03 3.898201904296875000e+02
4.000000000000000000e+03 0.000000000000000000e+00 1.348284339904785156e+01 2.181269531250000000e+03 3.898200988769531250e+02 0.000000000000000000e+00 1.348284339904785156e+01 2.181269531250000000e+03 3.898200988769531250e+02
5.000000000000000000e+03 0.000000000000000000e+00 1.318907546997070312e+01 2.182499511718750000e+03 3.894660644531250000e+02 0.000000000000000000e+00 1.318907546997070312e+01 2.182499511718750000e+03 3.894660644531250000e+02
6.000000000000000000e+03 0.000000000000000000e+00 1.348280620574951172e+01 2.181269531250000000e+03 3.898200378417968750e+02 0.000000000000000000e+00 1.348280620574951172e+01 2.181269531250000000e+03 3.898200378417968750e+02
7.000000000000000000e+03 0.000000000000000000e+00 1.348283863067626953e+01 2.181269287109375000e+03 3.898200378417968750e+02 0.000000000000000000e+00 1.348283863067626953e+01 2.181269287109375000e+03 3.898200378417968750e+02
8.000000000000000000e+03 0.000000000000000000e+00 1.348193264007568359e+01 2.181271240234375000e+03 3.898189697265625000e+02 0.000000000000000000e+00 1.348193264007568359e+01 2.181271240234375000e+03 3.898189697265625000e+02
9.000000000000000000e+03 0.000000000000000000e+00 2.250748443603515625e+01 2.443453369140625000e+03 4.008587341308593750e+02 0.000000000000000000e+00 2.250748443603515625e+01 2.443453369140625000e+03 4.008587341308593750e+02
1.000000000000000000e+04 0.000000000000000000e+00 1.352177333831787109e+01 2.181193359375000000e+03 3.898670043945312500e+02 0.000000000000000000e+00 1.352177333831787109e+01 2.181193359375000000e+03 3.898670043945312500e+02
1.100000000000000000e+04 0.000000000000000000e+00 1.348159599304199219e+01 2.181271728515625000e+03 3.898186340332031250e+02 0.000000000000000000e+00 1.348159599304199219e+01 2.181271728515625000e+03 3.898186340332031250e+02
1.200000000000000000e+04 0.000000000000000000e+00 1.348320102691650391e+01 2.181268554687500000e+03 3.898205261230468750e+02 0.000000000000000000e+00 1.348320102691650391e+01 2.181268554687500000e+03 3.898205261230468750e+02
1.300000000000000000e+04 0.000000000000000000e+00 1.348283386230468750e+01 2.181269287109375000e+03 3.898200378417968750e+02 0.000000000000000000e+00 1.348283386230468750e+01 2.181269287109375000e+03 3.898200378417968750e+02
1.400000000000000000e+04 0.000000000000000000e+00 1.349092674255371094e+01 2.181251953125000000e+03 3.898298339843750000e+02 0.000000000000000000e+00 1.349092674255371094e+01 2.181251953125000000e+03 3.898298339843750000e+02
1.500000000000000000e+04 0.000000000000000000e+00 1.360008907318115234e+01 2.181099365234375000e+03 3.899615173339843750e+02 0.000000000000000000e+00 1.360008907318115234e+01 2.181099365234375000e+03 3.899615173339843750e+02
1.600000000000000000e+04 0.000000000000000000e+00 1.346567916870117188e+01 2.181309082031250000e+03 3.897993469238281250e+02 0.000000000000000000e+00 1.346567916870117188e+01 2.181309082031250000e+03 3.897993469238281250e+02
1.700000000000000000e+04 0.000000000000000000e+00 1.314433193206787109e+01 2.182793212890625000e+03 3.894122619628906250e+02 0.000000000000000000e+00 1.314433193206787109e+01 2.182793212890625000e+03 3.894122619628906250e+02
1.800000000000000000e+04 0.000000000000000000e+00 1.348430156707763672e+01 2.181266113281250000e+03 3.898218078613281250e+02 0.000000000000000000e+00 1.348430156707763672e+01 2.181266113281250000e+03 3.898218078613281250e+02
1.900000000000000000e+04 0.000000000000000000e+00 1.349555397033691406e+01 2.181242187500000000e+03 3.898354187011718750e+02 0.000000000000000000e+00 1.349555397033691406e+01 2.181242187500000000e+03 3.898354187011718750e+02
2.000000000000000000e+04 0.000000000000000000e+00 1.377916622161865234e+01 2.181169677734375000e+03 3.901777648925781250e+02 0.000000000000000000e+00 1.377916622161865234e+01 2.181169677734375000e+03 3.901777648925781250e+02
