# step, loss_train, loss_test, metrics_test
0.000000000000000000e+00 9.373569335937500000e+03 3.325123977661132812e+01 1.664799316406250000e+03 4.812012023925781250e+02 9.373569335937500000e+03 3.325123977661132812e+01 1.664799316406250000e+03 4.812012023925781250e+02
1.000000000000000000e+03 1.013594055175781250e+03 2.810991859436035156e+01 1.338207641601562500e+03 4.586116333007812500e+02 1.013594055175781250e+03 2.810991859436035156e+01 1.338207641601562500e+03 4.586116333007812500e+02
2.000000000000000000e+03 2.988367919921875000e+02 2.150860595703125000e+01 9.645827026367187500e+02 4.442543029785156250e+02 2.988367919921875000e+02 2.150860595703125000e+01 9.645827026367187500e+02 4.442543029785156250e+02
3.000000000000000000e+03 1.158663482666015625e+02 1.732725143432617188e+01 7.024616088867187500e+02 4.356442565917968750e+02 1.158663482666015625e+02 1.732725143432617188e+01 7.024616088867187500e+02 4.356442565917968750e+02
4.000000000000000000e+03 4.527485656738281250e+01 1.548860263824462891e+01 5.376034545898437500e+02 4.311755981445312500e+02 4.527485656738281250e+01 1.548860263824462891e+01 5.376034545898437500e+02 4.311755981445312500e+02
5.000000000000000000e+03 2.364388275146484375e+01 1.539226913452148438e+01 4.434539794921875000e+02 4.296794128417968750e+02 2.364388275146484375e+01 1.539226913452148438e+01 4.434539794921875000e+02 4.296794128417968750e+02
6.000000000000000000e+03 1.760290527343750000e+01 1.633709335327148438e+01 4.009580383300781250e+02 4.302862548828125000e+02 1.760290527343750000e+01 1.633709335327148438e+01 4.009580383300781250e+02 4.302862548828125000e+02
7.000000000000000000e+03 1.376766204833984375e+01 1.749451446533203125e+01 3.823217773437500000e+02 4.317192993164062500e+02 1.376766204833984375e+01 1.749451446533203125e+01 3.823217773437500000e+02 4.317192993164062500e+02
8.000000000000000000e+03 1.130697631835937500e+01 1.829824256896972656e+01 3.680427246093750000e+02 4.329604492187500000e+02 1.130697631835937500e+01 1.829824256896972656e+01 3.680427246093750000e+02 4.329604492187500000e+02
9.000000000000000000e+03 9.916586875915527344e+00 1.888927650451660156e+01 3.539812011718750000e+02 4.340417785644531250e+02 9.916586875915527344e+00 1.888927650451660156e+01 3.539812011718750000e+02 4.340417785644531250e+02
1.000000000000000000e+04 9.086217880249023438e+00 1.940701675415039062e+01 3.397709655761718750e+02 4.351320190429687500e+02 9.086217880249023438e+00 1.940701675415039062e+01 3.397709655761718750e+02 4.351320190429687500e+02
1.100000000000000000e+04 8.724854469299316406e+00 1.997780227661132812e+01 3.240378112792968750e+02 4.363711853027343750e+02 8.724854469299316406e+00 1.997780227661132812e+01 3.240378112792968750e+02 4.363711853027343750e+02
1.200000000000000000e+04 9.234045982360839844e+00 2.053945922851562500e+01 3.052409667968750000e+02 4.375910644531250000e+02 9.234045982360839844e+00 2.053945922851562500e+01 3.052409667968750000e+02 4.375910644531250000e+02
1.300000000000000000e+04 1.108217811584472656e+01 2.098058128356933594e+01 2.840742797851562500e+02 4.378180541992187500e+02 1.108217811584472656e+01 2.098058128356933594e+01 2.840742797851562500e+02 4.378180541992187500e+02
1.400000000000000000e+04 1.540193748474121094e+01 2.154361724853515625e+01 2.551036376953125000e+02 4.359355468750000000e+02 1.540193748474121094e+01 2.154361724853515625e+01 2.551036376953125000e+02 4.359355468750000000e+02
1.500000000000000000e+04 2.428321838378906250e+01 2.398140144348144531e+01 2.040433959960937500e+02 4.296012878417968750e+02 2.428321838378906250e+01 2.398140144348144531e+01 2.040433959960937500e+02 4.296012878417968750e+02
1.600000000000000000e+04 3.262878036499023438e+01 3.306983947753906250e+01 1.269601821899414062e+02 4.162359924316406250e+02 3.262878036499023438e+01 3.306983947753906250e+01 1.269601821899414062e+02 4.162359924316406250e+02
1.700000000000000000e+04 2.998123741149902344e+01 4.665848922729492188e+01 6.531069946289062500e+01 4.047663879394531250e+02 2.998123741149902344e+01 4.665848922729492188e+01 6.531069946289062500e+01 4.047663879394531250e+02
1.800000000000000000e+04 2.375027656555175781e+01 5.231656265258789062e+01 3.822984313964843750e+01 3.996986694335937500e+02 2.375027656555175781e+01 5.231656265258789062e+01 3.822984313964843750e+01 3.996986694335937500e+02
1.900000000000000000e+04 1.722977638244628906e+01 5.206623840332031250e+01 2.589675903320312500e+01 3.966269836425781250e+02 1.722977638244628906e+01 5.206623840332031250e+01 2.589675903320312500e+01 3.966269836425781250e+02
2.000000000000000000e+04 1.163155460357666016e+01 5.060410308837890625e+01 1.996201324462890625e+01 3.930560913085937500e+02 1.163155460357666016e+01 5.060410308837890625e+01 1.996201324462890625e+01 3.930560913085937500e+02
