# step, loss_train, loss_test, metrics_test
0.000000000000000000e+00 6.183642578125000000e+01 5.519737243652343750e+00 2.987420410156250000e+03 2.342920379638671875e+02 6.183642578125000000e+01 5.519737243652343750e+00 2.987420410156250000e+03 2.342920379638671875e+02
1.000000000000000000e+03 7.178671264648437500e+01 1.299137973785400391e+01 5.697310256958007812e+01 2.272635955810546875e+02 7.178671264648437500e+01 1.299137973785400391e+01 5.697310256958007812e+01 2.272635955810546875e+02
2.000000000000000000e+03 9.667287445068359375e+01 6.804888725280761719e+00 4.701030731201171875e+01 2.246018371582031250e+02 9.667287445068359375e+01 6.804888725280761719e+00 4.701030731201171875e+01 2.246018371582031250e+02
3.000000000000000000e+03 3.550934448242187500e+02 3.293366193771362305e+00 6.098886718750000000e+02 2.271687316894531250e+02 3.550934448242187500e+02 3.293366193771362305e+00 6.098886718750000000e+02 2.271687316894531250e+02
4.000000000000000000e+03 5.164733276367187500e+02 7.369699478149414062e+00 3.665828552246093750e+02 2.795784606933593750e+02 5.164733276367187500e+02 7.369699478149414062e+00 3.665828552246093750e+02 2.795784606933593750e+02
5.000000000000000000e+03 2.659872131347656250e+02 1.122869682312011719e+01 1.600261840820312500e+02 2.794044189453125000e+02 2.659872131347656250e+02 1.122869682312011719e+01 1.600261840820312500e+02 2.794044189453125000e+02
6.000000000000000000e+03 7.290831054687500000e+03 3.761239624023437500e+01 3.187244140625000000e+04 3.763855285644531250e+02 7.290831054687500000e+03 3.761239624023437500e+01 3.187244140625000000e+04 3.763855285644531250e+02
7.000000000000000000e+03 1.570108489990234375e+02 2.346494102478027344e+01 1.282269335937500000e+04 3.234604797363281250e+02 1.570108489990234375e+02 2.346494102478027344e+01 1.282269335937500000e+04 3.234604797363281250e+02
8.000000000000000000e+03 2.595320701599121094e+01 4.180970668792724609e+00 5.948397827148437500e+02 2.497871551513671875e+02 2.595320701599121094e+01 4.180970668792724609e+00 5.948397827148437500e+02 2.497871551513671875e+02
9.000000000000000000e+03 6.904186248779296875e+01 2.000531768798828125e+01 1.110191503906250000e+04 3.101589050292968750e+02 6.904186248779296875e+01 2.000531768798828125e+01 1.110191503906250000e+04 3.101589050292968750e+02
1.000000000000000000e+04 5.121247768402099609e+00 6.542825317382812500e+01 3.909341796875000000e+04 5.048457031250000000e+02 5.121247768402099609e+00 6.542825317382812500e+01 3.909341796875000000e+04 5.048457031250000000e+02
1.100000000000000000e+04 2.144113922119140625e+01 2.667842292785644531e+01 1.082251367187500000e+04 3.413511657714843750e+02 2.144113922119140625e+01 2.667842292785644531e+01 1.082251367187500000e+04 3.413511657714843750e+02
1.200000000000000000e+04 4.287439346313476562e+01 1.195857696533203125e+02 9.326414843750000000e+04 7.475894165039062500e+02 4.287439346313476562e+01 1.195857696533203125e+02 9.326414843750000000e+04 7.475894165039062500e+02
1.300000000000000000e+04 2.862233352661132812e+01 3.401131868362426758e+00 3.403191162109375000e+03 2.420974121093750000e+02 2.862233352661132812e+01 3.401131868362426758e+00 3.403191162109375000e+03 2.420974121093750000e+02
1.400000000000000000e+04 1.879203796386718750e+01 6.244817504882812500e+02 5.914456875000000000e+05 2.946088867187500000e+03 1.879203796386718750e+01 6.244817504882812500e+02 5.914456875000000000e+05 2.946088867187500000e+03
1.500000000000000000e+04 1.289305973052978516e+01 2.301604270935058594e+01 2.841195703125000000e+04 3.317794494628906250e+02 1.289305973052978516e+01 2.301604270935058594e+01 2.841195703125000000e+04 3.317794494628906250e+02
1.600000000000000000e+04 1.712143135070800781e+01 5.747276687622070312e+01 2.881671289062500000e+04 4.695488281250000000e+02 1.712143135070800781e+01 5.747276687622070312e+01 2.881671289062500000e+04 4.695488281250000000e+02
1.700000000000000000e+04 3.641722488403320312e+01 2.230941057205200195e+00 8.200766601562500000e+03 2.579439086914062500e+02 3.641722488403320312e+01 2.230941057205200195e+00 8.200766601562500000e+03 2.579439086914062500e+02
1.800000000000000000e+04 3.273431396484375000e+01 7.800744533538818359e+00 4.223936157226562500e+02 2.652463073730468750e+02 3.273431396484375000e+01 7.800744533538818359e+00 4.223936157226562500e+02 2.652463073730468750e+02
1.900000000000000000e+04 1.249389362335205078e+01 5.966665744781494141e+00 1.488784375000000000e+04 2.746926879882812500e+02 1.249389362335205078e+01 5.966665744781494141e+00 1.488784375000000000e+04 2.746926879882812500e+02
2.000000000000000000e+04 1.874784469604492188e+01 6.929542541503906250e+01 3.785276562500000000e+04 5.261121215820312500e+02 1.874784469604492188e+01 6.929542541503906250e+01 3.785276562500000000e+04 5.261121215820312500e+02
