# step, loss_train, loss_test, metrics_test
0.000000000000000000e+00 0.000000000000000000e+00 4.737983322143554688e+01 2.942470703125000000e+02 4.474331970214843750e+02 0.000000000000000000e+00 4.737983322143554688e+01 2.942470703125000000e+02 4.474331970214843750e+02
1.000000000000000000e+03 0.000000000000000000e+00 1.299867153167724609e+00 9.016144275665283203e-01 7.978859901428222656e+00 0.000000000000000000e+00 1.299867153167724609e+00 9.016144275665283203e-01 7.978859901428222656e+00
2.000000000000000000e+03 0.000000000000000000e+00 2.143457382917404175e-01 1.028757572174072266e+00 5.389535903930664062e+00 0.000000000000000000e+00 2.143457382917404175e-01 1.028757572174072266e+00 5.389535903930664062e+00
3.000000000000000000e+03 0.000000000000000000e+00 2.591390907764434814e-01 1.538779258728027344e+00 4.564489841461181641e+00 0.000000000000000000e+00 2.591390907764434814e-01 1.538779258728027344e+00 4.564489841461181641e+00
4.000000000000000000e+03 0.000000000000000000e+00 2.042879104614257812e+01 1.072535400390625000e+02 4.265659179687500000e+02 0.000000000000000000e+00 2.042879104614257812e+01 1.072535400390625000e+02 4.265659179687500000e+02
5.000000000000000000e+03 0.000000000000000000e+00 2.042746734619140625e+01 1.072557754516601562e+02 4.265650024414062500e+02 0.000000000000000000e+00 2.042746734619140625e+01 1.072557754516601562e+02 4.265650024414062500e+02
6.000000000000000000e+03 0.000000000000000000e+00 2.042746734619140625e+01 1.072557754516601562e+02 4.265649719238281250e+02 0.000000000000000000e+00 2.042746734619140625e+01 1.072557754516601562e+02 4.265649719238281250e+02
7.000000000000000000e+03 0.000000000000000000e+00 2.043203926086425781e+01 1.072480545043945312e+02 4.265681457519531250e+02 0.000000000000000000e+00 2.043203926086425781e+01 1.072480545043945312e+02 4.265681457519531250e+02
8.000000000000000000e+03 0.000000000000000000e+00 2.042614364624023438e+01 1.072579956054687500e+02 4.265640563964843750e+02 0.000000000000000000e+00 2.042614364624023438e+01 1.072579956054687500e+02 4.265640563964843750e+02
9.000000000000000000e+03 0.000000000000000000e+00 2.049332809448242188e+01 1.071460266113281250e+02 4.266103210449218750e+02 0.000000000000000000e+00 2.049332809448242188e+01 1.071460266113281250e+02 4.266103210449218750e+02
1.000000000000000000e+04 0.000000000000000000e+00 2.042900848388671875e+01 1.072531661987304688e+02 4.265659790039062500e+02 0.000000000000000000e+00 2.042900848388671875e+01 1.072531661987304688e+02 4.265659790039062500e+02
1.100000000000000000e+04 0.000000000000000000e+00 2.042757606506347656e+01 1.072555847167968750e+02 4.265650634765625000e+02 0.000000000000000000e+00 2.042757606506347656e+01 1.072555847167968750e+02 4.265650634765625000e+02
1.200000000000000000e+04 0.000000000000000000e+00 2.042760467529296875e+01 1.072555389404296875e+02 4.265650634765625000e+02 0.000000000000000000e+00 2.042760467529296875e+01 1.072555389404296875e+02 4.265650634765625000e+02
1.300000000000000000e+04 0.000000000000000000e+00 2.062651062011718750e+01 1.069326095581054688e+02 4.267021484375000000e+02 0.000000000000000000e+00 2.062651062011718750e+01 1.069326095581054688e+02 4.267021484375000000e+02
1.400000000000000000e+04 0.000000000000000000e+00 2.042763328552246094e+01 1.072555007934570312e+02 4.265650634765625000e+02 0.000000000000000000e+00 2.042763328552246094e+01 1.072555007934570312e+02 4.265650634765625000e+02
1.500000000000000000e+04 0.000000000000000000e+00 2.042760467529296875e+01 1.072555389404296875e+02 4.265650634765625000e+02 0.000000000000000000e+00 2.042760467529296875e+01 1.072555389404296875e+02 4.265650634765625000e+02
1.600000000000000000e+04 0.000000000000000000e+00 2.042719078063964844e+01 1.072562332153320312e+02 4.265647888183593750e+02 0.000000000000000000e+00 2.042719078063964844e+01 1.072562332153320312e+02 4.265647888183593750e+02
1.700000000000000000e+04 0.000000000000000000e+00 2.042731475830078125e+01 1.072560195922851562e+02 4.265648803710937500e+02 0.000000000000000000e+00 2.042731475830078125e+01 1.072560195922851562e+02 4.265648803710937500e+02
1.800000000000000000e+04 0.000000000000000000e+00 2.042768669128417969e+01 1.072554016113281250e+02 4.265650939941406250e+02 0.000000000000000000e+00 2.042768669128417969e+01 1.072554016113281250e+02 4.265650939941406250e+02
1.900000000000000000e+04 0.000000000000000000e+00 2.043952560424804688e+01 1.072354583740234375e+02 4.265732727050781250e+02 0.000000000000000000e+00 2.043952560424804688e+01 1.072354583740234375e+02 4.265732727050781250e+02
2.000000000000000000e+04 0.000000000000000000e+00 2.042738533020019531e+01 1.072559051513671875e+02 4.265649414062500000e+02 0.000000000000000000e+00 2.042738533020019531e+01 1.072559051513671875e+02 4.265649414062500000e+02
