# step, loss_train, loss_test, metrics_test
0.000000000000000000e+00 4.490345312500000000e+04 2.693308067321777344e+01 1.759208740234375000e+03 3.188571166992187500e+02 4.490345312500000000e+04 2.693308067321777344e+01 1.759208740234375000e+03 3.188571166992187500e+02
1.000000000000000000e+03 6.720506191253662109e+00 3.913893127441406250e+01 6.556046009063720703e+00 3.128640136718750000e+02 6.720506191253662109e+00 3.913893127441406250e+01 6.556046009063720703e+00 3.128640136718750000e+02
2.000000000000000000e+03 3.134753704071044922e+00 4.028326416015625000e+01 2.520268440246582031e+00 2.957927856445312500e+02 3.134753704071044922e+00 4.028326416015625000e+01 2.520268440246582031e+00 2.957927856445312500e+02
3.000000000000000000e+03 2.452567815780639648e+00 3.411363601684570312e+01 1.333484888076782227e+00 2.868269348144531250e+02 2.452567815780639648e+00 3.411363601684570312e+01 1.333484888076782227e+00 2.868269348144531250e+02
4.000000000000000000e+03 2.400472640991210938e+00 2.489558029174804688e+01 9.579674005508422852e-01 2.797869262695312500e+02 2.400472640991210938e+00 2.489558029174804688e+01 9.579674005508422852e-01 2.797869262695312500e+02
5.000000000000000000e+03 3.220121145248413086e+00 1.707921600341796875e+01 9.017674326896667480e-01 2.721179504394531250e+02 3.220121145248413086e+00 1.707921600341796875e+01 9.017674326896667480e-01 2.721179504394531250e+02
6.000000000000000000e+03 2.150333166122436523e+00 1.453674125671386719e+01 1.079494595527648926e+00 2.665539550781250000e+02 2.150333166122436523e+00 1.453674125671386719e+01 1.079494595527648926e+00 2.665539550781250000e+02
7.000000000000000000e+03 2.410212516784667969e+00 1.399518299102783203e+01 1.360581636428833008e+00 2.619863891601562500e+02 2.410212516784667969e+00 1.399518299102783203e+01 1.360581636428833008e+00 2.619863891601562500e+02
8.000000000000000000e+03 3.905898809432983398e+00 1.406603813171386719e+01 1.416282892227172852e+00 2.566209106445312500e+02 3.905898809432983398e+00 1.406603813171386719e+01 1.416282892227172852e+00 2.566209106445312500e+02
9.000000000000000000e+03 3.686009407043457031e+00 1.414634609222412109e+01 1.411970138549804688e+00 2.468765716552734375e+02 3.686009407043457031e+00 1.414634609222412109e+01 1.411970138549804688e+00 2.468765716552734375e+02
1.000000000000000000e+04 7.092662811279296875e+00 1.403720664978027344e+01 1.399338126182556152e+00 2.279951629638671875e+02 7.092662811279296875e+00 1.403720664978027344e+01 1.399338126182556152e+00 2.279951629638671875e+02
1.100000000000000000e+04 1.498043441772460938e+01 1.287076950073242188e+01 1.768148779869079590e+00 1.970727233886718750e+02 1.498043441772460938e+01 1.287076950073242188e+01 1.768148779869079590e+00 1.970727233886718750e+02
1.200000000000000000e+04 3.524788284301757812e+01 1.093198966979980469e+01 3.894729375839233398e+00 1.581096038818359375e+02 3.524788284301757812e+01 1.093198966979980469e+01 3.894729375839233398e+00 1.581096038818359375e+02
1.300000000000000000e+04 3.460890197753906250e+01 9.679915428161621094e+00 3.441823482513427734e+00 1.253052444458007812e+02 3.460890197753906250e+01 9.679915428161621094e+00 3.441823482513427734e+00 1.253052444458007812e+02
1.400000000000000000e+04 4.741187286376953125e+01 8.278491973876953125e+00 4.459772586822509766e+00 1.085650939941406250e+02 4.741187286376953125e+01 8.278491973876953125e+00 4.459772586822509766e+00 1.085650939941406250e+02
1.500000000000000000e+04 3.721490859985351562e+01 7.166942119598388672e+00 2.911652803421020508e+00 9.373647308349609375e+01 3.721490859985351562e+01 7.166942119598388672e+00 2.911652803421020508e+00 9.373647308349609375e+01
1.600000000000000000e+04 3.845243453979492188e+01 6.612763881683349609e+00 3.563948154449462891e+00 8.129276275634765625e+01 3.845243453979492188e+01 6.612763881683349609e+00 3.563948154449462891e+00 8.129276275634765625e+01
1.700000000000000000e+04 4.270269775390625000e+01 5.700106620788574219e+00 3.478692770004272461e+00 7.444746398925781250e+01 4.270269775390625000e+01 5.700106620788574219e+00 3.478692770004272461e+00 7.444746398925781250e+01
1.800000000000000000e+04 4.578506088256835938e+01 5.461502552032470703e+00 3.037667274475097656e+00 6.578488922119140625e+01 4.578506088256835938e+01 5.461502552032470703e+00 3.037667274475097656e+00 6.578488922119140625e+01
1.900000000000000000e+04 4.754733657836914062e+01 4.929268836975097656e+00 5.351303577423095703e+00 6.331929779052734375e+01 4.754733657836914062e+01 4.929268836975097656e+00 5.351303577423095703e+00 6.331929779052734375e+01
2.000000000000000000e+04 4.092225265502929688e+01 4.659107208251953125e+00 2.532715082168579102e+00 6.010228347778320312e+01 4.092225265502929688e+01 4.659107208251953125e+00 2.532715082168579102e+00 6.010228347778320312e+01
