# step, loss_train, loss_test, metrics_test
0.000000000000000000e+00 6.500843359375000000e+04 1.493544311523437500e+02 8.467302734375000000e+03 7.808101806640625000e+02 6.500843359375000000e+04 1.493544311523437500e+02 8.467302734375000000e+03 7.808101806640625000e+02
1.000000000000000000e+03 5.492418750000000000e+04 6.240438842773437500e+01 2.551657470703125000e+03 4.625460205078125000e+02 5.492418750000000000e+04 6.240438842773437500e+01 2.551657470703125000e+03 4.625460205078125000e+02
2.000000000000000000e+03 2.762105468750000000e+04 5.023010635375976562e+01 1.109507446289062500e+03 4.131077270507812500e+02 2.762105468750000000e+04 5.023010635375976562e+01 1.109507446289062500e+03 4.131077270507812500e+02
3.000000000000000000e+03 2.575404687500000000e+04 4.962662887573242188e+01 2.088842773437500000e+03 3.959787292480468750e+02 2.575404687500000000e+04 4.962662887573242188e+01 2.088842773437500000e+03 3.959787292480468750e+02
4.000000000000000000e+03 8.575958984375000000e+03 2.676277351379394531e+01 9.656281738281250000e+02 3.925893859863281250e+02 8.575958984375000000e+03 2.676277351379394531e+01 9.656281738281250000e+02 3.925893859863281250e+02
5.000000000000000000e+03 6.967755737304687500e+02 1.691140937805175781e+01 1.119883056640625000e+03 4.464652404785156250e+02 6.967755737304687500e+02 1.691140937805175781e+01 1.119883056640625000e+03 4.464652404785156250e+02
6.000000000000000000e+03 1.194824752807617188e+02 1.979075431823730469e+01 1.696642944335937500e+03 4.419185485839843750e+02 1.194824752807617188e+02 1.979075431823730469e+01 1.696642944335937500e+03 4.419185485839843750e+02
7.000000000000000000e+03 2.205753479003906250e+02 1.219609642028808594e+01 1.277941406250000000e+03 4.321564941406250000e+02 2.205753479003906250e+02 1.219609642028808594e+01 1.277941406250000000e+03 4.321564941406250000e+02
8.000000000000000000e+03 2.246616058349609375e+02 1.246986961364746094e+01 1.241771118164062500e+03 4.336169738769531250e+02 2.246616058349609375e+02 1.246986961364746094e+01 1.241771118164062500e+03 4.336169738769531250e+02
9.000000000000000000e+03 1.666710510253906250e+02 1.153489780426025391e+01 1.507171142578125000e+03 4.283885803222656250e+02 1.666710510253906250e+02 1.153489780426025391e+01 1.507171142578125000e+03 4.283885803222656250e+02
1.000000000000000000e+04 2.230204772949218750e+02 1.246475028991699219e+01 1.240794311523437500e+03 4.330780029296875000e+02 2.230204772949218750e+02 1.246475028991699219e+01 1.240794311523437500e+03 4.330780029296875000e+02
1.100000000000000000e+04 2.289321136474609375e+02 1.250085163116455078e+01 1.204074707031250000e+03 4.335020446777343750e+02 2.289321136474609375e+02 1.250085163116455078e+01 1.204074707031250000e+03 4.335020446777343750e+02
1.200000000000000000e+04 2.310478057861328125e+02 1.264579010009765625e+01 1.146562011718750000e+03 4.346016845703125000e+02 2.310478057861328125e+02 1.264579010009765625e+01 1.146562011718750000e+03 4.346016845703125000e+02
1.300000000000000000e+04 3.782393798828125000e+02 1.232489871978759766e+01 1.298807495117187500e+03 4.304373779296875000e+02 3.782393798828125000e+02 1.232489871978759766e+01 1.298807495117187500e+03 4.304373779296875000e+02
1.400000000000000000e+04 2.315484619140625000e+02 1.246962547302246094e+01 1.008669250488281250e+03 4.341915283203125000e+02 2.315484619140625000e+02 1.246962547302246094e+01 1.008669250488281250e+03 4.341915283203125000e+02
1.500000000000000000e+04 4.250322831467201468e-07 1.282871150970458984e+01 1.884567993164062500e+03 4.299389038085937500e+02 4.250322831467201468e-07 1.282871150970458984e+01 1.884567993164062500e+03 4.299389038085937500e+02
1.600000000000000000e+04 3.850416874229267705e-07 1.282871150970458984e+01 1.884567993164062500e+03 4.299389038085937500e+02 3.850416874229267705e-07 1.282871150970458984e+01 1.884567993164062500e+03 4.299389038085937500e+02
1.700000000000000000e+04 3.797868544097582344e-07 1.282871150970458984e+01 1.884567993164062500e+03 4.299389038085937500e+02 3.797868544097582344e-07 1.282871150970458984e+01 1.884567993164062500e+03 4.299389038085937500e+02
1.800000000000000000e+04 3.785110891385556897e-07 1.282869148254394531e+01 1.884567993164062500e+03 4.299389038085937500e+02 3.785110891385556897e-07 1.282869148254394531e+01 1.884567993164062500e+03 4.299389038085937500e+02
1.900000000000000000e+04 3.765883604955888586e-07 1.282905960083007812e+01 1.884567138671875000e+03 4.299394531250000000e+02 3.765883604955888586e-07 1.282905960083007812e+01 1.884567138671875000e+03 4.299394531250000000e+02
2.000000000000000000e+04 3.192589588252303656e-07 8.841500282287597656e+00 2.162902099609375000e+03 4.245673828125000000e+02 3.192589588252303656e-07 8.841500282287597656e+00 2.162902099609375000e+03 4.245673828125000000e+02
