# step, loss_train, loss_test, metrics_test
0.000000000000000000e+00 1.401234840159304440e-06 9.522654724121093750e+01 9.231354980468750000e+02 5.790554046630859375e+01 1.401234840159304440e-06 9.522654724121093750e+01 9.231354980468750000e+02 5.790554046630859375e+01
1.000000000000000000e+03 3.931160271167755127e-01 9.419375419616699219e+00 1.867513179779052734e+00 4.752474594116210938e+01 3.931160271167755127e-01 9.419375419616699219e+00 1.867513179779052734e+00 4.752474594116210938e+01
2.000000000000000000e+03 2.202985286712646484e-01 7.770926952362060547e-01 1.681715250015258789e-01 4.387890243530273438e+01 2.202985286712646484e-01 7.770926952362060547e-01 1.681715250015258789e-01 4.387890243530273438e+01
3.000000000000000000e+03 3.595189750194549561e-01 1.172906637191772461e+00 2.022661715745925903e-01 4.001008987426757812e+01 3.595189750194549561e-01 1.172906637191772461e+00 2.022661715745925903e-01 4.001008987426757812e+01
4.000000000000000000e+03 2.034191131591796875e+00 3.179895401000976562e+00 1.565506935119628906e+01 3.379700088500976562e+01 2.034191131591796875e+00 3.179895401000976562e+00 1.565506935119628906e+01 3.379700088500976562e+01
5.000000000000000000e+03 3.354988098144531250e+00 3.133602857589721680e+00 8.826764822006225586e-01 2.636041450500488281e+01 3.354988098144531250e+00 3.133602857589721680e+00 8.826764822006225586e-01 2.636041450500488281e+01
6.000000000000000000e+03 1.594867467880249023e+00 2.111108064651489258e+00 1.180000782012939453e+00 1.316389560699462891e+01 1.594867467880249023e+00 2.111108064651489258e+00 1.180000782012939453e+00 1.316389560699462891e+01
7.000000000000000000e+03 9.250388741493225098e-01 1.575461983680725098e+00 9.077441096305847168e-01 1.472522354125976562e+01 9.250388741493225098e-01 1.575461983680725098e+00 9.077441096305847168e-01 1.472522354125976562e+01
8.000000000000000000e+03 1.404613137245178223e+00 1.226897597312927246e+00 6.638616919517517090e-01 1.113011360168457031e+01 1.404613137245178223e+00 1.226897597312927246e+00 6.638616919517517090e-01 1.113011360168457031e+01
9.000000000000000000e+03 1.453239560127258301e+00 8.392874002456665039e-01 7.123510837554931641e-01 2.915119171142578125e+00 1.453239560127258301e+00 8.392874002456665039e-01 7.123510837554931641e-01 2.915119171142578125e+00
1.000000000000000000e+04 1.059364199638366699e+00 7.879555225372314453e-01 2.734202444553375244e-01 6.186425209045410156e+00 1.059364199638366699e+00 7.879555225372314453e-01 2.734202444553375244e-01 6.186425209045410156e+00
1.100000000000000000e+04 1.108942508697509766e+01 1.413909673690795898e+00 1.096168756484985352e+00 5.926379203796386719e+00 1.108942508697509766e+01 1.413909673690795898e+00 1.096168756484985352e+00 5.926379203796386719e+00
1.200000000000000000e+04 1.296259522438049316e+00 7.252903580665588379e-01 2.744718194007873535e-01 3.411072731018066406e+00 1.296259522438049316e+00 7.252903580665588379e-01 2.744718194007873535e-01 3.411072731018066406e+00
1.300000000000000000e+04 8.380725383758544922e-01 3.051092028617858887e-01 1.254712492227554321e-01 1.424877405166625977e+00 8.380725383758544922e-01 3.051092028617858887e-01 1.254712492227554321e-01 1.424877405166625977e+00
1.400000000000000000e+04 2.596536397933959961e+00 3.447404205799102783e-01 1.957484632730484009e-01 2.527217388153076172e+00 2.596536397933959961e+00 3.447404205799102783e-01 1.957484632730484009e-01 2.527217388153076172e+00
1.500000000000000000e+04 1.603259921073913574e+00 2.419797331094741821e-01 1.941975206136703491e-01 1.081907868385314941e+00 1.603259921073913574e+00 2.419797331094741821e-01 1.941975206136703491e-01 1.081907868385314941e+00
1.600000000000000000e+04 6.946285963058471680e-01 1.755379140377044678e-01 7.229856401681900024e-02 1.209875941276550293e+00 6.946285963058471680e-01 1.755379140377044678e-01 7.229856401681900024e-02 1.209875941276550293e+00
1.700000000000000000e+04 6.449722647666931152e-01 2.820321023464202881e-01 6.218241453170776367e-01 1.015397071838378906e+00 6.449722647666931152e-01 2.820321023464202881e-01 6.218241453170776367e-01 1.015397071838378906e+00
1.800000000000000000e+04 5.616078376770019531e-01 1.384189724922180176e-01 6.895834207534790039e-02 9.714332818984985352e-01 5.616078376770019531e-01 1.384189724922180176e-01 6.895834207534790039e-02 9.714332818984985352e-01
1.900000000000000000e+04 5.904042720794677734e-01 1.209804639220237732e-01 6.423944979906082153e-02 1.238631486892700195e+00 5.904042720794677734e-01 1.209804639220237732e-01 6.423944979906082153e-02 1.238631486892700195e+00
2.000000000000000000e+04 1.161127924919128418e+00 1.398803591728210449e+00 2.753746747970581055e+00 3.368898153305053711e+00 1.161127924919128418e+00 1.398803591728210449e+00 2.753746747970581055e+00 3.368898153305053711e+00
