# step, loss_train, loss_test, metrics_test
0.000000000000000000e+00 8.278009643554687500e+02 1.967603492736816406e+01 2.652941894531250000e+03 3.827242431640625000e+02 8.278009643554687500e+02 1.967603492736816406e+01 2.652941894531250000e+03 3.827242431640625000e+02
1.000000000000000000e+03 4.960509109497070312e+01 1.701242256164550781e+01 5.826915283203125000e+02 3.776473693847656250e+02 4.960509109497070312e+01 1.701242256164550781e+01 5.826915283203125000e+02 3.776473693847656250e+02
2.000000000000000000e+03 3.095507240295410156e+01 1.987826728820800781e+01 3.431808776855468750e+02 3.780430908203125000e+02 3.095507240295410156e+01 1.987826728820800781e+01 3.431808776855468750e+02 3.780430908203125000e+02
3.000000000000000000e+03 2.465436744689941406e+01 2.114589309692382812e+01 1.382210083007812500e+02 3.718676452636718750e+02 2.465436744689941406e+01 2.114589309692382812e+01 1.382210083007812500e+02 3.718676452636718750e+02
4.000000000000000000e+03 1.011863231658935547e+01 2.462096786499023438e+01 4.090639591217041016e+00 3.520567016601562500e+02 1.011863231658935547e+01 2.462096786499023438e+01 4.090639591217041016e+00 3.520567016601562500e+02
5.000000000000000000e+03 4.493628501892089844e+00 2.594073867797851562e+01 3.019420385360717773e+00 3.436809997558593750e+02 4.493628501892089844e+00 2.594073867797851562e+01 3.019420385360717773e+00 3.436809997558593750e+02
6.000000000000000000e+03 2.647695064544677734e+00 2.626254844665527344e+01 2.616256237030029297e+00 3.387305297851562500e+02 2.647695064544677734e+00 2.626254844665527344e+01 2.616256237030029297e+00 3.387305297851562500e+02
7.000000000000000000e+03 1.812042593955993652e+00 2.471669387817382812e+01 2.201556205749511719e+00 3.363360290527343750e+02 1.812042593955993652e+00 2.471669387817382812e+01 2.201556205749511719e+00 3.363360290527343750e+02
8.000000000000000000e+03 1.436413884162902832e+00 2.123356437683105469e+01 1.631664991378784180e+00 3.355409240722656250e+02 1.436413884162902832e+00 2.123356437683105469e+01 1.631664991378784180e+00 3.355409240722656250e+02
9.000000000000000000e+03 1.357030034065246582e+00 1.753482246398925781e+01 1.128613710403442383e+00 3.343750305175781250e+02 1.357030034065246582e+00 1.753482246398925781e+01 1.128613710403442383e+00 3.343750305175781250e+02
1.000000000000000000e+04 1.608794093132019043e+00 1.533993339538574219e+01 1.032631516456604004e+00 3.299421997070312500e+02 1.608794093132019043e+00 1.533993339538574219e+01 1.032631516456604004e+00 3.299421997070312500e+02
1.100000000000000000e+04 2.568475484848022461e+00 1.535867786407470703e+01 1.123732328414916992e+00 3.135515747070312500e+02 2.568475484848022461e+00 1.535867786407470703e+01 1.123732328414916992e+00 3.135515747070312500e+02
1.200000000000000000e+04 6.637535095214843750e+00 1.727767944335937500e+01 2.134636878967285156e+00 2.603239746093750000e+02 6.637535095214843750e+00 1.727767944335937500e+01 2.134636878967285156e+00 2.603239746093750000e+02
1.300000000000000000e+04 1.506301116943359375e+01 1.245665836334228516e+01 2.127868175506591797e+00 1.936447296142578125e+02 1.506301116943359375e+01 1.245665836334228516e+01 2.127868175506591797e+00 1.936447296142578125e+02
1.400000000000000000e+04 1.534160137176513672e+01 9.707766532897949219e+00 4.181313991546630859e+00 1.461441497802734375e+02 1.534160137176513672e+01 9.707766532897949219e+00 4.181313991546630859e+00 1.461441497802734375e+02
1.500000000000000000e+04 1.506781196594238281e+01 8.799684524536132812e+00 5.016951560974121094e+00 1.197410964965820312e+02 1.506781196594238281e+01 8.799684524536132812e+00 5.016951560974121094e+00 1.197410964965820312e+02
1.600000000000000000e+04 1.708796310424804688e+01 7.469610691070556641e+00 5.165210247039794922e+00 9.566905212402343750e+01 1.708796310424804688e+01 7.469610691070556641e+00 5.165210247039794922e+00 9.566905212402343750e+01
1.700000000000000000e+04 1.923237609863281250e+01 6.115998268127441406e+00 4.807945251464843750e+00 6.990045166015625000e+01 1.923237609863281250e+01 6.115998268127441406e+00 4.807945251464843750e+00 6.990045166015625000e+01
1.800000000000000000e+04 1.905849647521972656e+01 4.605025291442871094e+00 3.949220418930053711e+00 3.770054626464843750e+01 1.905849647521972656e+01 4.605025291442871094e+00 3.949220418930053711e+00 3.770054626464843750e+01
1.900000000000000000e+04 1.490072631835937500e+01 3.808838605880737305e+00 2.806227684020996094e+00 1.618672943115234375e+01 1.490072631835937500e+01 3.808838605880737305e+00 2.806227684020996094e+00 1.618672943115234375e+01
2.000000000000000000e+04 1.043724536895751953e+01 3.507047891616821289e+00 2.080205440521240234e+00 8.930066108703613281e+00 1.043724536895751953e+01 3.507047891616821289e+00 2.080205440521240234e+00 8.930066108703613281e+00
