# step, loss_train, loss_test, metrics_test
0.000000000000000000e+00 0.000000000000000000e+00 2.425347518920898438e+01 0.000000000000000000e+00 3.847707214355468750e+02 0.000000000000000000e+00 2.425347518920898438e+01 0.000000000000000000e+00 3.847707214355468750e+02
1.000000000000000000e+03 0.000000000000000000e+00 1.412157821655273438e+01 0.000000000000000000e+00 2.224702835083007812e+01 0.000000000000000000e+00 1.412157821655273438e+01 0.000000000000000000e+00 2.224702835083007812e+01
2.000000000000000000e+03 0.000000000000000000e+00 3.160780370235443115e-01 0.000000000000000000e+00 5.172413349151611328e+00 0.000000000000000000e+00 3.160780370235443115e-01 0.000000000000000000e+00 5.172413349151611328e+00
3.000000000000000000e+03 0.000000000000000000e+00 7.915747165679931641e-02 0.000000000000000000e+00 1.943242430686950684e+00 0.000000000000000000e+00 7.915747165679931641e-02 0.000000000000000000e+00 1.943242430686950684e+00
4.000000000000000000e+03 0.000000000000000000e+00 3.374173119664192200e-02 0.000000000000000000e+00 9.711928367614746094e-01 0.000000000000000000e+00 3.374173119664192200e-02 0.000000000000000000e+00 9.711928367614746094e-01
5.000000000000000000e+03 0.000000000000000000e+00 1.906677521765232086e-02 0.000000000000000000e+00 5.617007017135620117e-01 0.000000000000000000e+00 1.906677521765232086e-02 0.000000000000000000e+00 5.617007017135620117e-01
6.000000000000000000e+03 0.000000000000000000e+00 1.189723238348960876e-02 0.000000000000000000e+00 3.695780932903289795e-01 0.000000000000000000e+00 1.189723238348960876e-02 0.000000000000000000e+00 3.695780932903289795e-01
7.000000000000000000e+03 0.000000000000000000e+00 8.669666014611721039e-03 0.000000000000000000e+00 2.674984633922576904e-01 0.000000000000000000e+00 8.669666014611721039e-03 0.000000000000000000e+00 2.674984633922576904e-01
8.000000000000000000e+03 0.000000000000000000e+00 5.168335977941751480e-03 0.000000000000000000e+00 1.960773468017578125e-01 0.000000000000000000e+00 5.168335977941751480e-03 0.000000000000000000e+00 1.960773468017578125e-01
9.000000000000000000e+03 0.000000000000000000e+00 3.405546769499778748e-03 0.000000000000000000e+00 1.499902456998825073e-01 0.000000000000000000e+00 3.405546769499778748e-03 0.000000000000000000e+00 1.499902456998825073e-01
1.000000000000000000e+04 0.000000000000000000e+00 2.294494304805994034e-03 0.000000000000000000e+00 1.196069717407226562e-01 0.000000000000000000e+00 2.294494304805994034e-03 0.000000000000000000e+00 1.196069717407226562e-01
1.100000000000000000e+04 0.000000000000000000e+00 2.728358376771211624e-03 0.000000000000000000e+00 1.007817238569259644e-01 0.000000000000000000e+00 2.728358376771211624e-03 0.000000000000000000e+00 1.007817238569259644e-01
1.200000000000000000e+04 0.000000000000000000e+00 2.183797536417841911e-03 0.000000000000000000e+00 9.124994277954101562e-02 0.000000000000000000e+00 2.183797536417841911e-03 0.000000000000000000e+00 9.124994277954101562e-02
1.300000000000000000e+04 0.000000000000000000e+00 1.273432513698935509e-03 0.000000000000000000e+00 7.537116855382919312e-02 0.000000000000000000e+00 1.273432513698935509e-03 0.000000000000000000e+00 7.537116855382919312e-02
1.400000000000000000e+04 0.000000000000000000e+00 1.842707977630198002e-03 0.000000000000000000e+00 6.909514218568801880e-02 0.000000000000000000e+00 1.842707977630198002e-03 0.000000000000000000e+00 6.909514218568801880e-02
1.500000000000000000e+04 0.000000000000000000e+00 1.088108518160879612e-03 0.000000000000000000e+00 6.188235431909561157e-02 0.000000000000000000e+00 1.088108518160879612e-03 0.000000000000000000e+00 6.188235431909561157e-02
1.600000000000000000e+04 0.000000000000000000e+00 8.802143856883049011e-04 0.000000000000000000e+00 5.866099148988723755e-02 0.000000000000000000e+00 8.802143856883049011e-04 0.000000000000000000e+00 5.866099148988723755e-02
1.700000000000000000e+04 0.000000000000000000e+00 7.161688408814370632e-04 0.000000000000000000e+00 5.333812907338142395e-02 0.000000000000000000e+00 7.161688408814370632e-04 0.000000000000000000e+00 5.333812907338142395e-02
1.800000000000000000e+04 0.000000000000000000e+00 7.603625417686998844e-04 0.000000000000000000e+00 4.979700222611427307e-02 0.000000000000000000e+00 7.603625417686998844e-04 0.000000000000000000e+00 4.979700222611427307e-02
1.900000000000000000e+04 0.000000000000000000e+00 7.017625612206757069e-04 0.000000000000000000e+00 4.688545316457748413e-02 0.000000000000000000e+00 7.017625612206757069e-04 0.000000000000000000e+00 4.688545316457748413e-02
2.000000000000000000e+04 0.000000000000000000e+00 6.792800268158316612e-04 0.000000000000000000e+00 4.430561140179634094e-02 0.000000000000000000e+00 6.792800268158316612e-04 0.000000000000000000e+00 4.430561140179634094e-02
