# step, loss_train, loss_test, metrics_test
0.000000000000000000e+00 3.064257812500000000e+04 5.965228271484375000e+02 3.399663671875000000e+04 6.774311523437500000e+02 3.064257812500000000e+04 5.965228271484375000e+02 3.399663671875000000e+04 6.774311523437500000e+02
1.000000000000000000e+03 4.829567432403564453e+00 1.998842620849609375e+01 3.627527236938476562e+00 3.306838378906250000e+02 4.829567432403564453e+00 1.998842620849609375e+01 3.627527236938476562e+00 3.306838378906250000e+02
2.000000000000000000e+03 4.370326995849609375e+00 1.142543983459472656e+01 7.593805789947509766e-01 3.200020141601562500e+02 4.370326995849609375e+00 1.142543983459472656e+01 7.593805789947509766e-01 3.200020141601562500e+02
3.000000000000000000e+03 1.068290615081787109e+01 8.654549598693847656e+00 6.915425109863281250e+01 2.978191528320312500e+02 1.068290615081787109e+01 8.654549598693847656e+00 6.915425109863281250e+01 2.978191528320312500e+02
4.000000000000000000e+03 8.395147323608398438e+00 1.196497249603271484e+01 2.917200803756713867e+00 2.838269958496093750e+02 8.395147323608398438e+00 1.196497249603271484e+01 2.917200803756713867e+00 2.838269958496093750e+02
5.000000000000000000e+03 1.337356758117675781e+01 1.189470005035400391e+01 8.767217636108398438e+00 2.865390930175781250e+02 1.337356758117675781e+01 1.189470005035400391e+01 8.767217636108398438e+00 2.865390930175781250e+02
6.000000000000000000e+03 2.060859489440917969e+01 2.238993263244628906e+01 5.168059921264648438e+01 2.600519714355468750e+02 2.060859489440917969e+01 2.238993263244628906e+01 5.168059921264648438e+01 2.600519714355468750e+02
7.000000000000000000e+03 1.525375556945800781e+01 1.255500602722167969e+01 6.333058357238769531e+00 2.472129211425781250e+02 1.525375556945800781e+01 1.255500602722167969e+01 6.333058357238769531e+00 2.472129211425781250e+02
8.000000000000000000e+03 2.116420745849609375e+01 9.603848457336425781e+00 4.378830909729003906e+00 2.220827026367187500e+02 2.116420745849609375e+01 9.603848457336425781e+00 4.378830909729003906e+00 2.220827026367187500e+02
9.000000000000000000e+03 2.655195808410644531e+01 8.752490043640136719e+00 3.737837314605712891e+00 2.054733886718750000e+02 2.655195808410644531e+01 8.752490043640136719e+00 3.737837314605712891e+00 2.054733886718750000e+02
1.000000000000000000e+04 2.823649215698242188e+01 8.335848808288574219e+00 2.535174131393432617e+00 1.986025543212890625e+02 2.823649215698242188e+01 8.335848808288574219e+00 2.535174131393432617e+00 1.986025543212890625e+02
1.100000000000000000e+04 2.190750122070312500e+01 7.417973518371582031e+00 3.863975906372070312e+01 2.004535980224609375e+02 2.190750122070312500e+01 7.417973518371582031e+00 3.863975906372070312e+01 2.004535980224609375e+02
1.200000000000000000e+04 3.187163162231445312e+01 7.100181102752685547e+00 4.811514377593994141e+00 1.768612365722656250e+02 3.187163162231445312e+01 7.100181102752685547e+00 4.811514377593994141e+00 1.768612365722656250e+02
1.300000000000000000e+04 3.422861099243164062e+01 7.677821159362792969e+00 3.960113048553466797e+00 1.527700958251953125e+02 3.422861099243164062e+01 7.677821159362792969e+00 3.960113048553466797e+00 1.527700958251953125e+02
1.400000000000000000e+04 3.861759185791015625e+01 6.790084362030029297e+00 7.329967975616455078e+00 1.372071838378906250e+02 3.861759185791015625e+01 6.790084362030029297e+00 7.329967975616455078e+00 1.372071838378906250e+02
1.500000000000000000e+04 4.928163146972656250e+01 5.647792816162109375e+00 2.983184051513671875e+01 9.617276763916015625e+01 4.928163146972656250e+01 5.647792816162109375e+00 2.983184051513671875e+01 9.617276763916015625e+01
1.600000000000000000e+04 4.221176528930664062e+01 6.185156822204589844e+00 6.140113353729248047e+00 7.074550628662109375e+01 4.221176528930664062e+01 6.185156822204589844e+00 6.140113353729248047e+00 7.074550628662109375e+01
1.700000000000000000e+04 4.231834030151367188e+01 5.247218608856201172e+00 1.531064224243164062e+01 5.863901901245117188e+01 4.231834030151367188e+01 5.247218608856201172e+00 1.531064224243164062e+01 5.863901901245117188e+01
1.800000000000000000e+04 3.713951492309570312e+01 6.230439186096191406e+00 6.258994102478027344e+00 4.236944961547851562e+01 3.713951492309570312e+01 6.230439186096191406e+00 6.258994102478027344e+00 4.236944961547851562e+01
1.900000000000000000e+04 3.133539962768554688e+01 5.108195304870605469e+00 2.030274200439453125e+01 3.515968322753906250e+01 3.133539962768554688e+01 5.108195304870605469e+00 2.030274200439453125e+01 3.515968322753906250e+01
2.000000000000000000e+04 2.511906051635742188e+01 5.819584369659423828e+00 1.795315146446228027e+00 3.494804382324218750e+01 2.511906051635742188e+01 5.819584369659423828e+00 1.795315146446228027e+00 3.494804382324218750e+01
