# step, loss_train, loss_test, metrics_test
0.000000000000000000e+00 9.345289230346679688e+00 2.188283157348632812e+01 5.885001464843750000e+03 1.220697402954101562e+01 9.345289230346679688e+00 2.188283157348632812e+01 5.885001464843750000e+03 1.220697402954101562e+01
1.000000000000000000e+03 2.364437866210937500e+01 3.253042984008789062e+01 6.450715332031250000e+02 1.294101905822753906e+01 2.364437866210937500e+01 3.253042984008789062e+01 6.450715332031250000e+02 1.294101905822753906e+01
2.000000000000000000e+03 9.730858802795410156e+00 4.803533172607421875e+01 1.750879669189453125e+01 1.404242420196533203e+01 9.730858802795410156e+00 4.803533172607421875e+01 1.750879669189453125e+01 1.404242420196533203e+01
3.000000000000000000e+03 3.112601757049560547e+00 3.313467788696289062e+01 2.789264202117919922e+00 1.306322669982910156e+01 3.112601757049560547e+00 3.313467788696289062e+01 2.789264202117919922e+00 1.306322669982910156e+01
4.000000000000000000e+03 1.491214394569396973e+00 2.384470367431640625e+01 9.397901296615600586e-01 1.225761795043945312e+01 1.491214394569396973e+00 2.384470367431640625e+01 9.397901296615600586e-01 1.225761795043945312e+01
5.000000000000000000e+03 7.805967330932617188e-01 1.819502449035644531e+01 6.209121942520141602e-01 1.177245044708251953e+01 7.805967330932617188e-01 1.819502449035644531e+01 6.209121942520141602e-01 1.177245044708251953e+01
6.000000000000000000e+03 4.959499537944793701e-01 1.390155792236328125e+01 4.066734313964843750e-01 1.148196029663085938e+01 4.959499537944793701e-01 1.390155792236328125e+01 4.066734313964843750e-01 1.148196029663085938e+01
7.000000000000000000e+03 3.778207004070281982e-01 1.046870708465576172e+01 2.348073720932006836e-01 1.136269474029541016e+01 3.778207004070281982e-01 1.046870708465576172e+01 2.348073720932006836e-01 1.136269474029541016e+01
8.000000000000000000e+03 3.934815526008605957e-01 7.473497867584228516e+00 1.039617732167243958e-01 1.129061698913574219e+01 3.934815526008605957e-01 7.473497867584228516e+00 1.039617732167243958e-01 1.129061698913574219e+01
9.000000000000000000e+03 3.630075454711914062e-01 4.758460998535156250e+00 3.239572420716285706e-02 1.118264579772949219e+01 3.630075454711914062e-01 4.758460998535156250e+00 3.239572420716285706e-02 1.118264579772949219e+01
1.000000000000000000e+04 3.293850123882293701e-01 2.861893415451049805e+00 4.145717620849609375e-02 1.115080738067626953e+01 3.293850123882293701e-01 2.861893415451049805e+00 4.145717620849609375e-02 1.115080738067626953e+01
1.100000000000000000e+04 2.697937488555908203e-01 1.234476327896118164e+00 1.407605260610580444e-01 1.122988700866699219e+01 2.697937488555908203e-01 1.234476327896118164e+00 1.407605260610580444e-01 1.122988700866699219e+01
1.200000000000000000e+04 2.197950929403305054e-01 4.426706135272979736e-01 3.493769466876983643e-02 1.131878757476806641e+01 2.197950929403305054e-01 4.426706135272979736e-01 3.493769466876983643e-02 1.131878757476806641e+01
1.300000000000000000e+04 1.912862658500671387e-01 2.350646853446960449e-01 2.639648132026195526e-02 1.131454658508300781e+01 1.912862658500671387e-01 2.350646853446960449e-01 2.639648132026195526e-02 1.131454658508300781e+01
1.400000000000000000e+04 1.753693670034408569e-01 1.577723026275634766e-01 2.081328257918357849e-02 1.126862907409667969e+01 1.753693670034408569e-01 1.577723026275634766e-01 2.081328257918357849e-02 1.126862907409667969e+01
1.500000000000000000e+04 1.651702672243118286e-01 1.144963726401329041e-01 2.161785401403903961e-02 1.121454143524169922e+01 1.651702672243118286e-01 1.144963726401329041e-01 2.161785401403903961e-02 1.121454143524169922e+01
1.600000000000000000e+04 1.558744609355926514e-01 9.356549382209777832e-02 1.259505935013294220e-02 1.116454124450683594e+01 1.558744609355926514e-01 9.356549382209777832e-02 1.259505935013294220e-02 1.116454124450683594e+01
1.700000000000000000e+04 1.460226029157638550e-01 8.404243737459182739e-02 1.031242404133081436e-02 1.111748600006103516e+01 1.460226029157638550e-01 8.404243737459182739e-02 1.031242404133081436e-02 1.111748600006103516e+01
1.800000000000000000e+04 1.371719837188720703e-01 8.608205616474151611e-02 1.570893079042434692e-01 1.107714557647705078e+01 1.371719837188720703e-01 8.608205616474151611e-02 1.570893079042434692e-01 1.107714557647705078e+01
1.900000000000000000e+04 1.266128867864608765e-01 7.966129481792449951e-02 1.712592132389545441e-02 1.103056335449218750e+01 1.266128867864608765e-01 7.966129481792449951e-02 1.712592132389545441e-02 1.103056335449218750e+01
2.000000000000000000e+04 1.186859905719757080e-01 8.110227435827255249e-02 6.176236085593700409e-03 1.099033737182617188e+01 1.186859905719757080e-01 8.110227435827255249e-02 6.176236085593700409e-03 1.099033737182617188e+01
