# step, loss_train, loss_test, metrics_test
0.000000000000000000e+00 1.402198176947422326e-05 2.332747840881347656e+01 4.779361816406250000e+03 3.244030456542968750e+02 1.402198176947422326e-05 2.332747840881347656e+01 4.779361816406250000e+03 3.244030456542968750e+02
1.000000000000000000e+03 9.081442952156066895e-01 5.485702133178710938e+01 1.160068988800048828e+01 3.010102844238281250e+02 9.081442952156066895e-01 5.485702133178710938e+01 1.160068988800048828e+01 3.010102844238281250e+02
2.000000000000000000e+03 7.957668304443359375e-01 5.848407363891601562e+01 1.040551757812500000e+01 2.951413574218750000e+02 7.957668304443359375e-01 5.848407363891601562e+01 1.040551757812500000e+01 2.951413574218750000e+02
3.000000000000000000e+03 6.801601052284240723e-01 5.845032882690429688e+01 1.005372238159179688e+01 2.945286865234375000e+02 6.801601052284240723e-01 5.845032882690429688e+01 1.005372238159179688e+01 2.945286865234375000e+02
4.000000000000000000e+03 5.950978398323059082e-01 5.811830520629882812e+01 9.632954597473144531e+00 2.943867797851562500e+02 5.950978398323059082e-01 5.811830520629882812e+01 9.632954597473144531e+00 2.943867797851562500e+02
5.000000000000000000e+03 5.291565060615539551e-01 5.750759506225585938e+01 9.288372993469238281e+00 2.943618774414062500e+02 5.291565060615539551e-01 5.750759506225585938e+01 9.288372993469238281e+00 2.943618774414062500e+02
6.000000000000000000e+03 4.766564071178436279e-01 5.672517013549804688e+01 8.843922615051269531e+00 2.943382873535156250e+02 4.766564071178436279e-01 5.672517013549804688e+01 8.843922615051269531e+00 2.943382873535156250e+02
7.000000000000000000e+03 4.395329058170318604e-01 5.627516555786132812e+01 8.190604209899902344e+00 2.945157165527343750e+02 4.395329058170318604e-01 5.627516555786132812e+01 8.190604209899902344e+00 2.945157165527343750e+02
8.000000000000000000e+03 4.098676145076751709e-01 5.378884887695312500e+01 7.761424541473388672e+00 2.942469482421875000e+02 4.098676145076751709e-01 5.378884887695312500e+01 7.761424541473388672e+00 2.942469482421875000e+02
9.000000000000000000e+03 4.385160207748413086e-01 4.892301940917968750e+01 1.996197319030761719e+01 2.935203247070312500e+02 4.385160207748413086e-01 4.892301940917968750e+01 1.996197319030761719e+01 2.935203247070312500e+02
1.000000000000000000e+04 4.233465790748596191e-01 4.822712326049804688e+01 6.582080841064453125e+00 2.934301147460937500e+02 4.233465790748596191e-01 4.822712326049804688e+01 6.582080841064453125e+00 2.934301147460937500e+02
1.100000000000000000e+04 4.398586153984069824e-01 4.480931854248046875e+01 6.074944019317626953e+00 2.927853698730468750e+02 4.398586153984069824e-01 4.480931854248046875e+01 6.074944019317626953e+00 2.927853698730468750e+02
1.200000000000000000e+04 4.295998811721801758e-01 4.179342269897460938e+01 5.706675529479980469e+00 2.921138610839843750e+02 4.295998811721801758e-01 4.179342269897460938e+01 5.706675529479980469e+00 2.921138610839843750e+02
1.300000000000000000e+04 4.096875488758087158e-01 3.929635620117187500e+01 5.469653606414794922e+00 2.916573486328125000e+02 4.096875488758087158e-01 3.929635620117187500e+01 5.469653606414794922e+00 2.916573486328125000e+02
1.400000000000000000e+04 3.998848199844360352e-01 3.755733871459960938e+01 5.152714252471923828e+00 2.912470092773437500e+02 3.998848199844360352e-01 3.755733871459960938e+01 5.152714252471923828e+00 2.912470092773437500e+02
1.500000000000000000e+04 3.946455121040344238e-01 3.618360137939453125e+01 4.802879810333251953e+00 2.909331359863281250e+02 3.946455121040344238e-01 3.618360137939453125e+01 4.802879810333251953e+00 2.909331359863281250e+02
1.600000000000000000e+04 3.928308784961700439e-01 3.512649917602539062e+01 4.526996135711669922e+00 2.904628601074218750e+02 3.928308784961700439e-01 3.512649917602539062e+01 4.526996135711669922e+00 2.904628601074218750e+02
1.700000000000000000e+04 3.921998143196105957e-01 3.420902252197265625e+01 4.111743450164794922e+00 2.901098022460937500e+02 3.921998143196105957e-01 3.420902252197265625e+01 4.111743450164794922e+00 2.901098022460937500e+02
1.800000000000000000e+04 3.934590518474578857e-01 3.323830413818359375e+01 3.713761091232299805e+00 2.898419189453125000e+02 3.934590518474578857e-01 3.323830413818359375e+01 3.713761091232299805e+00 2.898419189453125000e+02
1.900000000000000000e+04 3.972238898277282715e-01 3.249778366088867188e+01 3.353922367095947266e+00 2.894788208007812500e+02 3.972238898277282715e-01 3.249778366088867188e+01 3.353922367095947266e+00 2.894788208007812500e+02
2.000000000000000000e+04 4.065673947334289551e-01 3.172919654846191406e+01 3.073105335235595703e+00 2.886358032226562500e+02 4.065673947334289551e-01 3.172919654846191406e+01 3.073105335235595703e+00 2.886358032226562500e+02
