# step, loss_train, loss_test, metrics_test
0.000000000000000000e+00 1.152729615569114685e-01 3.200901794433593750e+01 6.561880859375000000e+03 2.017396087646484375e+02 1.152729615569114685e-01 3.200901794433593750e+01 6.561880859375000000e+03 2.017396087646484375e+02
1.000000000000000000e+03 5.433160066604614258e-01 2.162927627563476562e+01 5.534564852714538574e-01 1.791535949707031250e+02 5.433160066604614258e-01 2.162927627563476562e+01 5.534564852714538574e-01 1.791535949707031250e+02
2.000000000000000000e+03 1.688318729400634766e+00 4.867576599121093750e+00 1.466496825218200684e+00 1.455741577148437500e+02 1.688318729400634766e+00 4.867576599121093750e+00 1.466496825218200684e+00 1.455741577148437500e+02
3.000000000000000000e+03 2.337111949920654297e+00 4.664059638977050781e+00 1.446719408035278320e+00 1.280491790771484375e+02 2.337111949920654297e+00 4.664059638977050781e+00 1.446719408035278320e+00 1.280491790771484375e+02
4.000000000000000000e+03 3.083027839660644531e+00 1.853228187561035156e+01 3.427649438381195068e-01 1.678462677001953125e+02 3.083027839660644531e+00 1.853228187561035156e+01 3.427649438381195068e-01 1.678462677001953125e+02
5.000000000000000000e+03 3.523636817932128906e+00 8.965840339660644531e+00 4.107679367065429688e+00 1.156992263793945312e+02 3.523636817932128906e+00 8.965840339660644531e+00 4.107679367065429688e+00 1.156992263793945312e+02
6.000000000000000000e+03 2.437423944473266602e+00 4.640749931335449219e+00 1.095594167709350586e+00 5.434542083740234375e+01 2.437423944473266602e+00 4.640749931335449219e+00 1.095594167709350586e+00 5.434542083740234375e+01
7.000000000000000000e+03 8.966634273529052734e-01 1.507062077522277832e+00 1.468378067016601562e+00 4.562263488769531250e+00 8.966634273529052734e-01 1.507062077522277832e+00 1.468378067016601562e+00 4.562263488769531250e+00
8.000000000000000000e+03 2.594387769699096680e+00 1.521744847297668457e+00 1.697996735572814941e+00 6.648309707641601562e+00 2.594387769699096680e+00 1.521744847297668457e+00 1.697996735572814941e+00 6.648309707641601562e+00
9.000000000000000000e+03 4.345273590087890625e+01 1.430415391921997070e+00 4.018389129638671875e+01 5.655532836914062500e+00 4.345273590087890625e+01 1.430415391921997070e+00 4.018389129638671875e+01 5.655532836914062500e+00
1.000000000000000000e+04 4.257149505615234375e+01 1.294744491577148438e+00 1.347004127502441406e+01 2.907700300216674805e+00 4.257149505615234375e+01 1.294744491577148438e+00 1.347004127502441406e+01 2.907700300216674805e+00
1.100000000000000000e+04 5.123835802078247070e-01 1.038952469825744629e+00 9.041744470596313477e-01 5.304239273071289062e+00 5.123835802078247070e-01 1.038952469825744629e+00 9.041744470596313477e-01 5.304239273071289062e+00
1.200000000000000000e+04 5.323474407196044922e-01 9.187597036361694336e-01 5.475183725357055664e-01 2.835981607437133789e+00 5.323474407196044922e-01 9.187597036361694336e-01 5.475183725357055664e-01 2.835981607437133789e+00
1.300000000000000000e+04 5.903923416137695312e+01 1.033059477806091309e+00 8.090140342712402344e+00 2.703640222549438477e+00 5.903923416137695312e+01 1.033059477806091309e+00 8.090140342712402344e+00 2.703640222549438477e+00
1.400000000000000000e+04 1.130750417709350586e+00 1.006162047386169434e+00 6.834992170333862305e-01 2.978963613510131836e+00 1.130750417709350586e+00 1.006162047386169434e+00 6.834992170333862305e-01 2.978963613510131836e+00
1.500000000000000000e+04 1.058664321899414062e+00 1.803741902112960815e-01 2.992856502532958984e+00 2.613872289657592773e+00 1.058664321899414062e+00 1.803741902112960815e-01 2.992856502532958984e+00 2.613872289657592773e+00
1.600000000000000000e+04 1.787744998931884766e+00 3.184232115745544434e-02 2.504015922546386719e+00 1.072316288948059082e+00 1.787744998931884766e+00 3.184232115745544434e-02 2.504015922546386719e+00 1.072316288948059082e+00
1.700000000000000000e+04 8.667925596237182617e-01 2.840999886393547058e-02 7.693932056427001953e-01 7.704123854637145996e-01 8.667925596237182617e-01 2.840999886393547058e-02 7.693932056427001953e-01 7.704123854637145996e-01
1.800000000000000000e+04 7.216786742210388184e-01 7.266993075609207153e-02 3.142044544219970703e-01 1.309385657310485840e+00 7.216786742210388184e-01 7.266993075609207153e-02 3.142044544219970703e-01 1.309385657310485840e+00
1.900000000000000000e+04 1.717831850051879883e+00 3.303463011980056763e-02 7.287566065788269043e-01 1.830345273017883301e+00 1.717831850051879883e+00 3.303463011980056763e-02 7.287566065788269043e-01 1.830345273017883301e+00
2.000000000000000000e+04 9.621478319168090820e-01 3.411680832505226135e-02 1.098868370056152344e+00 9.317131638526916504e-01 9.621478319168090820e-01 3.411680832505226135e-02 1.098868370056152344e+00 9.317131638526916504e-01
