# step, loss_train, loss_test, metrics_test
0.000000000000000000e+00 3.129473125000000000e+05 1.304708007812500000e+03 3.781171875000000000e+04 1.044780761718750000e+03 3.129473125000000000e+05 1.304708007812500000e+03 3.781171875000000000e+04 1.044780761718750000e+03
1.000000000000000000e+03 3.023294677734375000e+02 3.132676887512207031e+01 6.036587142944335938e+01 4.189469299316406250e+02 3.023294677734375000e+02 3.132676887512207031e+01 6.036587142944335938e+01 4.189469299316406250e+02
2.000000000000000000e+03 1.213408203125000000e+02 2.044922256469726562e+01 1.414221477508544922e+01 4.050068359375000000e+02 1.213408203125000000e+02 2.044922256469726562e+01 1.414221477508544922e+01 4.050068359375000000e+02
3.000000000000000000e+03 7.500083160400390625e+01 1.344713306427001953e+01 6.371176719665527344e+00 3.872608947753906250e+02 7.500083160400390625e+01 1.344713306427001953e+01 6.371176719665527344e+00 3.872608947753906250e+02
4.000000000000000000e+03 5.252632522583007812e+01 1.047293472290039062e+01 2.916717052459716797e+00 3.718286437988281250e+02 5.252632522583007812e+01 1.047293472290039062e+01 2.916717052459716797e+00 3.718286437988281250e+02
5.000000000000000000e+03 4.024480056762695312e+01 9.892747879028320312e+00 1.555765032768249512e+00 3.572815246582031250e+02 4.024480056762695312e+01 9.892747879028320312e+00 1.555765032768249512e+00 3.572815246582031250e+02
6.000000000000000000e+03 3.049947166442871094e+01 1.005084228515625000e+01 1.361489295959472656e+00 3.376809387207031250e+02 3.049947166442871094e+01 1.005084228515625000e+01 1.361489295959472656e+00 3.376809387207031250e+02
7.000000000000000000e+03 3.586651992797851562e+01 1.249649620056152344e+01 6.661425828933715820e-01 2.793555297851562500e+02 3.586651992797851562e+01 1.249649620056152344e+01 6.661425828933715820e-01 2.793555297851562500e+02
8.000000000000000000e+03 5.585173416137695312e+01 7.967629909515380859e+00 1.826535701751708984e+00 1.826401672363281250e+02 5.585173416137695312e+01 7.967629909515380859e+00 1.826535701751708984e+00 1.826401672363281250e+02
9.000000000000000000e+03 6.143341445922851562e+01 6.240210056304931641e+00 1.088287544250488281e+01 1.240769042968750000e+02 6.143341445922851562e+01 6.240210056304931641e+00 1.088287544250488281e+01 1.240769042968750000e+02
1.000000000000000000e+04 6.264031982421875000e+01 3.831898450851440430e+00 3.633369684219360352e+00 8.046127319335937500e+01 6.264031982421875000e+01 3.831898450851440430e+00 3.633369684219360352e+00 8.046127319335937500e+01
1.100000000000000000e+04 6.222953796386718750e+01 2.897794723510742188e+00 3.208472490310668945e+00 6.417197418212890625e+01 6.222953796386718750e+01 2.897794723510742188e+00 3.208472490310668945e+00 6.417197418212890625e+01
1.200000000000000000e+04 5.710817337036132812e+01 2.094374179840087891e+00 1.524651408195495605e+00 3.985384368896484375e+01 5.710817337036132812e+01 2.094374179840087891e+00 1.524651408195495605e+00 3.985384368896484375e+01
1.300000000000000000e+04 4.781311416625976562e+01 1.211609721183776855e+00 4.681871891021728516e+00 2.932869720458984375e+01 4.781311416625976562e+01 1.211609721183776855e+00 4.681871891021728516e+00 2.932869720458984375e+01
1.400000000000000000e+04 4.499651718139648438e+01 8.399636149406433105e-01 8.859475255012512207e-01 2.080604743957519531e+01 4.499651718139648438e+01 8.399636149406433105e-01 8.859475255012512207e-01 2.080604743957519531e+01
1.500000000000000000e+04 4.366276168823242188e+01 8.985835313796997070e-01 6.962135791778564453e+00 1.819289207458496094e+01 4.366276168823242188e+01 8.985835313796997070e-01 6.962135791778564453e+00 1.819289207458496094e+01
1.600000000000000000e+04 3.937887191772460938e+01 5.332189202308654785e-01 4.341784000396728516e+00 1.547861671447753906e+01 3.937887191772460938e+01 5.332189202308654785e-01 4.341784000396728516e+00 1.547861671447753906e+01
1.700000000000000000e+04 3.541094589233398438e+01 6.207758784294128418e-01 1.793485164642333984e+00 1.154672908782958984e+01 3.541094589233398438e+01 6.207758784294128418e-01 1.793485164642333984e+00 1.154672908782958984e+01
1.800000000000000000e+04 3.646135711669921875e+01 7.937428951263427734e-01 1.097916889190673828e+01 1.077452373504638672e+01 3.646135711669921875e+01 7.937428951263427734e-01 1.097916889190673828e+01 1.077452373504638672e+01
1.900000000000000000e+04 2.866993904113769531e+01 3.978869020938873291e-01 6.965072751045227051e-01 8.160258293151855469e+00 2.866993904113769531e+01 3.978869020938873291e-01 6.965072751045227051e-01 8.160258293151855469e+00
2.000000000000000000e+04 2.741404724121093750e+01 3.571069538593292236e-01 1.899315714836120605e+00 6.716443538665771484e+00 2.741404724121093750e+01 3.571069538593292236e-01 1.899315714836120605e+00 6.716443538665771484e+00
