# step, loss_train, loss_test, metrics_test
0.000000000000000000e+00 0.000000000000000000e+00 3.465913009643554688e+01 8.294794921875000000e+03 3.541487731933593750e+02 0.000000000000000000e+00 3.465913009643554688e+01 8.294794921875000000e+03 3.541487731933593750e+02
1.000000000000000000e+03 0.000000000000000000e+00 3.145536422729492188e+01 2.379023681640625000e+03 3.445261230468750000e+02 0.000000000000000000e+00 3.145536422729492188e+01 2.379023681640625000e+03 3.445261230468750000e+02
2.000000000000000000e+03 0.000000000000000000e+00 1.334518337249755859e+01 1.766136840820312500e+03 3.258925781250000000e+02 0.000000000000000000e+00 1.334518337249755859e+01 1.766136840820312500e+03 3.258925781250000000e+02
3.000000000000000000e+03 0.000000000000000000e+00 1.346199703216552734e+01 1.765829101562500000e+03 3.260098876953125000e+02 0.000000000000000000e+00 1.346199703216552734e+01 1.765829101562500000e+03 3.260098876953125000e+02
4.000000000000000000e+03 0.000000000000000000e+00 1.346179866790771484e+01 1.765829223632812500e+03 3.260101318359375000e+02 0.000000000000000000e+00 1.346179866790771484e+01 1.765829223632812500e+03 3.260101318359375000e+02
5.000000000000000000e+03 0.000000000000000000e+00 1.349511814117431641e+01 1.765768310546875000e+03 3.260437011718750000e+02 0.000000000000000000e+00 1.349511814117431641e+01 1.765768310546875000e+03 3.260437011718750000e+02
6.000000000000000000e+03 0.000000000000000000e+00 1.214179992675781250e+01 1.779464233398437500e+03 3.246850280761718750e+02 0.000000000000000000e+00 1.214179992675781250e+01 1.779464233398437500e+03 3.246850280761718750e+02
7.000000000000000000e+03 0.000000000000000000e+00 1.316979503631591797e+01 1.766884887695312500e+03 3.257158813476562500e+02 0.000000000000000000e+00 1.316979503631591797e+01 1.766884887695312500e+03 3.257158813476562500e+02
8.000000000000000000e+03 0.000000000000000000e+00 1.345643901824951172e+01 1.765840332031250000e+03 3.260046997070312500e+02 0.000000000000000000e+00 1.345643901824951172e+01 1.765840332031250000e+03 3.260046997070312500e+02
9.000000000000000000e+03 0.000000000000000000e+00 1.346259498596191406e+01 1.765827758789062500e+03 3.260109252929687500e+02 0.000000000000000000e+00 1.346259498596191406e+01 1.765827758789062500e+03 3.260109252929687500e+02
1.000000000000000000e+04 0.000000000000000000e+00 1.346195125579833984e+01 1.765829223632812500e+03 3.260102539062500000e+02 0.000000000000000000e+00 1.346195125579833984e+01 1.765829223632812500e+03 3.260102539062500000e+02
1.100000000000000000e+04 0.000000000000000000e+00 1.362933921813964844e+01 1.765639404296875000e+03 3.261791687011718750e+02 0.000000000000000000e+00 1.362933921813964844e+01 1.765639404296875000e+03 3.261791687011718750e+02
1.200000000000000000e+04 0.000000000000000000e+00 1.044575405120849609e+01 1.851292236328125000e+03 3.230132446289062500e+02 0.000000000000000000e+00 1.044575405120849609e+01 1.851292236328125000e+03 3.230132446289062500e+02
1.300000000000000000e+04 0.000000000000000000e+00 1.330129146575927734e+01 1.766291259765625000e+03 3.258482971191406250e+02 0.000000000000000000e+00 1.330129146575927734e+01 1.766291259765625000e+03 3.258482971191406250e+02
1.400000000000000000e+04 0.000000000000000000e+00 1.345944309234619141e+01 1.765834106445312500e+03 3.260077514648437500e+02 0.000000000000000000e+00 1.345944309234619141e+01 1.765834106445312500e+03 3.260077514648437500e+02
1.500000000000000000e+04 0.000000000000000000e+00 1.346216297149658203e+01 1.765828857421875000e+03 3.260104980468750000e+02 0.000000000000000000e+00 1.346216297149658203e+01 1.765828857421875000e+03 3.260104980468750000e+02
1.600000000000000000e+04 0.000000000000000000e+00 1.345777797698974609e+01 1.765837524414062500e+03 3.260060424804687500e+02 0.000000000000000000e+00 1.345777797698974609e+01 1.765837524414062500e+03 3.260060424804687500e+02
1.700000000000000000e+04 0.000000000000000000e+00 1.165024757385253906e+01 1.791818359375000000e+03 3.241957092285156250e+02 0.000000000000000000e+00 1.165024757385253906e+01 1.791818359375000000e+03 3.241957092285156250e+02
1.800000000000000000e+04 0.000000000000000000e+00 1.329961013793945312e+01 1.766297607421875000e+03 3.258465881347656250e+02 0.000000000000000000e+00 1.329961013793945312e+01 1.766297607421875000e+03 3.258465881347656250e+02
1.900000000000000000e+04 0.000000000000000000e+00 1.346148872375488281e+01 1.765829956054687500e+03 3.260097961425781250e+02 0.000000000000000000e+00 1.346148872375488281e+01 1.765829956054687500e+03 3.260097961425781250e+02
2.000000000000000000e+04 0.000000000000000000e+00 1.346188831329345703e+01 1.765829101562500000e+03 3.260102233886718750e+02 0.000000000000000000e+00 1.346188831329345703e+01 1.765829101562500000e+03 3.260102233886718750e+02
