# step, loss_train, loss_test, metrics_test
0.000000000000000000e+00 2.303920936584472656e+01 2.408960151672363281e+01 0.000000000000000000e+00 4.042527770996093750e+02 2.303920936584472656e+01 2.408960151672363281e+01 0.000000000000000000e+00 4.042527770996093750e+02
1.000000000000000000e+03 1.790881454944610596e-01 1.282738113403320312e+01 0.000000000000000000e+00 3.902140197753906250e+02 1.790881454944610596e-01 1.282738113403320312e+01 0.000000000000000000e+00 3.902140197753906250e+02
2.000000000000000000e+03 4.682218134403228760e-01 1.004253673553466797e+01 0.000000000000000000e+00 3.854580993652343750e+02 4.682218134403228760e-01 1.004253673553466797e+01 0.000000000000000000e+00 3.854580993652343750e+02
3.000000000000000000e+03 1.445325016975402832e+00 1.206196308135986328e+01 0.000000000000000000e+00 3.656887817382812500e+02 1.445325016975402832e+00 1.206196308135986328e+01 0.000000000000000000e+00 3.656887817382812500e+02
4.000000000000000000e+03 3.224228620529174805e+00 2.476964759826660156e+01 0.000000000000000000e+00 2.692877807617187500e+02 3.224228620529174805e+00 2.476964759826660156e+01 0.000000000000000000e+00 2.692877807617187500e+02
5.000000000000000000e+03 5.812095165252685547e+00 4.037601852416992188e+01 0.000000000000000000e+00 2.071383666992187500e+02 5.812095165252685547e+00 4.037601852416992188e+01 0.000000000000000000e+00 2.071383666992187500e+02
6.000000000000000000e+03 6.407412528991699219e+00 4.099588012695312500e+01 0.000000000000000000e+00 1.859475860595703125e+02 6.407412528991699219e+00 4.099588012695312500e+01 0.000000000000000000e+00 1.859475860595703125e+02
7.000000000000000000e+03 7.542302131652832031e+00 3.192027854919433594e+01 0.000000000000000000e+00 1.643629302978515625e+02 7.542302131652832031e+00 3.192027854919433594e+01 0.000000000000000000e+00 1.643629302978515625e+02
8.000000000000000000e+03 9.196663856506347656e+00 1.840344619750976562e+01 0.000000000000000000e+00 1.135262298583984375e+02 9.196663856506347656e+00 1.840344619750976562e+01 0.000000000000000000e+00 1.135262298583984375e+02
9.000000000000000000e+03 1.149257278442382812e+01 6.973837852478027344e+00 0.000000000000000000e+00 4.431551742553710938e+01 1.149257278442382812e+01 6.973837852478027344e+00 0.000000000000000000e+00 4.431551742553710938e+01
1.000000000000000000e+04 8.217516899108886719e+00 5.093867301940917969e+00 0.000000000000000000e+00 2.488929748535156250e+01 8.217516899108886719e+00 5.093867301940917969e+00 0.000000000000000000e+00 2.488929748535156250e+01
1.100000000000000000e+04 5.074355125427246094e+00 4.217251300811767578e+00 0.000000000000000000e+00 1.798138999938964844e+01 5.074355125427246094e+00 4.217251300811767578e+00 0.000000000000000000e+00 1.798138999938964844e+01
1.200000000000000000e+04 3.255471706390380859e+00 3.601555109024047852e+00 0.000000000000000000e+00 1.392198276519775391e+01 3.255471706390380859e+00 3.601555109024047852e+00 0.000000000000000000e+00 1.392198276519775391e+01
1.300000000000000000e+04 1.978557586669921875e+00 3.300328969955444336e+00 0.000000000000000000e+00 1.062677097320556641e+01 1.978557586669921875e+00 3.300328969955444336e+00 0.000000000000000000e+00 1.062677097320556641e+01
1.400000000000000000e+04 1.159987449645996094e+00 3.196445226669311523e+00 0.000000000000000000e+00 7.950524330139160156e+00 1.159987449645996094e+00 3.196445226669311523e+00 0.000000000000000000e+00 7.950524330139160156e+00
1.500000000000000000e+04 9.008095264434814453e-01 3.165038824081420898e+00 0.000000000000000000e+00 6.041481494903564453e+00 9.008095264434814453e-01 3.165038824081420898e+00 0.000000000000000000e+00 6.041481494903564453e+00
1.600000000000000000e+04 8.262842297554016113e-01 3.104460477828979492e+00 0.000000000000000000e+00 4.674352169036865234e+00 8.262842297554016113e-01 3.104460477828979492e+00 0.000000000000000000e+00 4.674352169036865234e+00
1.700000000000000000e+04 7.909485697746276855e-01 3.001011133193969727e+00 0.000000000000000000e+00 3.699339628219604492e+00 7.909485697746276855e-01 3.001011133193969727e+00 0.000000000000000000e+00 3.699339628219604492e+00
1.800000000000000000e+04 7.580338716506958008e-01 2.867883443832397461e+00 0.000000000000000000e+00 3.026351690292358398e+00 7.580338716506958008e-01 2.867883443832397461e+00 0.000000000000000000e+00 3.026351690292358398e+00
1.900000000000000000e+04 7.094336152076721191e-01 2.731481313705444336e+00 0.000000000000000000e+00 2.583121061325073242e+00 7.094336152076721191e-01 2.731481313705444336e+00 0.000000000000000000e+00 2.583121061325073242e+00
2.000000000000000000e+04 6.530025005340576172e-01 2.617493629455566406e+00 0.000000000000000000e+00 2.297462224960327148e+00 6.530025005340576172e-01 2.617493629455566406e+00 0.000000000000000000e+00 2.297462224960327148e+00
