# step, loss_train, loss_test, metrics_test
0.000000000000000000e+00 7.692844238281250000e+02 3.892486953735351562e+01 8.085682617187500000e+03 2.104362182617187500e+02 7.692844238281250000e+02 3.892486953735351562e+01 8.085682617187500000e+03 2.104362182617187500e+02
1.000000000000000000e+03 1.592463689803480520e-07 1.514429664611816406e+01 1.721274047851562500e+03 1.937298278808593750e+02 1.592463689803480520e-07 1.514429664611816406e+01 1.721274047851562500e+03 1.937298278808593750e+02
2.000000000000000000e+03 1.376720177859169780e-07 1.508209991455078125e+01 1.721382568359375000e+03 1.936966552734375000e+02 1.376720177859169780e-07 1.508209991455078125e+01 1.721382568359375000e+03 1.936966552734375000e+02
3.000000000000000000e+03 7.873663889768067747e-07 1.514035415649414062e+01 1.721258422851562500e+03 1.937277526855468750e+02 7.873663889768067747e-07 1.514035415649414062e+01 1.721258422851562500e+03 1.937277526855468750e+02
4.000000000000000000e+03 2.374541882904841229e-15 1.514426136016845703e+01 1.721270751953125000e+03 1.937298278808593750e+02 2.374541882904841229e-15 1.514426136016845703e+01 1.721270751953125000e+03 1.937298278808593750e+02
5.000000000000000000e+03 2.375428302884142855e-15 1.514406490325927734e+01 1.721270874023437500e+03 1.937297210693359375e+02 2.375428302884142855e-15 1.514406490325927734e+01 1.721270874023437500e+03 1.937297210693359375e+02
6.000000000000000000e+03 2.382331197887791775e-15 1.494407653808593750e+01 1.721744384765625000e+03 1.936230468750000000e+02 2.382331197887791775e-15 1.494407653808593750e+01 1.721744384765625000e+03 1.936230468750000000e+02
7.000000000000000000e+03 2.380026421238312824e-15 1.514900302886962891e+01 1.721263305664062500e+03 1.937323455810546875e+02 2.380026421238312824e-15 1.514900302886962891e+01 1.721263305664062500e+03 1.937323455810546875e+02
8.000000000000000000e+03 2.385049750132004452e-15 1.514416408538818359e+01 1.721270874023437500e+03 1.937297668457031250e+02 2.385049750132004452e-15 1.514416408538818359e+01 1.721270874023437500e+03 1.937297668457031250e+02
9.000000000000000000e+03 2.392779349292173570e-15 1.514479732513427734e+01 1.721269897460937500e+03 1.937301177978515625e+02 2.392779349292173570e-15 1.514479732513427734e+01 1.721269897460937500e+03 1.937301177978515625e+02
1.000000000000000000e+04 2.404827545933918738e-15 1.515734672546386719e+01 1.721251342773437500e+03 1.937368011474609375e+02 2.404827545933918738e-15 1.515734672546386719e+01 1.721251342773437500e+03 1.937368011474609375e+02
1.100000000000000000e+04 2.522481904615198750e-15 1.201730346679687500e+01 1.787684936523437500e+03 1.920822753906250000e+02 2.522481904615198750e-15 1.201730346679687500e+01 1.787684936523437500e+03 1.920822753906250000e+02
1.200000000000000000e+04 2.799803456161572071e-15 1.557613468170166016e+01 1.721337280273437500e+03 1.939605560302734375e+02 2.799803456161572071e-15 1.557613468170166016e+01 1.721337280273437500e+03 1.939605560302734375e+02
1.300000000000000000e+04 2.891778528739180273e-15 1.514473628997802734e+01 1.721270019531250000e+03 1.937300720214843750e+02 2.891778528739180273e-15 1.514473628997802734e+01 1.721270019531250000e+03 1.937300720214843750e+02
1.400000000000000000e+04 3.427179584369150975e-15 1.511596870422363281e+01 1.721317382812500000e+03 1.937147369384765625e+02 3.427179584369150975e-15 1.511596870422363281e+01 1.721317382812500000e+03 1.937147369384765625e+02
1.500000000000000000e+04 4.696545700223287226e-15 1.514441776275634766e+01 1.721270385742187500e+03 1.937299194335937500e+02 4.696545700223287226e-15 1.514441776275634766e+01 1.721270385742187500e+03 1.937299194335937500e+02
1.600000000000000000e+04 1.162256173871693485e-14 1.514415550231933594e+01 1.721270751953125000e+03 1.937297668457031250e+02 1.162256173871693485e-14 1.514415550231933594e+01 1.721270751953125000e+03 1.937297668457031250e+02
1.700000000000000000e+04 2.023238754268394390e-13 1.514299297332763672e+01 1.721272583007812500e+03 1.937291564941406250e+02 2.023238754268394390e-13 1.514299297332763672e+01 1.721272583007812500e+03 1.937291564941406250e+02
1.800000000000000000e+04 7.468537940868991143e-12 1.514432811737060547e+01 1.721270507812500000e+03 1.937298431396484375e+02 7.468537940868991143e-12 1.514432811737060547e+01 1.721270507812500000e+03 1.937298431396484375e+02
1.900000000000000000e+04 0.000000000000000000e+00 1.514421653747558594e+01 1.721270751953125000e+03 1.937298126220703125e+02 0.000000000000000000e+00 1.514421653747558594e+01 1.721270751953125000e+03 1.937298126220703125e+02
2.000000000000000000e+04 0.000000000000000000e+00 1.099498271942138672e+01 2.522331542968750000e+03 1.917897644042968750e+02 0.000000000000000000e+00 1.099498271942138672e+01 2.522331542968750000e+03 1.917897644042968750e+02
