# step, loss_train, loss_test, metrics_test
0.000000000000000000e+00 0.000000000000000000e+00 2.245085144042968750e+01 8.125031738281250000e+03 1.607270050048828125e+02 0.000000000000000000e+00 2.245085144042968750e+01 8.125031738281250000e+03 1.607270050048828125e+02
1.000000000000000000e+03 0.000000000000000000e+00 3.017027091979980469e+01 2.440854454040527344e+01 1.455325164794921875e+02 0.000000000000000000e+00 3.017027091979980469e+01 2.440854454040527344e+01 1.455325164794921875e+02
2.000000000000000000e+03 0.000000000000000000e+00 2.206846046447753906e+01 6.722351074218750000e+00 1.450468292236328125e+02 0.000000000000000000e+00 2.206846046447753906e+01 6.722351074218750000e+00 1.450468292236328125e+02
3.000000000000000000e+03 0.000000000000000000e+00 1.758555793762207031e+01 2.352459430694580078e+00 1.425305938720703125e+02 0.000000000000000000e+00 1.758555793762207031e+01 2.352459430694580078e+00 1.425305938720703125e+02
4.000000000000000000e+03 0.000000000000000000e+00 1.068156623840332031e+01 1.205916166305541992e+00 1.391609649658203125e+02 0.000000000000000000e+00 1.068156623840332031e+01 1.205916166305541992e+00 1.391609649658203125e+02
5.000000000000000000e+03 0.000000000000000000e+00 5.887620449066162109e+00 1.504667401313781738e+00 1.346842956542968750e+02 0.000000000000000000e+00 5.887620449066162109e+00 1.504667401313781738e+00 1.346842956542968750e+02
6.000000000000000000e+03 0.000000000000000000e+00 6.081995964050292969e+00 1.324321627616882324e+00 1.259905776977539062e+02 0.000000000000000000e+00 6.081995964050292969e+00 1.324321627616882324e+00 1.259905776977539062e+02
7.000000000000000000e+03 0.000000000000000000e+00 7.575011253356933594e+00 5.509259104728698730e-01 1.028298721313476562e+02 0.000000000000000000e+00 7.575011253356933594e+00 5.509259104728698730e-01 1.028298721313476562e+02
8.000000000000000000e+03 0.000000000000000000e+00 7.918174743652343750e+00 2.863835394382476807e-01 8.843563079833984375e+01 0.000000000000000000e+00 7.918174743652343750e+00 2.863835394382476807e-01 8.843563079833984375e+01
9.000000000000000000e+03 0.000000000000000000e+00 8.729513168334960938e+00 3.231859803199768066e-01 8.130218505859375000e+01 0.000000000000000000e+00 8.729513168334960938e+00 3.231859803199768066e-01 8.130218505859375000e+01
1.000000000000000000e+04 0.000000000000000000e+00 8.946872711181640625e+00 1.342280507087707520e-01 7.229729461669921875e+01 0.000000000000000000e+00 8.946872711181640625e+00 1.342280507087707520e-01 7.229729461669921875e+01
1.100000000000000000e+04 0.000000000000000000e+00 8.235904693603515625e+00 9.842180460691452026e-02 6.200844573974609375e+01 0.000000000000000000e+00 8.235904693603515625e+00 9.842180460691452026e-02 6.200844573974609375e+01
1.200000000000000000e+04 0.000000000000000000e+00 7.133520603179931641e+00 6.768795847892761230e-02 5.192762756347656250e+01 0.000000000000000000e+00 7.133520603179931641e+00 6.768795847892761230e-02 5.192762756347656250e+01
1.300000000000000000e+04 0.000000000000000000e+00 6.538163185119628906e+00 6.270347535610198975e-02 4.335833358764648438e+01 0.000000000000000000e+00 6.538163185119628906e+00 6.270347535610198975e-02 4.335833358764648438e+01
1.400000000000000000e+04 0.000000000000000000e+00 6.145482063293457031e+00 6.084701418876647949e-02 3.575327682495117188e+01 0.000000000000000000e+00 6.145482063293457031e+00 6.084701418876647949e-02 3.575327682495117188e+01
1.500000000000000000e+04 0.000000000000000000e+00 5.557869911193847656e+00 5.909728258848190308e-02 2.930018615722656250e+01 0.000000000000000000e+00 5.557869911193847656e+00 5.909728258848190308e-02 2.930018615722656250e+01
1.600000000000000000e+04 0.000000000000000000e+00 4.976686954498291016e+00 6.773837655782699585e-02 2.515695762634277344e+01 0.000000000000000000e+00 4.976686954498291016e+00 6.773837655782699585e-02 2.515695762634277344e+01
1.700000000000000000e+04 0.000000000000000000e+00 4.471473217010498047e+00 7.614395767450332642e-02 2.224038124084472656e+01 0.000000000000000000e+00 4.471473217010498047e+00 7.614395767450332642e-02 2.224038124084472656e+01
1.800000000000000000e+04 0.000000000000000000e+00 3.822550535202026367e+00 7.912115752696990967e-02 1.987660408020019531e+01 0.000000000000000000e+00 3.822550535202026367e+00 7.912115752696990967e-02 1.987660408020019531e+01
1.900000000000000000e+04 0.000000000000000000e+00 3.089511156082153320e+00 1.217183619737625122e-01 1.770844841003417969e+01 0.000000000000000000e+00 3.089511156082153320e+00 1.217183619737625122e-01 1.770844841003417969e+01
2.000000000000000000e+04 0.000000000000000000e+00 2.446646213531494141e+00 2.289439290761947632e-01 1.568793678283691406e+01 0.000000000000000000e+00 2.446646213531494141e+00 2.289439290761947632e-01 1.568793678283691406e+01
