# step, loss_train, loss_test, metrics_test
0.000000000000000000e+00 0.000000000000000000e+00 1.288653106689453125e+02 2.683580664062500000e+04 2.469257202148437500e+02 0.000000000000000000e+00 1.288653106689453125e+02 2.683580664062500000e+04 2.469257202148437500e+02
1.000000000000000000e+03 0.000000000000000000e+00 1.461249351501464844e+01 1.528388916015625000e+03 1.795477447509765625e+02 0.000000000000000000e+00 1.461249351501464844e+01 1.528388916015625000e+03 1.795477447509765625e+02
2.000000000000000000e+03 0.000000000000000000e+00 1.461245632171630859e+01 1.528388916015625000e+03 1.795477294921875000e+02 0.000000000000000000e+00 1.461245632171630859e+01 1.528388916015625000e+03 1.795477294921875000e+02
3.000000000000000000e+03 0.000000000000000000e+00 1.460921192169189453e+01 1.528393798828125000e+03 1.795460662841796875e+02 0.000000000000000000e+00 1.460921192169189453e+01 1.528393798828125000e+03 1.795460662841796875e+02
4.000000000000000000e+03 0.000000000000000000e+00 1.461656761169433594e+01 1.528382812500000000e+03 1.795498352050781250e+02 0.000000000000000000e+00 1.461656761169433594e+01 1.528382812500000000e+03 1.795498352050781250e+02
5.000000000000000000e+03 0.000000000000000000e+00 1.636161422729492188e+01 1.535884399414062500e+03 1.804471740722656250e+02 0.000000000000000000e+00 1.636161422729492188e+01 1.535884399414062500e+03 1.804471740722656250e+02
6.000000000000000000e+03 0.000000000000000000e+00 1.461914539337158203e+01 1.528378906250000000e+03 1.795511627197265625e+02 0.000000000000000000e+00 1.461914539337158203e+01 1.528378906250000000e+03 1.795511627197265625e+02
7.000000000000000000e+03 0.000000000000000000e+00 1.461394214630126953e+01 1.528386718750000000e+03 1.795484924316406250e+02 0.000000000000000000e+00 1.461394214630126953e+01 1.528386718750000000e+03 1.795484924316406250e+02
8.000000000000000000e+03 0.000000000000000000e+00 1.461290168762207031e+01 1.528388305664062500e+03 1.795479736328125000e+02 0.000000000000000000e+00 1.461290168762207031e+01 1.528388305664062500e+03 1.795479736328125000e+02
9.000000000000000000e+03 0.000000000000000000e+00 1.287605285644531250e+01 1.545551879882812500e+03 1.786636810302734375e+02 0.000000000000000000e+00 1.287605285644531250e+01 1.545551879882812500e+03 1.786636810302734375e+02
1.000000000000000000e+04 0.000000000000000000e+00 1.513702678680419922e+01 1.528613037109375000e+03 1.798167572021484375e+02 0.000000000000000000e+00 1.513702678680419922e+01 1.528613037109375000e+03 1.798167572021484375e+02
1.100000000000000000e+04 0.000000000000000000e+00 1.461176300048828125e+01 1.528390014648437500e+03 1.795473632812500000e+02 0.000000000000000000e+00 1.461176300048828125e+01 1.528390014648437500e+03 1.795473632812500000e+02
1.200000000000000000e+04 0.000000000000000000e+00 1.461190032958984375e+01 1.528389892578125000e+03 1.795474548339843750e+02 0.000000000000000000e+00 1.461190032958984375e+01 1.528389892578125000e+03 1.795474548339843750e+02
1.300000000000000000e+04 0.000000000000000000e+00 1.554634189605712891e+01 1.530078979492187500e+03 1.800271301269531250e+02 0.000000000000000000e+00 1.554634189605712891e+01 1.530078979492187500e+03 1.800271301269531250e+02
1.400000000000000000e+04 0.000000000000000000e+00 1.464355182647705078e+01 1.528345825195312500e+03 1.795636596679687500e+02 0.000000000000000000e+00 1.464355182647705078e+01 1.528345825195312500e+03 1.795636596679687500e+02
1.500000000000000000e+04 0.000000000000000000e+00 1.481582927703857422e+01 1.528239135742187500e+03 1.796519317626953125e+02 0.000000000000000000e+00 1.481582927703857422e+01 1.528239135742187500e+03 1.796519317626953125e+02
1.600000000000000000e+04 0.000000000000000000e+00 1.461236858367919922e+01 1.528389038085937500e+03 1.795476837158203125e+02 0.000000000000000000e+00 1.461236858367919922e+01 1.528389038085937500e+03 1.795476837158203125e+02
1.700000000000000000e+04 0.000000000000000000e+00 1.461285305023193359e+01 1.528388305664062500e+03 1.795479431152343750e+02 0.000000000000000000e+00 1.461285305023193359e+01 1.528388305664062500e+03 1.795479431152343750e+02
1.800000000000000000e+04 0.000000000000000000e+00 1.461260604858398438e+01 1.528388549804687500e+03 1.795478057861328125e+02 0.000000000000000000e+00 1.461260604858398438e+01 1.528388549804687500e+03 1.795478057861328125e+02
1.900000000000000000e+04 0.000000000000000000e+00 1.461239433288574219e+01 1.528389038085937500e+03 1.795476989746093750e+02 0.000000000000000000e+00 1.461239433288574219e+01 1.528389038085937500e+03 1.795476989746093750e+02
2.000000000000000000e+04 0.000000000000000000e+00 1.460574626922607422e+01 1.528399291992187500e+03 1.795442810058593750e+02 0.000000000000000000e+00 1.460574626922607422e+01 1.528399291992187500e+03 1.795442810058593750e+02
