# step, loss_train, loss_test, metrics_test
0.000000000000000000e+00 1.353214859962463379e+00 7.478629946708679199e-01 1.582615661621093750e+01 2.340411834716796875e+02 1.353214859962463379e+00 7.478629946708679199e-01 1.582615661621093750e+01 2.340411834716796875e+02
1.000000000000000000e+03 2.570494174957275391e+00 1.035142040252685547e+01 1.299177551269531250e+01 1.491472015380859375e+02 2.570494174957275391e+00 1.035142040252685547e+01 1.299177551269531250e+01 1.491472015380859375e+02
2.000000000000000000e+03 3.212651491165161133e+00 1.287204742431640625e+01 8.103728294372558594e+00 1.223677673339843750e+02 3.212651491165161133e+00 1.287204742431640625e+01 8.103728294372558594e+00 1.223677673339843750e+02
3.000000000000000000e+03 6.059484004974365234e+00 1.792709112167358398e+00 1.330095648765563965e+00 1.758501434326171875e+01 6.059484004974365234e+00 1.792709112167358398e+00 1.330095648765563965e+00 1.758501434326171875e+01
4.000000000000000000e+03 1.781881809234619141e+00 4.576051831245422363e-01 5.301268696784973145e-01 3.575556039810180664e+00 1.781881809234619141e+00 4.576051831245422363e-01 5.301268696784973145e-01 3.575556039810180664e+00
5.000000000000000000e+03 1.017255187034606934e+00 4.097160398960113525e-01 3.169549703598022461e-01 2.243938922882080078e+00 1.017255187034606934e+00 4.097160398960113525e-01 3.169549703598022461e-01 2.243938922882080078e+00
6.000000000000000000e+03 7.100940942764282227e-01 3.719419836997985840e-01 2.011385262012481689e-01 1.691614627838134766e+00 7.100940942764282227e-01 3.719419836997985840e-01 2.011385262012481689e-01 1.691614627838134766e+00
7.000000000000000000e+03 5.267427563667297363e-01 3.245483040809631348e-01 1.447402685880661011e-01 1.338150382041931152e+00 5.267427563667297363e-01 3.245483040809631348e-01 1.447402685880661011e-01 1.338150382041931152e+00
8.000000000000000000e+03 4.064655601978302002e-01 2.997276484966278076e-01 1.110244989395141602e-01 1.129404783248901367e+00 4.064655601978302002e-01 2.997276484966278076e-01 1.110244989395141602e-01 1.129404783248901367e+00
9.000000000000000000e+03 3.256542086601257324e-01 2.819941639900207520e-01 8.863544464111328125e-02 9.915182590484619141e-01 3.256542086601257324e-01 2.819941639900207520e-01 8.863544464111328125e-02 9.915182590484619141e-01
1.000000000000000000e+04 2.714639306068420410e-01 2.644195854663848877e-01 7.895445823669433594e-02 8.861212134361267090e-01 2.714639306068420410e-01 2.644195854663848877e-01 7.895445823669433594e-02 8.861212134361267090e-01
1.100000000000000000e+04 2.423176616430282593e-01 2.564714848995208740e-01 6.284590065479278564e-02 8.147481679916381836e-01 2.423176616430282593e-01 2.564714848995208740e-01 6.284590065479278564e-02 8.147481679916381836e-01
1.200000000000000000e+04 2.113097161054611206e-01 2.385374009609222412e-01 5.916925892233848572e-02 7.349396347999572754e-01 2.113097161054611206e-01 2.385374009609222412e-01 5.916925892233848572e-02 7.349396347999572754e-01
1.300000000000000000e+04 1.935969293117523193e-01 2.264737933874130249e-01 5.417766794562339783e-02 6.772184371948242188e-01 1.935969293117523193e-01 2.264737933874130249e-01 5.417766794562339783e-02 6.772184371948242188e-01
1.400000000000000000e+04 1.802292615175247192e-01 2.156322896480560303e-01 5.012802034616470337e-02 6.298627853393554688e-01 1.802292615175247192e-01 2.156322896480560303e-01 5.012802034616470337e-02 6.298627853393554688e-01
1.500000000000000000e+04 1.692504435777664185e-01 2.056953608989715576e-01 4.636851698160171509e-02 5.900020599365234375e-01 1.692504435777664185e-01 2.056953608989715576e-01 4.636851698160171509e-02 5.900020599365234375e-01
1.600000000000000000e+04 1.599339544773101807e-01 1.957005560398101807e-01 4.482758790254592896e-02 5.549448728561401367e-01 1.599339544773101807e-01 1.957005560398101807e-01 4.482758790254592896e-02 5.549448728561401367e-01
1.700000000000000000e+04 1.519945859909057617e-01 1.866193264722824097e-01 4.303527995944023132e-02 5.251969695091247559e-01 1.519945859909057617e-01 1.866193264722824097e-01 4.303527995944023132e-02 5.251969695091247559e-01
1.800000000000000000e+04 1.452217847108840942e-01 1.781361103057861328e-01 4.139390215277671814e-02 4.993807077407836914e-01 1.452217847108840942e-01 1.781361103057861328e-01 4.139390215277671814e-02 4.993807077407836914e-01
1.900000000000000000e+04 1.392516493797302246e-01 1.700487732887268066e-01 4.041674360632896423e-02 4.762013852596282959e-01 1.392516493797302246e-01 1.700487732887268066e-01 4.041674360632896423e-02 4.762013852596282959e-01
2.000000000000000000e+04 1.341160684823989868e-01 1.625702381134033203e-01 3.939877077937126160e-02 4.560573101043701172e-01 1.341160684823989868e-01 1.625702381134033203e-01 3.939877077937126160e-02 4.560573101043701172e-01
