# step, loss_train, loss_test, metrics_test
0.000000000000000000e+00 2.186138250000000000e+06 1.159574584960937500e+03 6.445599609375000000e+04 3.977217102050781250e+02 2.186138250000000000e+06 1.159574584960937500e+03 6.445599609375000000e+04 3.977217102050781250e+02
1.000000000000000000e+03 4.901911544799804688e+01 2.105853652954101562e+01 6.930188655853271484e+00 3.072380981445312500e+02 4.901911544799804688e+01 2.105853652954101562e+01 6.930188655853271484e+00 3.072380981445312500e+02
2.000000000000000000e+03 1.803378868103027344e+01 1.717578697204589844e+01 6.272715330123901367e-01 2.945829467773437500e+02 1.803378868103027344e+01 1.717578697204589844e+01 6.272715330123901367e-01 2.945829467773437500e+02
3.000000000000000000e+03 1.018325138092041016e+01 1.406269454956054688e+01 4.163584411144256592e-01 2.938952941894531250e+02 1.018325138092041016e+01 1.406269454956054688e+01 4.163584411144256592e-01 2.938952941894531250e+02
4.000000000000000000e+03 5.943307399749755859e+00 1.172458648681640625e+01 2.883449494838714600e-01 2.899621887207031250e+02 5.943307399749755859e+00 1.172458648681640625e+01 2.883449494838714600e-01 2.899621887207031250e+02
5.000000000000000000e+03 4.098739624023437500e+00 9.013857841491699219e+00 2.861510515213012695e-01 2.855450744628906250e+02 4.098739624023437500e+00 9.013857841491699219e+00 2.861510515213012695e-01 2.855450744628906250e+02
6.000000000000000000e+03 2.278823852539062500e+01 5.723198890686035156e+00 5.726547241210937500e-01 2.797682800292968750e+02 2.278823852539062500e+01 5.723198890686035156e+00 5.726547241210937500e-01 2.797682800292968750e+02
7.000000000000000000e+03 3.520530700683593750e+02 5.001595020294189453e+00 1.342339515686035156e+01 2.377843170166015625e+02 3.520530700683593750e+02 5.001595020294189453e+00 1.342339515686035156e+01 2.377843170166015625e+02
8.000000000000000000e+03 6.830512523651123047e+00 8.186464309692382812e+00 2.446078956127166748e-01 1.681330871582031250e+02 6.830512523651123047e+00 8.186464309692382812e+00 2.446078956127166748e-01 1.681330871582031250e+02
9.000000000000000000e+03 7.189678192138671875e+00 8.835968017578125000e+00 1.685518771409988403e-01 1.475236206054687500e+02 7.189678192138671875e+00 8.835968017578125000e+00 1.685518771409988403e-01 1.475236206054687500e+02
1.000000000000000000e+04 6.612815093994140625e+01 8.708027839660644531e+00 1.825073814392089844e+01 2.280055847167968750e+02 6.612815093994140625e+01 8.708027839660644531e+00 1.825073814392089844e+01 2.280055847167968750e+02
1.100000000000000000e+04 4.288774108886718750e+01 4.521134376525878906e+00 1.895977210998535156e+01 1.919833831787109375e+02 4.288774108886718750e+01 4.521134376525878906e+00 1.895977210998535156e+01 1.919833831787109375e+02
1.200000000000000000e+04 4.518922805786132812e+00 4.393722534179687500e+00 5.073625445365905762e-01 1.496847839355468750e+02 4.518922805786132812e+00 4.393722534179687500e+00 5.073625445365905762e-01 1.496847839355468750e+02
1.300000000000000000e+04 2.911634206771850586e+00 2.472290992736816406e+00 3.044631779193878174e-01 8.837321472167968750e+01 2.911634206771850586e+00 2.472290992736816406e+00 3.044631779193878174e-01 8.837321472167968750e+01
1.400000000000000000e+04 4.900650978088378906e+00 2.575121879577636719e+00 7.892583608627319336e-01 8.402869415283203125e+01 4.900650978088378906e+00 2.575121879577636719e+00 7.892583608627319336e-01 8.402869415283203125e+01
1.500000000000000000e+04 2.531671524047851562e+00 1.704649209976196289e+00 4.051020443439483643e-01 7.639756011962890625e+01 2.531671524047851562e+00 1.704649209976196289e+00 4.051020443439483643e-01 7.639756011962890625e+01
1.600000000000000000e+04 1.561137080192565918e+00 1.416348367929458618e-01 4.072987660765647888e-02 1.176909160614013672e+01 1.561137080192565918e+00 1.416348367929458618e-01 4.072987660765647888e-02 1.176909160614013672e+01
1.700000000000000000e+04 5.392204284667968750e+01 7.106170654296875000e-01 1.935893416404724121e+00 2.947249603271484375e+01 5.392204284667968750e+01 7.106170654296875000e-01 1.935893416404724121e+00 2.947249603271484375e+01
1.800000000000000000e+04 1.327567815780639648e+00 2.528890967369079590e-01 1.273445039987564087e-01 1.701709938049316406e+01 1.327567815780639648e+00 2.528890967369079590e-01 1.273445039987564087e-01 1.701709938049316406e+01
1.900000000000000000e+04 8.578588962554931641e-01 4.269807785749435425e-02 7.942357100546360016e-03 3.673767566680908203e+00 8.578588962554931641e-01 4.269807785749435425e-02 7.942357100546360016e-03 3.673767566680908203e+00
2.000000000000000000e+04 7.338188886642456055e-01 4.552894458174705505e-02 1.847487688064575195e-02 4.126672744750976562e+00 7.338188886642456055e-01 4.552894458174705505e-02 1.847487688064575195e-02 4.126672744750976562e+00
