# step, loss_train, loss_test, metrics_test
0.000000000000000000e+00 3.693281860351562500e+02 1.052731857299804688e+02 5.601428710937500000e+03 1.518833923339843750e+02 3.693281860351562500e+02 1.052731857299804688e+02 5.601428710937500000e+03 1.518833923339843750e+02
1.000000000000000000e+03 7.531375408172607422e+00 4.078412628173828125e+01 5.310654163360595703e+00 1.303260650634765625e+02 7.531375408172607422e+00 4.078412628173828125e+01 5.310654163360595703e+00 1.303260650634765625e+02
2.000000000000000000e+03 2.370010852813720703e+00 3.683597564697265625e+01 2.730827569961547852e+00 1.249637908935546875e+02 2.370010852813720703e+00 3.683597564697265625e+01 2.730827569961547852e+00 1.249637908935546875e+02
3.000000000000000000e+03 1.419052481651306152e+00 3.224388504028320312e+01 1.375382661819458008e+00 1.213475723266601562e+02 1.419052481651306152e+00 3.224388504028320312e+01 1.375382661819458008e+00 1.213475723266601562e+02
4.000000000000000000e+03 1.247986912727355957e+00 2.521230125427246094e+01 7.310005426406860352e-01 1.192234039306640625e+02 1.247986912727355957e+00 2.521230125427246094e+01 7.310005426406860352e-01 1.192234039306640625e+02
5.000000000000000000e+03 1.419693112373352051e+00 1.454125118255615234e+01 4.748945832252502441e-01 1.177318038940429688e+02 1.419693112373352051e+00 1.454125118255615234e+01 4.748945832252502441e-01 1.177318038940429688e+02
6.000000000000000000e+03 1.225273489952087402e+00 6.297204017639160156e+00 2.489652931690216064e-01 1.166443786621093750e+02 1.225273489952087402e+00 6.297204017639160156e+00 2.489652931690216064e-01 1.166443786621093750e+02
7.000000000000000000e+03 8.724488615989685059e-01 4.396136283874511719e+00 1.923623383045196533e-01 1.153938674926757812e+02 8.724488615989685059e-01 4.396136283874511719e+00 1.923623383045196533e-01 1.153938674926757812e+02
8.000000000000000000e+03 6.963050365447998047e-01 3.983165979385375977e+00 2.160843461751937866e-01 1.142715835571289062e+02 6.963050365447998047e-01 3.983165979385375977e+00 2.160843461751937866e-01 1.142715835571289062e+02
9.000000000000000000e+03 6.201651692390441895e-01 3.836246490478515625e+00 2.004923820495605469e-01 1.134063186645507812e+02 6.201651692390441895e-01 3.836246490478515625e+00 2.004923820495605469e-01 1.134063186645507812e+02
1.000000000000000000e+04 6.605720520019531250e-01 3.809946298599243164e+00 2.239273041486740112e-01 1.126279602050781250e+02 6.605720520019531250e-01 3.809946298599243164e+00 2.239273041486740112e-01 1.126279602050781250e+02
1.100000000000000000e+04 6.299182772636413574e-01 3.773803472518920898e+00 2.080620676279067993e-01 1.118016357421875000e+02 6.299182772636413574e-01 3.773803472518920898e+00 2.080620676279067993e-01 1.118016357421875000e+02
1.200000000000000000e+04 7.220882177352905273e-01 3.685568571090698242e+00 3.281581401824951172e-01 1.108517227172851562e+02 7.220882177352905273e-01 3.685568571090698242e+00 3.281581401824951172e-01 1.108517227172851562e+02
1.300000000000000000e+04 6.971658468246459961e-01 3.728674888610839844e+00 2.101752758026123047e-01 1.097356109619140625e+02 6.971658468246459961e-01 3.728674888610839844e+00 2.101752758026123047e-01 1.097356109619140625e+02
1.400000000000000000e+04 7.907710075378417969e-01 3.759899854660034180e+00 1.693910807371139526e-01 1.082852630615234375e+02 7.907710075378417969e-01 3.759899854660034180e+00 1.693910807371139526e-01 1.082852630615234375e+02
1.500000000000000000e+04 1.609539985656738281e+00 3.633607625961303711e+00 9.069946408271789551e-01 1.063497314453125000e+02 1.609539985656738281e+00 3.633607625961303711e+00 9.069946408271789551e-01 1.063497314453125000e+02
1.600000000000000000e+04 1.370801568031311035e+00 3.696631431579589844e+00 1.796510219573974609e-01 1.039402694702148438e+02 1.370801568031311035e+00 3.696631431579589844e+00 1.796510219573974609e-01 1.039402694702148438e+02
1.700000000000000000e+04 2.185350894927978516e+00 3.706876993179321289e+00 5.186271667480468750e-01 1.008283157348632812e+02 2.185350894927978516e+00 3.706876993179321289e+00 5.186271667480468750e-01 1.008283157348632812e+02
1.800000000000000000e+04 2.756988286972045898e+00 3.461979866027832031e+00 4.602831304073333740e-01 9.664928436279296875e+01 2.756988286972045898e+00 3.461979866027832031e+00 4.602831304073333740e-01 9.664928436279296875e+01
1.900000000000000000e+04 3.464974403381347656e+00 3.361960649490356445e+00 2.111234515905380249e-01 9.168640899658203125e+01 3.464974403381347656e+00 3.361960649490356445e+00 2.111234515905380249e-01 9.168640899658203125e+01
2.000000000000000000e+04 4.634163856506347656e+00 3.196359872817993164e+00 2.187635451555252075e-01 8.552419281005859375e+01 4.634163856506347656e+00 3.196359872817993164e+00 2.187635451555252075e-01 8.552419281005859375e+01
