# step, loss_train, loss_test, metrics_test
0.000000000000000000e+00 5.964162597656250000e+03 5.892858886718750000e+01 1.950712158203125000e+03 3.858778381347656250e+02 5.964162597656250000e+03 5.892858886718750000e+01 1.950712158203125000e+03 3.858778381347656250e+02
1.000000000000000000e+03 1.022505855560302734e+01 3.099838638305664062e+01 2.420635032653808594e+01 3.441838378906250000e+02 1.022505855560302734e+01 3.099838638305664062e+01 2.420635032653808594e+01 3.441838378906250000e+02
2.000000000000000000e+03 5.500690460205078125e+00 2.175983619689941406e+01 4.481832027435302734e+00 3.125014648437500000e+02 5.500690460205078125e+00 2.175983619689941406e+01 4.481832027435302734e+00 3.125014648437500000e+02
3.000000000000000000e+03 2.775133132934570312e+00 1.146015739440917969e+01 2.565638303756713867e+00 2.779029541015625000e+02 2.775133132934570312e+00 1.146015739440917969e+01 2.565638303756713867e+00 2.779029541015625000e+02
4.000000000000000000e+03 3.994483709335327148e+00 1.221514511108398438e+01 2.160499572753906250e+00 2.406574859619140625e+02 3.994483709335327148e+00 1.221514511108398438e+01 2.160499572753906250e+00 2.406574859619140625e+02
5.000000000000000000e+03 5.882211685180664062e+00 1.398580265045166016e+01 3.023644208908081055e+00 2.566121520996093750e+02 5.882211685180664062e+00 1.398580265045166016e+01 3.023644208908081055e+00 2.566121520996093750e+02
6.000000000000000000e+03 3.083079099655151367e+00 1.026091957092285156e+01 2.921975135803222656e+00 2.543478088378906250e+02 3.083079099655151367e+00 1.026091957092285156e+01 2.921975135803222656e+00 2.543478088378906250e+02
7.000000000000000000e+03 4.469287395477294922e+00 1.113685131072998047e+01 2.112963676452636719e+00 2.254793548583984375e+02 4.469287395477294922e+00 1.113685131072998047e+01 2.112963676452636719e+00 2.254793548583984375e+02
8.000000000000000000e+03 7.636125183105468750e+01 3.352662658691406250e+01 3.468891143798828125e+01 1.540741882324218750e+02 7.636125183105468750e+01 3.352662658691406250e+01 3.468891143798828125e+01 1.540741882324218750e+02
9.000000000000000000e+03 5.138648986816406250e+00 1.855609512329101562e+01 4.170549392700195312e+00 2.628457641601562500e+02 5.138648986816406250e+00 1.855609512329101562e+01 4.170549392700195312e+00 2.628457641601562500e+02
1.000000000000000000e+04 4.829630374908447266e+00 1.272391319274902344e+01 2.665631055831909180e+00 1.792679138183593750e+02 4.829630374908447266e+00 1.272391319274902344e+01 2.665631055831909180e+00 1.792679138183593750e+02
1.100000000000000000e+04 7.776165485382080078e+00 9.067497253417968750e+00 3.363675355911254883e+00 1.507460784912109375e+02 7.776165485382080078e+00 9.067497253417968750e+00 3.363675355911254883e+00 1.507460784912109375e+02
1.200000000000000000e+04 8.549183845520019531e+00 7.555587768554687500e+00 2.336739778518676758e+00 1.765824737548828125e+02 8.549183845520019531e+00 7.555587768554687500e+00 2.336739778518676758e+00 1.765824737548828125e+02
1.300000000000000000e+04 1.118975925445556641e+01 5.912670612335205078e+00 4.091086864471435547e+00 1.011289901733398438e+02 1.118975925445556641e+01 5.912670612335205078e+00 4.091086864471435547e+00 1.011289901733398438e+02
1.400000000000000000e+04 1.115004444122314453e+01 9.763624191284179688e+00 5.920669078826904297e+00 2.245680236816406250e+02 1.115004444122314453e+01 9.763624191284179688e+00 5.920669078826904297e+00 2.245680236816406250e+02
1.500000000000000000e+04 1.108506679534912109e+01 5.104261398315429688e+00 8.225138664245605469e+00 7.665862274169921875e+01 1.108506679534912109e+01 5.104261398315429688e+00 8.225138664245605469e+00 7.665862274169921875e+01
1.600000000000000000e+04 3.126609611511230469e+01 1.535011291503906250e+00 6.028270721435546875e+00 2.869465637207031250e+01 3.126609611511230469e+01 1.535011291503906250e+00 6.028270721435546875e+00 2.869465637207031250e+01
1.700000000000000000e+04 6.565138244628906250e+01 6.641845226287841797e+00 4.097908782958984375e+01 1.041541519165039062e+02 6.565138244628906250e+01 6.641845226287841797e+00 4.097908782958984375e+01 1.041541519165039062e+02
1.800000000000000000e+04 8.273973464965820312e+00 1.995092928409576416e-01 5.727517604827880859e-01 1.512913990020751953e+01 8.273973464965820312e+00 1.995092928409576416e-01 5.727517604827880859e-01 1.512913990020751953e+01
1.900000000000000000e+04 3.096633720397949219e+01 1.292770206928253174e-01 4.791787862777709961e-01 1.274149608612060547e+01 3.096633720397949219e+01 1.292770206928253174e-01 4.791787862777709961e-01 1.274149608612060547e+01
2.000000000000000000e+04 3.768713474273681641e+00 3.109420537948608398e-01 1.941930294036865234e+00 8.449066162109375000e+00 3.768713474273681641e+00 3.109420537948608398e-01 1.941930294036865234e+00 8.449066162109375000e+00
