# step, loss_train, loss_test, metrics_test
0.000000000000000000e+00 1.509072831140656490e-06 1.373336219787597656e+01 3.554590087890625000e+03 1.375826110839843750e+02 1.509072831140656490e-06 1.373336219787597656e+01 3.554590087890625000e+03 1.375826110839843750e+02
1.000000000000000000e+03 0.000000000000000000e+00 2.051741218566894531e+01 2.878544921875000000e+03 1.394146118164062500e+02 0.000000000000000000e+00 2.051741218566894531e+01 2.878544921875000000e+03 1.394146118164062500e+02
2.000000000000000000e+03 0.000000000000000000e+00 2.051750183105468750e+01 2.878544677734375000e+03 1.394146270751953125e+02 0.000000000000000000e+00 2.051750183105468750e+01 2.878544677734375000e+03 1.394146270751953125e+02
3.000000000000000000e+03 0.000000000000000000e+00 2.051736831665039062e+01 2.878544921875000000e+03 1.394145965576171875e+02 0.000000000000000000e+00 2.051736831665039062e+01 2.878544921875000000e+03 1.394145965576171875e+02
4.000000000000000000e+03 0.000000000000000000e+00 2.051738929748535156e+01 2.878544921875000000e+03 1.394145965576171875e+02 0.000000000000000000e+00 2.051738929748535156e+01 2.878544921875000000e+03 1.394145965576171875e+02
5.000000000000000000e+03 0.000000000000000000e+00 2.051738739013671875e+01 2.878544921875000000e+03 1.394145965576171875e+02 0.000000000000000000e+00 2.051738739013671875e+01 2.878544921875000000e+03 1.394145965576171875e+02
6.000000000000000000e+03 0.000000000000000000e+00 2.051741218566894531e+01 2.878544921875000000e+03 1.394146118164062500e+02 0.000000000000000000e+00 2.051741218566894531e+01 2.878544921875000000e+03 1.394146118164062500e+02
7.000000000000000000e+03 0.000000000000000000e+00 2.051734924316406250e+01 2.878544677734375000e+03 1.394145965576171875e+02 0.000000000000000000e+00 2.051734924316406250e+01 2.878544677734375000e+03 1.394145965576171875e+02
8.000000000000000000e+03 0.000000000000000000e+00 2.051753807067871094e+01 2.878544921875000000e+03 1.394146423339843750e+02 0.000000000000000000e+00 2.051753807067871094e+01 2.878544921875000000e+03 1.394146423339843750e+02
9.000000000000000000e+03 0.000000000000000000e+00 2.051744842529296875e+01 2.878544677734375000e+03 1.394146118164062500e+02 0.000000000000000000e+00 2.051744842529296875e+01 2.878544677734375000e+03 1.394146118164062500e+02
1.000000000000000000e+04 0.000000000000000000e+00 2.051744842529296875e+01 2.878544677734375000e+03 1.394146118164062500e+02 0.000000000000000000e+00 2.051744842529296875e+01 2.878544677734375000e+03 1.394146118164062500e+02
1.100000000000000000e+04 0.000000000000000000e+00 2.051739692687988281e+01 2.878544677734375000e+03 1.394146118164062500e+02 0.000000000000000000e+00 2.051739692687988281e+01 2.878544677734375000e+03 1.394146118164062500e+02
1.200000000000000000e+04 0.000000000000000000e+00 2.051740074157714844e+01 2.878544677734375000e+03 1.394145965576171875e+02 0.000000000000000000e+00 2.051740074157714844e+01 2.878544677734375000e+03 1.394145965576171875e+02
1.300000000000000000e+04 0.000000000000000000e+00 2.049590682983398438e+01 2.878573974609375000e+03 1.394084777832031250e+02 0.000000000000000000e+00 2.049590682983398438e+01 2.878573974609375000e+03 1.394084777832031250e+02
1.400000000000000000e+04 0.000000000000000000e+00 2.051739883422851562e+01 2.878544921875000000e+03 1.394145965576171875e+02 0.000000000000000000e+00 2.051739883422851562e+01 2.878544921875000000e+03 1.394145965576171875e+02
1.500000000000000000e+04 0.000000000000000000e+00 2.051746559143066406e+01 2.878544677734375000e+03 1.394146118164062500e+02 0.000000000000000000e+00 2.051746559143066406e+01 2.878544677734375000e+03 1.394146118164062500e+02
1.600000000000000000e+04 0.000000000000000000e+00 2.051949119567871094e+01 2.878541992187500000e+03 1.394151916503906250e+02 0.000000000000000000e+00 2.051949119567871094e+01 2.878541992187500000e+03 1.394151916503906250e+02
1.700000000000000000e+04 0.000000000000000000e+00 2.054567527770996094e+01 2.878511230468750000e+03 1.394226531982421875e+02 0.000000000000000000e+00 2.054567527770996094e+01 2.878511230468750000e+03 1.394226531982421875e+02
1.800000000000000000e+04 0.000000000000000000e+00 2.051022148132324219e+01 2.878554199218750000e+03 1.394125518798828125e+02 0.000000000000000000e+00 2.051022148132324219e+01 2.878554199218750000e+03 1.394125518798828125e+02
1.900000000000000000e+04 0.000000000000000000e+00 2.045592498779296875e+01 2.878637939453125000e+03 1.393971099853515625e+02 0.000000000000000000e+00 2.045592498779296875e+01 2.878637939453125000e+03 1.393971099853515625e+02
2.000000000000000000e+04 0.000000000000000000e+00 2.051912117004394531e+01 2.878542480468750000e+03 1.394151000976562500e+02 0.000000000000000000e+00 2.051912117004394531e+01 2.878542480468750000e+03 1.394151000976562500e+02
