# step, loss_train, loss_test, metrics_test
0.000000000000000000e+00 0.000000000000000000e+00 1.337419281005859375e+02 3.257331237792968750e+02 4.785767211914062500e+02 0.000000000000000000e+00 1.337419281005859375e+02 3.257331237792968750e+02 4.785767211914062500e+02
1.000000000000000000e+03 0.000000000000000000e+00 6.332318298518657684e-03 4.739274978637695312e-01 4.146122634410858154e-01 0.000000000000000000e+00 6.332318298518657684e-03 4.739274978637695312e-01 4.146122634410858154e-01
2.000000000000000000e+03 0.000000000000000000e+00 1.827398376464843750e+02 9.598606250000000000e+05 5.460236206054687500e+02 0.000000000000000000e+00 1.827398376464843750e+02 9.598606250000000000e+05 5.460236206054687500e+02
3.000000000000000000e+03 0.000000000000000000e+00 1.903571510314941406e+01 3.394634628295898438e+01 4.256295166015625000e+02 0.000000000000000000e+00 1.903571510314941406e+01 3.394634628295898438e+01 4.256295166015625000e+02
4.000000000000000000e+03 0.000000000000000000e+00 1.825859642028808594e+01 2.652868461608886719e+01 4.251161193847656250e+02 0.000000000000000000e+00 1.825859642028808594e+01 2.652868461608886719e+01 4.251161193847656250e+02
5.000000000000000000e+03 0.000000000000000000e+00 1.797723579406738281e+01 2.310244750976562500e+01 4.249349975585937500e+02 0.000000000000000000e+00 1.797723579406738281e+01 2.310244750976562500e+01 4.249349975585937500e+02
6.000000000000000000e+03 0.000000000000000000e+00 1.775585365295410156e+01 1.900213432312011719e+01 4.247947387695312500e+02 0.000000000000000000e+00 1.775585365295410156e+01 1.900213432312011719e+01 4.247947387695312500e+02
7.000000000000000000e+03 0.000000000000000000e+00 1.769008445739746094e+01 1.302767848968505859e+01 4.247531433105468750e+02 0.000000000000000000e+00 1.769008445739746094e+01 1.302767848968505859e+01 4.247531433105468750e+02
8.000000000000000000e+03 0.000000000000000000e+00 1.189207812500000000e+04 6.507009375000000000e+05 9.250646484375000000e+03 0.000000000000000000e+00 1.189207812500000000e+04 6.507009375000000000e+05 9.250646484375000000e+03
9.000000000000000000e+03 0.000000000000000000e+00 4.828733398437500000e+03 5.115789184570312500e+02 3.997309326171875000e+03 0.000000000000000000e+00 4.828733398437500000e+03 5.115789184570312500e+02 3.997309326171875000e+03
1.000000000000000000e+04 0.000000000000000000e+00 1.360458984375000000e+03 1.087550201416015625e+02 1.418219604492187500e+03 0.000000000000000000e+00 1.360458984375000000e+03 1.087550201416015625e+02 1.418219604492187500e+03
1.100000000000000000e+04 0.000000000000000000e+00 1.926134033203125000e+02 4.277347183227539062e+01 5.524859008789062500e+02 0.000000000000000000e+00 1.926134033203125000e+02 4.277347183227539062e+01 5.524859008789062500e+02
1.200000000000000000e+04 0.000000000000000000e+00 2.918630027770996094e+01 6.223052978515625000e+01 4.327328796386718750e+02 0.000000000000000000e+00 2.918630027770996094e+01 6.223052978515625000e+01 4.327328796386718750e+02
1.300000000000000000e+04 0.000000000000000000e+00 2.031347084045410156e+01 4.277982330322265625e+01 4.264684143066406250e+02 0.000000000000000000e+00 2.031347084045410156e+01 4.277982330322265625e+01 4.264684143066406250e+02
1.400000000000000000e+04 0.000000000000000000e+00 8.476552734375000000e+02 2.404699800000000000e+07 1.067020385742187500e+03 0.000000000000000000e+00 8.476552734375000000e+02 2.404699800000000000e+07 1.067020385742187500e+03
1.500000000000000000e+04 0.000000000000000000e+00 1.006458358764648438e+02 2.057214660644531250e+02 4.886965942382812500e+02 0.000000000000000000e+00 1.006458358764648438e+02 2.057214660644531250e+02 4.886965942382812500e+02
1.600000000000000000e+04 0.000000000000000000e+00 1.837475585937500000e+01 6.316156005859375000e+01 4.256733398437500000e+02 0.000000000000000000e+00 1.837475585937500000e+01 6.316156005859375000e+01 4.256733398437500000e+02
1.700000000000000000e+04 0.000000000000000000e+00 1.718048477172851562e+01 4.048468780517578125e+01 4.244458312988281250e+02 0.000000000000000000e+00 1.718048477172851562e+01 4.048468780517578125e+01 4.244458312988281250e+02
1.800000000000000000e+04 0.000000000000000000e+00 1.747298431396484375e+01 2.874392127990722656e+01 4.246112060546875000e+02 0.000000000000000000e+00 1.747298431396484375e+01 2.874392127990722656e+01 4.246112060546875000e+02
1.900000000000000000e+04 0.000000000000000000e+00 1.746677780151367188e+01 2.757744216918945312e+01 4.246082153320312500e+02 0.000000000000000000e+00 1.746677780151367188e+01 2.757744216918945312e+01 4.246082153320312500e+02
2.000000000000000000e+04 0.000000000000000000e+00 1.722664070129394531e+01 2.329820823669433594e+01 4.244830017089843750e+02 0.000000000000000000e+00 1.722664070129394531e+01 2.329820823669433594e+01 4.244830017089843750e+02
