# step, loss_train, loss_test, metrics_test
0.000000000000000000e+00 6.025865722656250000e+03 3.395126724243164062e+01 2.774665527343750000e+02 4.626934509277343750e+02 6.025865722656250000e+03 3.395126724243164062e+01 2.774665527343750000e+02 4.626934509277343750e+02
1.000000000000000000e+03 4.122152404785156250e+02 2.860260200500488281e+01 2.252284698486328125e+02 4.397745361328125000e+02 4.122152404785156250e+02 2.860260200500488281e+01 2.252284698486328125e+02 4.397745361328125000e+02
2.000000000000000000e+03 1.174769287109375000e+02 2.021769142150878906e+01 1.610270080566406250e+02 4.250613403320312500e+02 1.174769287109375000e+02 2.021769142150878906e+01 1.610270080566406250e+02 4.250613403320312500e+02
3.000000000000000000e+03 3.619294738769531250e+01 1.542512321472167969e+01 1.192370300292968750e+02 4.165603637695312500e+02 3.619294738769531250e+01 1.542512321472167969e+01 1.192370300292968750e+02 4.165603637695312500e+02
4.000000000000000000e+03 1.118580722808837891e+01 1.351693248748779297e+01 9.393696594238281250e+01 4.122683105468750000e+02 1.118580722808837891e+01 1.351693248748779297e+01 9.393696594238281250e+01 4.122683105468750000e+02
5.000000000000000000e+03 7.146007537841796875e+00 1.338437366485595703e+01 8.008261108398437500e+01 4.108239440917968750e+02 7.146007537841796875e+00 1.338437366485595703e+01 8.008261108398437500e+01 4.108239440917968750e+02
6.000000000000000000e+03 5.843636989593505859e+00 1.411542606353759766e+01 7.347982788085937500e+01 4.109883422851562500e+02 5.843636989593505859e+00 1.411542606353759766e+01 7.347982788085937500e+01 4.109883422851562500e+02
7.000000000000000000e+03 4.716606140136718750e+00 1.477979850769042969e+01 7.058850860595703125e+01 4.113719482421875000e+02 4.716606140136718750e+00 1.477979850769042969e+01 7.058850860595703125e+01 4.113719482421875000e+02
8.000000000000000000e+03 3.807207345962524414e+00 1.512639808654785156e+01 6.895025634765625000e+01 4.114433288574218750e+02 3.807207345962524414e+00 1.512639808654785156e+01 6.895025634765625000e+01 4.114433288574218750e+02
9.000000000000000000e+03 3.070601701736450195e+00 1.538650703430175781e+01 6.750868988037109375e+01 4.113635253906250000e+02 3.070601701736450195e+00 1.538650703430175781e+01 6.750868988037109375e+01 4.113635253906250000e+02
1.000000000000000000e+04 2.502287149429321289e+00 1.565543079376220703e+01 6.597398376464843750e+01 4.111986694335937500e+02 2.502287149429321289e+00 1.565543079376220703e+01 6.597398376464843750e+01 4.111986694335937500e+02
1.100000000000000000e+04 2.199209213256835938e+00 1.591802406311035156e+01 6.439677429199218750e+01 4.108974304199218750e+02 2.199209213256835938e+00 1.591802406311035156e+01 6.439677429199218750e+01 4.108974304199218750e+02
1.200000000000000000e+04 2.144231796264648438e+00 1.614977264404296875e+01 6.290707397460937500e+01 4.103659973144531250e+02 2.144231796264648438e+00 1.614977264404296875e+01 6.290707397460937500e+01 4.103659973144531250e+02
1.300000000000000000e+04 2.339590549468994141e+00 1.640359497070312500e+01 6.120251083374023438e+01 4.095083312988281250e+02 2.339590549468994141e+00 1.640359497070312500e+01 6.120251083374023438e+01 4.095083312988281250e+02
1.400000000000000000e+04 3.055114746093750000e+00 1.695338821411132812e+01 5.793236541748046875e+01 4.075528564453125000e+02 3.055114746093750000e+00 1.695338821411132812e+01 5.793236541748046875e+01 4.075528564453125000e+02
1.500000000000000000e+04 4.641122817993164062e+00 1.921205520629882812e+01 4.976496505737304688e+01 4.016109008789062500e+02 4.641122817993164062e+00 1.921205520629882812e+01 4.976496505737304688e+01 4.016109008789062500e+02
1.600000000000000000e+04 5.133499622344970703e+00 2.401494598388671875e+01 4.046495056152343750e+01 3.918371582031250000e+02 5.133499622344970703e+00 2.401494598388671875e+01 4.046495056152343750e+01 3.918371582031250000e+02
1.700000000000000000e+04 5.886142730712890625e+00 2.729450988769531250e+01 3.362291717529296875e+01 3.828477478027343750e+02 5.886142730712890625e+00 2.729450988769531250e+01 3.362291717529296875e+01 3.828477478027343750e+02
1.800000000000000000e+04 7.277969360351562500e+00 2.730074501037597656e+01 2.527094650268554688e+01 3.736586608886718750e+02 7.277969360351562500e+00 2.730074501037597656e+01 2.527094650268554688e+01 3.736586608886718750e+02
1.900000000000000000e+04 8.854901313781738281e+00 2.355218315124511719e+01 1.475465965270996094e+01 3.677744445800781250e+02 8.854901313781738281e+00 2.355218315124511719e+01 1.475465965270996094e+01 3.677744445800781250e+02
2.000000000000000000e+04 7.430080413818359375e+00 2.194700241088867188e+01 1.084623146057128906e+01 3.653219909667968750e+02 7.430080413818359375e+00 2.194700241088867188e+01 1.084623146057128906e+01 3.653219909667968750e+02
