# step, loss_train, loss_test, metrics_test
0.000000000000000000e+00 1.368996524810791016e+01 2.605609893798828125e+01 4.021480468750000000e+03 4.042527770996093750e+02 1.368996524810791016e+01 2.605609893798828125e+01 4.021480468750000000e+03 4.042527770996093750e+02
1.000000000000000000e+03 2.974570274353027344e+01 1.509775733947753906e+01 7.269730224609375000e+02 3.787523803710937500e+02 2.974570274353027344e+01 1.509775733947753906e+01 7.269730224609375000e+02 3.787523803710937500e+02
2.000000000000000000e+03 2.283815574645996094e+01 2.327998924255371094e+01 2.340326995849609375e+02 3.699585571289062500e+02 2.283815574645996094e+01 2.327998924255371094e+01 2.340326995849609375e+02 3.699585571289062500e+02
3.000000000000000000e+03 4.913201332092285156e+00 2.742489433288574219e+01 1.596955108642578125e+01 3.619143371582031250e+02 4.913201332092285156e+00 2.742489433288574219e+01 1.596955108642578125e+01 3.619143371582031250e+02
4.000000000000000000e+03 1.552025437355041504e+00 2.684837722778320312e+01 5.091150283813476562e+00 3.590788879394531250e+02 1.552025437355041504e+00 2.684837722778320312e+01 5.091150283813476562e+00 3.590788879394531250e+02
5.000000000000000000e+03 9.380667805671691895e-01 2.603594017028808594e+01 3.460913419723510742e+00 3.555395812988281250e+02 9.380667805671691895e-01 2.603594017028808594e+01 3.460913419723510742e+00 3.555395812988281250e+02
6.000000000000000000e+03 9.789066910743713379e-01 2.508901214599609375e+01 2.423920154571533203e+00 3.522512817382812500e+02 9.789066910743713379e-01 2.508901214599609375e+01 2.423920154571533203e+00 3.522512817382812500e+02
7.000000000000000000e+03 1.237571716308593750e+00 2.321140480041503906e+01 1.656837224960327148e+00 3.488036193847656250e+02 1.237571716308593750e+00 2.321140480041503906e+01 1.656837224960327148e+00 3.488036193847656250e+02
8.000000000000000000e+03 1.334672451019287109e+00 2.057135009765625000e+01 1.262975931167602539e+00 3.445847778320312500e+02 1.334672451019287109e+00 2.057135009765625000e+01 1.262975931167602539e+00 3.445847778320312500e+02
9.000000000000000000e+03 1.395738720893859863e+00 1.889652633666992188e+01 1.375916004180908203e+00 3.399205932617187500e+02 1.395738720893859863e+00 1.889652633666992188e+01 1.375916004180908203e+00 3.399205932617187500e+02
1.000000000000000000e+04 2.101643085479736328e+00 1.909063148498535156e+01 1.783849835395812988e+00 3.309496154785156250e+02 2.101643085479736328e+00 1.909063148498535156e+01 1.783849835395812988e+00 3.309496154785156250e+02
1.100000000000000000e+04 5.801276683807373047e+00 2.045867729187011719e+01 2.328072309494018555e+00 3.100168151855468750e+02 5.801276683807373047e+00 2.045867729187011719e+01 2.328072309494018555e+00 3.100168151855468750e+02
1.200000000000000000e+04 9.603072166442871094e+00 2.325635147094726562e+01 3.659213066101074219e+00 2.791724548339843750e+02 9.603072166442871094e+00 2.325635147094726562e+01 3.659213066101074219e+00 2.791724548339843750e+02
1.300000000000000000e+04 1.248783493041992188e+01 2.493183135986328125e+01 3.296798229217529297e+00 2.555430297851562500e+02 1.248783493041992188e+01 2.493183135986328125e+01 3.296798229217529297e+00 2.555430297851562500e+02
1.400000000000000000e+04 1.527017402648925781e+01 2.574617004394531250e+01 2.168128013610839844e+00 2.296857910156250000e+02 1.527017402648925781e+01 2.574617004394531250e+01 2.168128013610839844e+00 2.296857910156250000e+02
1.500000000000000000e+04 1.739552688598632812e+01 2.381317329406738281e+01 2.173073768615722656e+00 2.027855682373046875e+02 1.739552688598632812e+01 2.381317329406738281e+01 2.173073768615722656e+00 2.027855682373046875e+02
1.600000000000000000e+04 1.964604949951171875e+01 2.177372360229492188e+01 2.817189455032348633e+00 1.757657470703125000e+02 1.964604949951171875e+01 2.177372360229492188e+01 2.817189455032348633e+00 1.757657470703125000e+02
1.700000000000000000e+04 2.190762138366699219e+01 1.972361183166503906e+01 3.076848030090332031e+00 1.548457946777343750e+02 2.190762138366699219e+01 1.972361183166503906e+01 3.076848030090332031e+00 1.548457946777343750e+02
1.800000000000000000e+04 2.338500213623046875e+01 1.746589279174804688e+01 3.026663780212402344e+00 1.417827148437500000e+02 2.338500213623046875e+01 1.746589279174804688e+01 3.026663780212402344e+00 1.417827148437500000e+02
1.900000000000000000e+04 2.396850204467773438e+01 1.529987335205078125e+01 3.256853103637695312e+00 1.328583831787109375e+02 2.396850204467773438e+01 1.529987335205078125e+01 3.256853103637695312e+00 1.328583831787109375e+02
2.000000000000000000e+04 2.414485740661621094e+01 1.360721492767333984e+01 3.644435405731201172e+00 1.258756637573242188e+02 2.414485740661621094e+01 1.360721492767333984e+01 3.644435405731201172e+00 1.258756637573242188e+02
