# step, loss_train, loss_test, metrics_test
0.000000000000000000e+00 5.676326751708984375e+00 2.392572593688964844e+01 5.252545898437500000e+03 7.305773162841796875e+01 5.676326751708984375e+00 2.392572593688964844e+01 5.252545898437500000e+03 7.305773162841796875e+01
1.000000000000000000e+03 2.774417877197265625e+00 1.673294544219970703e+00 9.171121716499328613e-01 5.687030410766601562e+01 2.774417877197265625e+00 1.673294544219970703e+00 9.171121716499328613e-01 5.687030410766601562e+01
2.000000000000000000e+03 1.041947245597839355e+00 1.137669920921325684e+00 3.762045800685882568e-01 6.262927246093750000e+01 1.041947245597839355e+00 1.137669920921325684e+00 3.762045800685882568e-01 6.262927246093750000e+01
3.000000000000000000e+03 1.529334664344787598e+00 9.392596483230590820e-01 2.589193880558013916e-01 5.607776260375976562e+01 1.529334664344787598e+00 9.392596483230590820e-01 2.589193880558013916e-01 5.607776260375976562e+01
4.000000000000000000e+03 1.376791763305664062e+01 3.301556825637817383e+00 4.853005886077880859e+00 5.029996871948242188e+01 1.376791763305664062e+01 3.301556825637817383e+00 4.853005886077880859e+00 5.029996871948242188e+01
5.000000000000000000e+03 1.807067680358886719e+01 1.696149253845214844e+01 5.020951747894287109e+00 5.286626815795898438e+01 1.807067680358886719e+01 1.696149253845214844e+01 5.020951747894287109e+00 5.286626815795898438e+01
6.000000000000000000e+03 2.311205625534057617e+00 4.077898502349853516e+00 3.388377130031585693e-01 5.496571350097656250e+01 2.311205625534057617e+00 4.077898502349853516e+00 3.388377130031585693e-01 5.496571350097656250e+01
7.000000000000000000e+03 2.421644687652587891e+00 7.101023674011230469e+00 3.279403746128082275e-01 5.880620574951171875e+01 2.421644687652587891e+00 7.101023674011230469e+00 3.279403746128082275e-01 5.880620574951171875e+01
8.000000000000000000e+03 1.864331841468811035e+00 5.846229076385498047e+00 1.227520704269409180e+00 5.637751388549804688e+01 1.864331841468811035e+00 5.846229076385498047e+00 1.227520704269409180e+00 5.637751388549804688e+01
9.000000000000000000e+03 2.089431524276733398e+00 9.142664909362792969e+00 2.923443019390106201e-01 5.513754653930664062e+01 2.089431524276733398e+00 9.142664909362792969e+00 2.923443019390106201e-01 5.513754653930664062e+01
1.000000000000000000e+04 3.411624431610107422e+00 5.194493293762207031e+00 1.870007663965225220e-01 4.280075836181640625e+01 3.411624431610107422e+00 5.194493293762207031e+00 1.870007663965225220e-01 4.280075836181640625e+01
1.100000000000000000e+04 2.188612937927246094e+00 5.885014057159423828e+00 1.372687697410583496e+00 6.183870697021484375e+01 2.188612937927246094e+00 5.885014057159423828e+00 1.372687697410583496e+00 6.183870697021484375e+01
1.200000000000000000e+04 2.229694843292236328e+00 2.686005830764770508e+00 9.659897685050964355e-01 5.751307296752929688e+01 2.229694843292236328e+00 2.686005830764770508e+00 9.659897685050964355e-01 5.751307296752929688e+01
1.300000000000000000e+04 3.492917537689208984e+00 1.776586771011352539e+00 1.317579627037048340e+00 4.733983993530273438e+01 3.492917537689208984e+00 1.776586771011352539e+00 1.317579627037048340e+00 4.733983993530273438e+01
1.400000000000000000e+04 2.544293165206909180e+00 6.102690219879150391e+00 1.048381090164184570e+00 5.778791046142578125e+01 2.544293165206909180e+00 6.102690219879150391e+00 1.048381090164184570e+00 5.778791046142578125e+01
1.500000000000000000e+04 1.906385779380798340e+00 8.993369102478027344e+00 8.930236697196960449e-01 6.286125946044921875e+01 1.906385779380798340e+00 8.993369102478027344e+00 8.930236697196960449e-01 6.286125946044921875e+01
1.600000000000000000e+04 2.850044250488281250e+00 8.488841056823730469e+00 2.423163950443267822e-01 6.479219055175781250e+01 2.850044250488281250e+00 8.488841056823730469e+00 2.423163950443267822e-01 6.479219055175781250e+01
1.700000000000000000e+04 3.376336336135864258e+00 1.336149334907531738e+00 9.716532826423645020e-01 5.095087051391601562e+01 3.376336336135864258e+00 1.336149334907531738e+00 9.716532826423645020e-01 5.095087051391601562e+01
1.800000000000000000e+04 1.431423664093017578e+00 9.842949867248535156e+00 4.171348214149475098e-01 5.992097854614257812e+01 1.431423664093017578e+00 9.842949867248535156e+00 4.171348214149475098e-01 5.992097854614257812e+01
1.900000000000000000e+04 2.146143913269042969e+00 1.078145122528076172e+01 5.015122890472412109e-01 6.418129730224609375e+01 2.146143913269042969e+00 1.078145122528076172e+01 5.015122890472412109e-01 6.418129730224609375e+01
2.000000000000000000e+04 3.247091293334960938e+00 2.407021760940551758e+00 4.183981418609619141e-01 5.459848403930664062e+01 3.247091293334960938e+00 2.407021760940551758e+00 4.183981418609619141e-01 5.459848403930664062e+01
