# step, loss_train, loss_test, metrics_test
0.000000000000000000e+00 0.000000000000000000e+00 3.492573928833007812e+01 9.340357421875000000e+03 3.695465393066406250e+02 0.000000000000000000e+00 3.492573928833007812e+01 9.340357421875000000e+03 3.695465393066406250e+02
1.000000000000000000e+03 0.000000000000000000e+00 3.093771553039550781e+01 2.636696777343750000e+03 3.586892395019531250e+02 0.000000000000000000e+00 3.093771553039550781e+01 2.636696777343750000e+03 3.586892395019531250e+02
2.000000000000000000e+03 0.000000000000000000e+00 1.358222770690917969e+01 1.988376708984375000e+03 3.402020568847656250e+02 0.000000000000000000e+00 1.358222770690917969e+01 1.988376708984375000e+03 3.402020568847656250e+02
3.000000000000000000e+03 0.000000000000000000e+00 1.358333778381347656e+01 1.988374511718750000e+03 3.402032775878906250e+02 0.000000000000000000e+00 1.358333778381347656e+01 1.988374511718750000e+03 3.402032775878906250e+02
4.000000000000000000e+03 0.000000000000000000e+00 1.356243801116943359e+01 1.988419311523437500e+03 3.401814575195312500e+02 0.000000000000000000e+00 1.356243801116943359e+01 1.988419311523437500e+03 3.401814575195312500e+02
5.000000000000000000e+03 0.000000000000000000e+00 1.351258563995361328e+01 1.988548461914062500e+03 3.401288452148437500e+02 0.000000000000000000e+00 1.351258563995361328e+01 1.988548461914062500e+03 3.401288452148437500e+02
6.000000000000000000e+03 0.000000000000000000e+00 1.358230018615722656e+01 1.988376708984375000e+03 3.402021484375000000e+02 0.000000000000000000e+00 1.358230018615722656e+01 1.988376708984375000e+03 3.402021484375000000e+02
7.000000000000000000e+03 0.000000000000000000e+00 1.364043426513671875e+01 1.988277343750000000e+03 3.402628784179687500e+02 0.000000000000000000e+00 1.364043426513671875e+01 1.988277343750000000e+03 3.402628784179687500e+02
8.000000000000000000e+03 0.000000000000000000e+00 1.352806949615478516e+01 1.988504638671875000e+03 3.401455078125000000e+02 0.000000000000000000e+00 1.352806949615478516e+01 1.988504638671875000e+03 3.401455078125000000e+02
9.000000000000000000e+03 0.000000000000000000e+00 1.360030937194824219e+01 1.988341674804687500e+03 3.402210083007812500e+02 0.000000000000000000e+00 1.360030937194824219e+01 1.988341674804687500e+03 3.402210083007812500e+02
1.000000000000000000e+04 0.000000000000000000e+00 1.362155532836914062e+01 1.988305175781250000e+03 3.402431945800781250e+02 0.000000000000000000e+00 1.362155532836914062e+01 1.988305175781250000e+03 3.402431945800781250e+02
1.100000000000000000e+04 0.000000000000000000e+00 1.681952285766601562e+01 2.027628417968750000e+03 3.436073913574218750e+02 0.000000000000000000e+00 1.681952285766601562e+01 2.027628417968750000e+03 3.436073913574218750e+02
1.200000000000000000e+04 0.000000000000000000e+00 1.061671066284179688e+01 2.077291992187500000e+03 3.371481628417968750e+02 0.000000000000000000e+00 1.061671066284179688e+01 2.077291992187500000e+03 3.371481628417968750e+02
1.300000000000000000e+04 0.000000000000000000e+00 1.358243560791015625e+01 1.988376342773437500e+03 3.402023315429687500e+02 0.000000000000000000e+00 1.358243560791015625e+01 1.988376342773437500e+03 3.402023315429687500e+02
1.400000000000000000e+04 0.000000000000000000e+00 1.358236217498779297e+01 1.988376464843750000e+03 3.402022705078125000e+02 0.000000000000000000e+00 1.358236217498779297e+01 1.988376464843750000e+03 3.402022705078125000e+02
1.500000000000000000e+04 0.000000000000000000e+00 1.358246612548828125e+01 1.988376098632812500e+03 3.402023315429687500e+02 0.000000000000000000e+00 1.358246612548828125e+01 1.988376098632812500e+03 3.402023315429687500e+02
1.600000000000000000e+04 0.000000000000000000e+00 1.349265670776367188e+01 1.988607421875000000e+03 3.401085205078125000e+02 0.000000000000000000e+00 1.349265670776367188e+01 1.988607421875000000e+03 3.401085205078125000e+02
1.700000000000000000e+04 0.000000000000000000e+00 1.333323478698730469e+01 1.989260009765625000e+03 3.399422302246093750e+02 0.000000000000000000e+00 1.333323478698730469e+01 1.989260009765625000e+03 3.399422302246093750e+02
1.800000000000000000e+04 0.000000000000000000e+00 1.242339515686035156e+01 1.999848510742187500e+03 3.389965209960937500e+02 0.000000000000000000e+00 1.242339515686035156e+01 1.999848510742187500e+03 3.389965209960937500e+02
1.900000000000000000e+04 0.000000000000000000e+00 1.325172424316406250e+01 1.989718017578125000e+03 3.398572082519531250e+02 0.000000000000000000e+00 1.325172424316406250e+01 1.989718017578125000e+03 3.398572082519531250e+02
2.000000000000000000e+04 0.000000000000000000e+00 1.355047416687011719e+01 1.988447387695312500e+03 3.401689147949218750e+02 0.000000000000000000e+00 1.355047416687011719e+01 1.988447387695312500e+03 3.401689147949218750e+02
