# step, loss_train, loss_test, metrics_test
0.000000000000000000e+00 0.000000000000000000e+00 3.919147491455078125e+01 4.042841308593750000e+03 0.000000000000000000e+00 0.000000000000000000e+00 3.919147491455078125e+01 4.042841308593750000e+03 0.000000000000000000e+00
1.000000000000000000e+03 0.000000000000000000e+00 1.291641616821289062e+01 2.714479923248291016e+00 0.000000000000000000e+00 0.000000000000000000e+00 1.291641616821289062e+01 2.714479923248291016e+00 0.000000000000000000e+00
2.000000000000000000e+03 0.000000000000000000e+00 3.008054494857788086e+00 3.494833707809448242e-01 0.000000000000000000e+00 0.000000000000000000e+00 3.008054494857788086e+00 3.494833707809448242e-01 0.000000000000000000e+00
3.000000000000000000e+03 0.000000000000000000e+00 1.107226133346557617e+00 5.221062898635864258e-02 0.000000000000000000e+00 0.000000000000000000e+00 1.107226133346557617e+00 5.221062898635864258e-02 0.000000000000000000e+00
4.000000000000000000e+03 0.000000000000000000e+00 4.408269226551055908e-01 7.024698890745639801e-03 0.000000000000000000e+00 0.000000000000000000e+00 4.408269226551055908e-01 7.024698890745639801e-03 0.000000000000000000e+00
5.000000000000000000e+03 0.000000000000000000e+00 1.398398727178573608e-01 5.877785384654998779e-03 0.000000000000000000e+00 0.000000000000000000e+00 1.398398727178573608e-01 5.877785384654998779e-03 0.000000000000000000e+00
6.000000000000000000e+03 0.000000000000000000e+00 3.665190935134887695e-02 1.774336444213986397e-03 0.000000000000000000e+00 0.000000000000000000e+00 3.665190935134887695e-02 1.774336444213986397e-03 0.000000000000000000e+00
7.000000000000000000e+03 0.000000000000000000e+00 8.167224004864692688e-03 1.823540218174457550e-02 0.000000000000000000e+00 0.000000000000000000e+00 8.167224004864692688e-03 1.823540218174457550e-02 0.000000000000000000e+00
8.000000000000000000e+03 0.000000000000000000e+00 1.669023535214364529e-03 1.195376552641391754e-02 0.000000000000000000e+00 0.000000000000000000e+00 1.669023535214364529e-03 1.195376552641391754e-02 0.000000000000000000e+00
9.000000000000000000e+03 0.000000000000000000e+00 3.214874013792723417e-04 5.958718247711658478e-05 0.000000000000000000e+00 0.000000000000000000e+00 3.214874013792723417e-04 5.958718247711658478e-05 0.000000000000000000e+00
1.000000000000000000e+04 0.000000000000000000e+00 1.622012001462280750e-03 5.966543778777122498e-02 0.000000000000000000e+00 0.000000000000000000e+00 1.622012001462280750e-03 5.966543778777122498e-02 0.000000000000000000e+00
1.100000000000000000e+04 0.000000000000000000e+00 9.684582619229331613e-05 3.415425773710012436e-03 0.000000000000000000e+00 0.000000000000000000e+00 9.684582619229331613e-05 3.415425773710012436e-03 0.000000000000000000e+00
1.200000000000000000e+04 0.000000000000000000e+00 1.356518332613632083e-04 1.408949773758649826e-02 0.000000000000000000e+00 0.000000000000000000e+00 1.356518332613632083e-04 1.408949773758649826e-02 0.000000000000000000e+00
1.300000000000000000e+04 0.000000000000000000e+00 2.183770993724465370e-03 2.129596769809722900e-01 0.000000000000000000e+00 0.000000000000000000e+00 2.183770993724465370e-03 2.129596769809722900e-01 0.000000000000000000e+00
1.400000000000000000e+04 0.000000000000000000e+00 1.811029505915939808e-05 9.792750643100589514e-05 0.000000000000000000e+00 0.000000000000000000e+00 1.811029505915939808e-05 9.792750643100589514e-05 0.000000000000000000e+00
1.500000000000000000e+04 0.000000000000000000e+00 1.695678474789019674e-05 8.072864875430241227e-05 0.000000000000000000e+00 0.000000000000000000e+00 1.695678474789019674e-05 8.072864875430241227e-05 0.000000000000000000e+00
1.600000000000000000e+04 0.000000000000000000e+00 2.687813139345962554e-05 1.356394641334190965e-04 0.000000000000000000e+00 0.000000000000000000e+00 2.687813139345962554e-05 1.356394641334190965e-04 0.000000000000000000e+00
1.700000000000000000e+04 0.000000000000000000e+00 6.285892450250685215e-04 5.591800808906555176e-02 0.000000000000000000e+00 0.000000000000000000e+00 6.285892450250685215e-04 5.591800808906555176e-02 0.000000000000000000e+00
1.800000000000000000e+04 0.000000000000000000e+00 1.810676803870592266e-05 4.348650691099464893e-06 0.000000000000000000e+00 0.000000000000000000e+00 1.810676803870592266e-05 4.348650691099464893e-06 0.000000000000000000e+00
1.900000000000000000e+04 0.000000000000000000e+00 3.752170014195144176e-04 3.878308087587356567e-02 0.000000000000000000e+00 0.000000000000000000e+00 3.752170014195144176e-04 3.878308087587356567e-02 0.000000000000000000e+00
2.000000000000000000e+04 0.000000000000000000e+00 1.783556399459484965e-05 5.654973938362672925e-05 0.000000000000000000e+00 0.000000000000000000e+00 1.783556399459484965e-05 5.654973938362672925e-05 0.000000000000000000e+00
