# step, loss_train, loss_test, metrics_test
0.000000000000000000e+00 9.315934777259826660e-01 3.211967468261718750e+01 3.115764160156250000e+03 2.334085388183593750e+02 9.315934777259826660e-01 3.211967468261718750e+01 3.115764160156250000e+03 2.334085388183593750e+02
1.000000000000000000e+03 6.602764129638671875e+01 3.519187545776367188e+01 1.386798095703125000e+01 2.106358032226562500e+02 6.602764129638671875e+01 3.519187545776367188e+01 1.386798095703125000e+01 2.106358032226562500e+02
2.000000000000000000e+03 8.963940739631652832e-01 7.041018962860107422e+00 1.250442624092102051e+00 2.076237182617187500e+02 8.963940739631652832e-01 7.041018962860107422e+00 1.250442624092102051e+00 2.076237182617187500e+02
3.000000000000000000e+03 1.237656831741333008e+00 4.302491664886474609e+00 6.407613754272460938e-01 1.907114868164062500e+02 1.237656831741333008e+00 4.302491664886474609e+00 6.407613754272460938e-01 1.907114868164062500e+02
4.000000000000000000e+03 1.618298797607421875e+02 2.287235641479492188e+01 6.758869171142578125e+01 1.224851684570312500e+02 1.618298797607421875e+02 2.287235641479492188e+01 6.758869171142578125e+01 1.224851684570312500e+02
5.000000000000000000e+03 1.346240425109863281e+01 8.785806655883789062e+00 9.858419418334960938e+00 6.883447265625000000e+01 1.346240425109863281e+01 8.785806655883789062e+00 9.858419418334960938e+00 6.883447265625000000e+01
6.000000000000000000e+03 7.172389984130859375e+00 7.721431255340576172e+00 4.569894313812255859e+00 2.700111770629882812e+01 7.172389984130859375e+00 7.721431255340576172e+00 4.569894313812255859e+00 2.700111770629882812e+01
7.000000000000000000e+03 3.001918792724609375e+00 5.062947750091552734e+00 2.003300666809082031e+00 1.356462287902832031e+01 3.001918792724609375e+00 5.062947750091552734e+00 2.003300666809082031e+00 1.356462287902832031e+01
8.000000000000000000e+03 1.585618853569030762e+00 3.657594203948974609e+00 1.323607325553894043e+00 8.727626800537109375e+00 1.585618853569030762e+00 3.657594203948974609e+00 1.323607325553894043e+00 8.727626800537109375e+00
9.000000000000000000e+03 1.195146322250366211e+00 3.015415430068969727e+00 1.171084880828857422e+00 6.305583953857421875e+00 1.195146322250366211e+00 3.015415430068969727e+00 1.171084880828857422e+00 6.305583953857421875e+00
1.000000000000000000e+04 8.439128398895263672e-01 2.752649545669555664e+00 1.062702894210815430e+00 6.124328613281250000e+00 8.439128398895263672e-01 2.752649545669555664e+00 1.062702894210815430e+00 6.124328613281250000e+00
1.100000000000000000e+04 6.410055756568908691e-01 2.607547760009765625e+00 9.723820686340332031e-01 6.470316886901855469e+00 6.410055756568908691e-01 2.607547760009765625e+00 9.723820686340332031e-01 6.470316886901855469e+00
1.200000000000000000e+04 2.701711845397949219e+01 3.685267686843872070e+00 3.852833271026611328e+00 6.297173500061035156e+00 2.701711845397949219e+01 3.685267686843872070e+00 3.852833271026611328e+00 6.297173500061035156e+00
1.300000000000000000e+04 4.980107843875885010e-01 2.301401138305664062e+00 8.466200232505798340e-01 4.640445709228515625e+00 4.980107843875885010e-01 2.301401138305664062e+00 8.466200232505798340e-01 4.640445709228515625e+00
1.400000000000000000e+04 5.071759819984436035e-01 2.035835027694702148e+00 8.242009878158569336e-01 3.269343376159667969e+00 5.071759819984436035e-01 2.035835027694702148e+00 8.242009878158569336e-01 3.269343376159667969e+00
1.500000000000000000e+04 4.963228702545166016e-01 1.908200621604919434e+00 7.336924076080322266e-01 2.792493343353271484e+00 4.963228702545166016e-01 1.908200621604919434e+00 7.336924076080322266e-01 2.792493343353271484e+00
1.600000000000000000e+04 4.352073967456817627e-01 1.920255303382873535e+00 5.988259315490722656e-01 2.902268648147583008e+00 4.352073967456817627e-01 1.920255303382873535e+00 5.988259315490722656e-01 2.902268648147583008e+00
1.700000000000000000e+04 4.007135033607482910e-01 1.937136411666870117e+00 4.785370826721191406e-01 3.884274244308471680e+00 4.007135033607482910e-01 1.937136411666870117e+00 4.785370826721191406e-01 3.884274244308471680e+00
1.800000000000000000e+04 3.722022175788879395e-01 1.816321849822998047e+00 4.292477965354919434e-01 2.818365097045898438e+00 3.722022175788879395e-01 1.816321849822998047e+00 4.292477965354919434e-01 2.818365097045898438e+00
1.900000000000000000e+04 3.445408940315246582e-01 1.821897864341735840e+00 3.497342169284820557e-01 3.008100509643554688e+00 3.445408940315246582e-01 1.821897864341735840e+00 3.497342169284820557e-01 3.008100509643554688e+00
2.000000000000000000e+04 3.266721069812774658e-01 1.682803750038146973e+00 3.269731998443603516e-01 2.677319049835205078e+00 3.266721069812774658e-01 1.682803750038146973e+00 3.269731998443603516e-01 2.677319049835205078e+00
