# step, loss_train, loss_test, metrics_test
0.000000000000000000e+00 0.000000000000000000e+00 3.941178588867187500e+02 3.241717773437500000e+04 4.762093200683593750e+02 0.000000000000000000e+00 3.941178588867187500e+02 3.241717773437500000e+04 4.762093200683593750e+02
1.000000000000000000e+03 0.000000000000000000e+00 1.532268047332763672e+01 5.999169826507568359e+00 2.067467346191406250e+02 0.000000000000000000e+00 1.532268047332763672e+01 5.999169826507568359e+00 2.067467346191406250e+02
2.000000000000000000e+03 0.000000000000000000e+00 1.900523543357849121e+00 1.170503377914428711e+00 4.828453063964843750e+01 0.000000000000000000e+00 1.900523543357849121e+00 1.170503377914428711e+00 4.828453063964843750e+01
3.000000000000000000e+03 0.000000000000000000e+00 4.330860972404479980e-01 9.702036857604980469e+00 8.408848762512207031e+00 0.000000000000000000e+00 4.330860972404479980e-01 9.702036857604980469e+00 8.408848762512207031e+00
4.000000000000000000e+03 0.000000000000000000e+00 3.189989089965820312e+01 4.920023441314697266e+00 3.221337280273437500e+02 0.000000000000000000e+00 3.189989089965820312e+01 4.920023441314697266e+00 3.221337280273437500e+02
5.000000000000000000e+03 0.000000000000000000e+00 4.171605682373046875e+01 1.059611415863037109e+01 2.081506652832031250e+02 0.000000000000000000e+00 4.171605682373046875e+01 1.059611415863037109e+01 2.081506652832031250e+02
6.000000000000000000e+03 0.000000000000000000e+00 8.373535156250000000e+00 2.109372329711914062e+01 4.333740234375000000e+01 0.000000000000000000e+00 8.373535156250000000e+00 2.109372329711914062e+01 4.333740234375000000e+01
7.000000000000000000e+03 0.000000000000000000e+00 6.022833347320556641e+00 3.205514252185821533e-01 6.081004619598388672e+00 0.000000000000000000e+00 6.022833347320556641e+00 3.205514252185821533e-01 6.081004619598388672e+00
8.000000000000000000e+03 0.000000000000000000e+00 3.618349075317382812e+00 5.609198808670043945e-01 3.000802516937255859e+00 0.000000000000000000e+00 3.618349075317382812e+00 5.609198808670043945e-01 3.000802516937255859e+00
9.000000000000000000e+03 0.000000000000000000e+00 1.154767990112304688e+00 3.772255420684814453e+00 2.047444343566894531e+00 0.000000000000000000e+00 1.154767990112304688e+00 3.772255420684814453e+00 2.047444343566894531e+00
1.000000000000000000e+04 0.000000000000000000e+00 1.498666048049926758e+00 6.804773211479187012e-01 3.762782335281372070e+00 0.000000000000000000e+00 1.498666048049926758e+00 6.804773211479187012e-01 3.762782335281372070e+00
1.100000000000000000e+04 0.000000000000000000e+00 3.249669373035430908e-01 1.126987934112548828e+00 1.943339824676513672e+00 0.000000000000000000e+00 3.249669373035430908e-01 1.126987934112548828e+00 1.943339824676513672e+00
1.200000000000000000e+04 0.000000000000000000e+00 1.434923559427261353e-01 5.047127604484558105e-01 1.461385488510131836e+00 0.000000000000000000e+00 1.434923559427261353e-01 5.047127604484558105e-01 1.461385488510131836e+00
1.300000000000000000e+04 0.000000000000000000e+00 1.764821708202362061e-01 6.230738639831542969e+00 1.335117459297180176e+00 0.000000000000000000e+00 1.764821708202362061e-01 6.230738639831542969e+00 1.335117459297180176e+00
1.400000000000000000e+04 0.000000000000000000e+00 1.479761028289794922e+01 2.581774658203125000e+03 3.187748107910156250e+02 0.000000000000000000e+00 1.479761028289794922e+01 2.581774658203125000e+03 3.187748107910156250e+02
1.500000000000000000e+04 0.000000000000000000e+00 1.479725074768066406e+01 2.581775146484375000e+03 3.179748840332031250e+02 0.000000000000000000e+00 1.479725074768066406e+01 2.581775146484375000e+03 3.179748840332031250e+02
1.600000000000000000e+04 0.000000000000000000e+00 1.479727458953857422e+01 2.581774902343750000e+03 3.179739685058593750e+02 0.000000000000000000e+00 1.479727458953857422e+01 2.581774902343750000e+03 3.179739685058593750e+02
1.700000000000000000e+04 0.000000000000000000e+00 1.479722213745117188e+01 2.581774902343750000e+03 3.179738159179687500e+02 0.000000000000000000e+00 1.479722213745117188e+01 2.581774902343750000e+03 3.179738159179687500e+02
1.800000000000000000e+04 0.000000000000000000e+00 1.479606151580810547e+01 2.581776611328125000e+03 3.179746398925781250e+02 0.000000000000000000e+00 1.479606151580810547e+01 2.581776611328125000e+03 3.179746398925781250e+02
1.900000000000000000e+04 0.000000000000000000e+00 1.479232120513916016e+01 2.581782714843750000e+03 3.402691650390625000e+02 0.000000000000000000e+00 1.479232120513916016e+01 2.581782714843750000e+03 3.402691650390625000e+02
2.000000000000000000e+04 0.000000000000000000e+00 1.475019550323486328e+01 2.581859619140625000e+03 3.402285461425781250e+02 0.000000000000000000e+00 1.475019550323486328e+01 2.581859619140625000e+03 3.402285461425781250e+02
