# step, loss_train, loss_test, metrics_test
0.000000000000000000e+00 5.230786132812500000e+03 3.710138320922851562e+01 9.156396484375000000e+03 2.353126678466796875e+02 5.230786132812500000e+03 3.710138320922851562e+01 9.156396484375000000e+03 2.353126678466796875e+02
1.000000000000000000e+03 1.139402343750000000e+03 2.887002754211425781e+01 5.349679687500000000e+03 2.200755462646484375e+02 1.139402343750000000e+03 2.887002754211425781e+01 5.349679687500000000e+03 2.200755462646484375e+02
2.000000000000000000e+03 5.231256103515625000e+02 2.495933723449707031e+01 3.388166503906250000e+03 2.144185791015625000e+02 5.231256103515625000e+02 2.495933723449707031e+01 3.388166503906250000e+03 2.144185791015625000e+02
3.000000000000000000e+03 2.434615173339843750e+02 2.171983718872070312e+01 2.441679199218750000e+03 2.119183807373046875e+02 2.434615173339843750e+02 2.171983718872070312e+01 2.441679199218750000e+03 2.119183807373046875e+02
4.000000000000000000e+03 9.840561676025390625e+01 2.110871696472167969e+01 2.051229980468750000e+03 2.116699066162109375e+02 9.840561676025390625e+01 2.110871696472167969e+01 2.051229980468750000e+03 2.116699066162109375e+02
5.000000000000000000e+03 5.920878601074218750e+01 2.224357223510742188e+01 1.910749389648437500e+03 2.125941467285156250e+02 5.920878601074218750e+01 2.224357223510742188e+01 1.910749389648437500e+03 2.125941467285156250e+02
6.000000000000000000e+03 5.101906967163085938e+01 2.303155517578125000e+01 1.803558227539062500e+03 2.134084472656250000e+02 5.101906967163085938e+01 2.303155517578125000e+01 1.803558227539062500e+03 2.134084472656250000e+02
7.000000000000000000e+03 4.692121887207031250e+01 2.345808601379394531e+01 1.686984619140625000e+03 2.139388427734375000e+02 4.692121887207031250e+01 2.345808601379394531e+01 1.686984619140625000e+03 2.139388427734375000e+02
8.000000000000000000e+03 5.253447341918945312e+01 2.375495719909667969e+01 1.537651367187500000e+03 2.139377746582031250e+02 5.253447341918945312e+01 2.375495719909667969e+01 1.537651367187500000e+03 2.139377746582031250e+02
9.000000000000000000e+03 7.380404663085937500e+01 2.453624725341796875e+01 1.322497070312500000e+03 2.126982269287109375e+02 7.380404663085937500e+01 2.453624725341796875e+01 1.322497070312500000e+03 2.126982269287109375e+02
1.000000000000000000e+04 1.115030899047851562e+02 2.858821868896484375e+01 9.833041992187500000e+02 2.091524505615234375e+02 1.115030899047851562e+02 2.858821868896484375e+01 9.833041992187500000e+02 2.091524505615234375e+02
1.100000000000000000e+04 1.451895294189453125e+02 4.404524993896484375e+01 5.115217895507812500e+02 2.033785247802734375e+02 1.451895294189453125e+02 4.404524993896484375e+01 5.115217895507812500e+02 2.033785247802734375e+02
1.200000000000000000e+04 1.222256088256835938e+02 6.600639343261718750e+01 2.210816650390625000e+02 1.997788238525390625e+02 1.222256088256835938e+02 6.600639343261718750e+01 2.210816650390625000e+02 1.997788238525390625e+02
1.300000000000000000e+04 8.856172180175781250e+01 7.385535430908203125e+01 1.190963668823242188e+02 1.997227935791015625e+02 8.856172180175781250e+01 7.385535430908203125e+01 1.190963668823242188e+02 1.997227935791015625e+02
1.400000000000000000e+04 6.146186447143554688e+01 7.321424102783203125e+01 7.169828796386718750e+01 2.005556640625000000e+02 6.146186447143554688e+01 7.321424102783203125e+01 7.169828796386718750e+01 2.005556640625000000e+02
1.500000000000000000e+04 4.306566238403320312e+01 6.989979553222656250e+01 4.773320388793945312e+01 2.014252777099609375e+02 4.306566238403320312e+01 6.989979553222656250e+01 4.773320388793945312e+01 2.014252777099609375e+02
1.600000000000000000e+04 3.015795326232910156e+01 6.527971649169921875e+01 3.279333114624023438e+01 2.024967193603515625e+02 3.015795326232910156e+01 6.527971649169921875e+01 3.279333114624023438e+01 2.024967193603515625e+02
1.700000000000000000e+04 2.226044845581054688e+01 5.950079727172851562e+01 2.246121788024902344e+01 2.036213989257812500e+02 2.226044845581054688e+01 5.950079727172851562e+01 2.246121788024902344e+01 2.036213989257812500e+02
1.800000000000000000e+04 1.655535125732421875e+01 5.372758483886718750e+01 1.488296604156494141e+01 2.045587463378906250e+02 1.655535125732421875e+01 5.372758483886718750e+01 1.488296604156494141e+01 2.045587463378906250e+02
1.900000000000000000e+04 1.227714061737060547e+01 4.875086593627929688e+01 9.860283851623535156e+00 2.051946411132812500e+02 1.227714061737060547e+01 4.875086593627929688e+01 9.860283851623535156e+00 2.051946411132812500e+02
2.000000000000000000e+04 8.952673912048339844e+00 4.429422378540039062e+01 7.068232059478759766e+00 2.056144409179687500e+02 8.952673912048339844e+00 4.429422378540039062e+01 7.068232059478759766e+00 2.056144409179687500e+02
