# step, loss_train, loss_test, metrics_test
0.000000000000000000e+00 1.832236718750000000e+05 2.707339172363281250e+02 3.509443359375000000e+04 5.239259643554687500e+02 1.832236718750000000e+05 2.707339172363281250e+02 3.509443359375000000e+04 5.239259643554687500e+02
1.000000000000000000e+03 4.675025329589843750e+02 3.177463912963867188e+01 8.084088134765625000e+01 2.817242736816406250e+02 4.675025329589843750e+02 3.177463912963867188e+01 8.084088134765625000e+01 2.817242736816406250e+02
2.000000000000000000e+03 1.752372894287109375e+02 2.696412086486816406e+01 1.960109519958496094e+01 2.761628723144531250e+02 1.752372894287109375e+02 2.696412086486816406e+01 1.960109519958496094e+01 2.761628723144531250e+02
3.000000000000000000e+03 1.100859298706054688e+02 1.997095489501953125e+01 9.510661125183105469e+00 2.687830200195312500e+02 1.100859298706054688e+02 1.997095489501953125e+01 9.510661125183105469e+00 2.687830200195312500e+02
4.000000000000000000e+03 7.230038452148437500e+01 1.201303291320800781e+01 3.882513284683227539e+00 2.584797363281250000e+02 7.230038452148437500e+01 1.201303291320800781e+01 3.882513284683227539e+00 2.584797363281250000e+02
5.000000000000000000e+03 5.100314331054687500e+01 8.715877532958984375e+00 1.931859493255615234e+00 2.505318450927734375e+02 5.100314331054687500e+01 8.715877532958984375e+00 1.931859493255615234e+00 2.505318450927734375e+02
6.000000000000000000e+03 3.239015197753906250e+01 6.972692966461181641e+00 6.481010317802429199e-01 2.420525970458984375e+02 3.239015197753906250e+01 6.972692966461181641e+00 6.481010317802429199e-01 2.420525970458984375e+02
7.000000000000000000e+03 2.404298019409179688e+01 6.855512619018554688e+00 4.900075793266296387e-01 2.315506286621093750e+02 2.404298019409179688e+01 6.855512619018554688e+00 4.900075793266296387e-01 2.315506286621093750e+02
8.000000000000000000e+03 2.029280853271484375e+01 6.635243892669677734e+00 6.143615245819091797e-01 2.153038787841796875e+02 2.029280853271484375e+01 6.635243892669677734e+00 6.143615245819091797e-01 2.153038787841796875e+02
9.000000000000000000e+03 2.144082260131835938e+01 7.421004295349121094e+00 5.975152969360351562e+00 1.964434509277343750e+02 2.144082260131835938e+01 7.421004295349121094e+00 5.975152969360351562e+00 1.964434509277343750e+02
1.000000000000000000e+04 2.446011352539062500e+01 6.054094314575195312e+00 1.899573802947998047e+00 1.743359069824218750e+02 2.446011352539062500e+01 6.054094314575195312e+00 1.899573802947998047e+00 1.743359069824218750e+02
1.100000000000000000e+04 2.914201927185058594e+01 6.341313838958740234e+00 3.100116252899169922e+00 1.559777221679687500e+02 2.914201927185058594e+01 6.341313838958740234e+00 3.100116252899169922e+00 1.559777221679687500e+02
1.200000000000000000e+04 3.480344009399414062e+01 5.684147834777832031e+00 1.698552131652832031e+01 1.364988403320312500e+02 3.480344009399414062e+01 5.684147834777832031e+00 1.698552131652832031e+01 1.364988403320312500e+02
1.300000000000000000e+04 3.732134246826171875e+01 5.618920326232910156e+00 3.012053728103637695e+00 1.154460906982421875e+02 3.732134246826171875e+01 5.618920326232910156e+00 3.012053728103637695e+00 1.154460906982421875e+02
1.400000000000000000e+04 4.287308883666992188e+01 4.865952491760253906e+00 2.035920333862304688e+01 9.628363037109375000e+01 4.287308883666992188e+01 4.865952491760253906e+00 2.035920333862304688e+01 9.628363037109375000e+01
1.500000000000000000e+04 4.480526351928710938e+01 4.268827915191650391e+00 3.126310110092163086e+00 8.044140625000000000e+01 4.480526351928710938e+01 4.268827915191650391e+00 3.126310110092163086e+00 8.044140625000000000e+01
1.600000000000000000e+04 4.342780303955078125e+01 3.062515974044799805e+00 2.518212318420410156e+00 7.107216644287109375e+01 4.342780303955078125e+01 3.062515974044799805e+00 2.518212318420410156e+00 7.107216644287109375e+01
1.700000000000000000e+04 4.421745300292968750e+01 2.778798341751098633e+00 3.209650516510009766e+00 6.664438629150390625e+01 4.421745300292968750e+01 2.778798341751098633e+00 3.209650516510009766e+00 6.664438629150390625e+01
1.800000000000000000e+04 4.346889495849609375e+01 2.763537883758544922e+00 1.491944909095764160e+00 6.111120223999023438e+01 4.346889495849609375e+01 2.763537883758544922e+00 1.491944909095764160e+00 6.111120223999023438e+01
1.900000000000000000e+04 4.663760757446289062e+01 1.887307524681091309e+00 6.161737442016601562e+00 4.599502182006835938e+01 4.663760757446289062e+01 1.887307524681091309e+00 6.161737442016601562e+00 4.599502182006835938e+01
2.000000000000000000e+04 3.943008422851562500e+01 2.113282680511474609e+00 1.123920202255249023e+00 4.235433197021484375e+01 3.943008422851562500e+01 2.113282680511474609e+00 1.123920202255249023e+00 4.235433197021484375e+01
