# step, loss_train, loss_test, metrics_test
0.000000000000000000e+00 8.781911132812500000e+03 7.149987030029296875e+01 1.181704394531250000e+04 4.498340148925781250e+02 8.781911132812500000e+03 7.149987030029296875e+01 1.181704394531250000e+04 4.498340148925781250e+02
1.000000000000000000e+03 2.442885780334472656e+01 4.921902465820312500e+01 2.577881813049316406e+01 4.142741088867187500e+02 2.442885780334472656e+01 4.921902465820312500e+01 2.577881813049316406e+01 4.142741088867187500e+02
2.000000000000000000e+03 7.205431938171386719e+00 4.658890914916992188e+01 6.964166164398193359e+00 3.941001892089843750e+02 7.205431938171386719e+00 4.658890914916992188e+01 6.964166164398193359e+00 3.941001892089843750e+02
3.000000000000000000e+03 4.929457187652587891e+00 4.596944808959960938e+01 3.370878219604492188e+00 3.717796020507812500e+02 4.929457187652587891e+00 4.596944808959960938e+01 3.370878219604492188e+00 3.717796020507812500e+02
4.000000000000000000e+03 4.394202709197998047e+00 4.012325286865234375e+01 1.975656986236572266e+00 3.580847167968750000e+02 4.394202709197998047e+00 4.012325286865234375e+01 1.975656986236572266e+00 3.580847167968750000e+02
5.000000000000000000e+03 4.074455261230468750e+00 2.923669433593750000e+01 1.614831209182739258e+00 3.481841430664062500e+02 4.074455261230468750e+00 2.923669433593750000e+01 1.614831209182739258e+00 3.481841430664062500e+02
6.000000000000000000e+03 3.878893136978149414e+00 2.130560874938964844e+01 1.657934427261352539e+00 3.372633361816406250e+02 3.878893136978149414e+00 2.130560874938964844e+01 1.657934427261352539e+00 3.372633361816406250e+02
7.000000000000000000e+03 3.455537796020507812e+00 1.964326286315917969e+01 1.685037136077880859e+00 3.291756591796875000e+02 3.455537796020507812e+00 1.964326286315917969e+01 1.685037136077880859e+00 3.291756591796875000e+02
8.000000000000000000e+03 3.851684093475341797e+00 1.931122398376464844e+01 1.810252547264099121e+00 3.185738830566406250e+02 3.851684093475341797e+00 1.931122398376464844e+01 1.810252547264099121e+00 3.185738830566406250e+02
9.000000000000000000e+03 6.709116458892822266e+00 1.926605987548828125e+01 1.792628169059753418e+00 2.981592407226562500e+02 6.709116458892822266e+00 1.926605987548828125e+01 1.792628169059753418e+00 2.981592407226562500e+02
1.000000000000000000e+04 1.360669994354248047e+01 1.927230644226074219e+01 1.804341673851013184e+00 2.564861145019531250e+02 1.360669994354248047e+01 1.927230644226074219e+01 1.804341673851013184e+00 2.564861145019531250e+02
1.100000000000000000e+04 2.687275695800781250e+01 1.795583534240722656e+01 2.293499231338500977e+00 1.922044067382812500e+02 2.687275695800781250e+01 1.795583534240722656e+01 2.293499231338500977e+00 1.922044067382812500e+02
1.200000000000000000e+04 4.412179183959960938e+01 1.491473960876464844e+01 2.637988090515136719e+00 1.317714233398437500e+02 4.412179183959960938e+01 1.491473960876464844e+01 2.637988090515136719e+00 1.317714233398437500e+02
1.300000000000000000e+04 4.790753173828125000e+01 1.124838733673095703e+01 2.445622444152832031e+00 9.028425598144531250e+01 4.790753173828125000e+01 1.124838733673095703e+01 2.445622444152832031e+00 9.028425598144531250e+01
1.400000000000000000e+04 5.397769927978515625e+01 8.930554389953613281e+00 3.762525081634521484e+00 6.612774658203125000e+01 5.397769927978515625e+01 8.930554389953613281e+00 3.762525081634521484e+00 6.612774658203125000e+01
1.500000000000000000e+04 4.959361267089843750e+01 7.475932121276855469e+00 2.391425848007202148e+00 5.455428695678710938e+01 4.959361267089843750e+01 7.475932121276855469e+00 2.391425848007202148e+00 5.455428695678710938e+01
1.600000000000000000e+04 4.862830734252929688e+01 6.533787250518798828e+00 1.961859583854675293e+00 4.534146499633789062e+01 4.862830734252929688e+01 6.533787250518798828e+00 1.961859583854675293e+00 4.534146499633789062e+01
1.700000000000000000e+04 4.633818817138671875e+01 5.923322677612304688e+00 1.974640488624572754e+00 3.809825897216796875e+01 4.633818817138671875e+01 5.923322677612304688e+00 1.974640488624572754e+00 3.809825897216796875e+01
1.800000000000000000e+04 4.731460952758789062e+01 5.504171848297119141e+00 1.688305974006652832e+00 3.570481109619140625e+01 4.731460952758789062e+01 5.504171848297119141e+00 1.688305974006652832e+00 3.570481109619140625e+01
1.900000000000000000e+04 4.625848388671875000e+01 5.473756313323974609e+00 1.631851077079772949e+00 3.218349838256835938e+01 4.625848388671875000e+01 5.473756313323974609e+00 1.631851077079772949e+00 3.218349838256835938e+01
2.000000000000000000e+04 4.607787704467773438e+01 5.282297611236572266e+00 2.743048191070556641e+00 3.115687751770019531e+01 4.607787704467773438e+01 5.282297611236572266e+00 2.743048191070556641e+00 3.115687751770019531e+01
