# step, loss_train, loss_test, metrics_test
0.000000000000000000e+00 0.000000000000000000e+00 1.301825256347656250e+02 1.354279785156250000e+03 5.108272399902343750e+02 0.000000000000000000e+00 1.301825256347656250e+02 1.354279785156250000e+03 5.108272399902343750e+02
1.000000000000000000e+03 0.000000000000000000e+00 3.740477371215820312e+01 1.232436656951904297e+00 7.179585266113281250e+01 0.000000000000000000e+00 3.740477371215820312e+01 1.232436656951904297e+00 7.179585266113281250e+01
2.000000000000000000e+03 0.000000000000000000e+00 2.720351219177246094e+00 6.095942854881286621e-01 1.897647285461425781e+01 0.000000000000000000e+00 2.720351219177246094e+00 6.095942854881286621e-01 1.897647285461425781e+01
3.000000000000000000e+03 0.000000000000000000e+00 3.229306042194366455e-01 1.100357919931411743e-01 1.275442218780517578e+01 0.000000000000000000e+00 3.229306042194366455e-01 1.100357919931411743e-01 1.275442218780517578e+01
4.000000000000000000e+03 0.000000000000000000e+00 1.026300191879272461e-01 6.046052649617195129e-02 1.143276977539062500e+01 0.000000000000000000e+00 1.026300191879272461e-01 6.046052649617195129e-02 1.143276977539062500e+01
5.000000000000000000e+03 0.000000000000000000e+00 2.785987034440040588e-02 6.139196455478668213e-02 1.048617267608642578e+01 0.000000000000000000e+00 2.785987034440040588e-02 6.139196455478668213e-02 1.048617267608642578e+01
6.000000000000000000e+03 0.000000000000000000e+00 3.084176778793334961e-02 9.338194131851196289e-02 6.641012668609619141e+00 0.000000000000000000e+00 3.084176778793334961e-02 9.338194131851196289e-02 6.641012668609619141e+00
7.000000000000000000e+03 0.000000000000000000e+00 5.544743686914443970e-02 4.120665416121482849e-02 2.088082551956176758e+00 0.000000000000000000e+00 5.544743686914443970e-02 4.120665416121482849e-02 2.088082551956176758e+00
8.000000000000000000e+03 0.000000000000000000e+00 5.252230539917945862e-02 2.999454550445079803e-02 1.260761141777038574e+00 0.000000000000000000e+00 5.252230539917945862e-02 2.999454550445079803e-02 1.260761141777038574e+00
9.000000000000000000e+03 0.000000000000000000e+00 4.798173159360885620e-02 2.974380180239677429e-02 9.586925506591796875e-01 0.000000000000000000e+00 4.798173159360885620e-02 2.974380180239677429e-02 9.586925506591796875e-01
1.000000000000000000e+04 0.000000000000000000e+00 5.339134484529495239e-02 2.875287458300590515e-02 7.814039587974548340e-01 0.000000000000000000e+00 5.339134484529495239e-02 2.875287458300590515e-02 7.814039587974548340e-01
1.100000000000000000e+04 0.000000000000000000e+00 5.573856458067893982e-02 2.735913172364234924e-02 6.648128628730773926e-01 0.000000000000000000e+00 5.573856458067893982e-02 2.735913172364234924e-02 6.648128628730773926e-01
1.200000000000000000e+04 0.000000000000000000e+00 5.825664103031158447e-02 3.284556046128273010e-02 5.743876099586486816e-01 0.000000000000000000e+00 5.825664103031158447e-02 3.284556046128273010e-02 5.743876099586486816e-01
1.300000000000000000e+04 0.000000000000000000e+00 5.628285929560661316e-02 4.670435935258865356e-02 5.065533518791198730e-01 0.000000000000000000e+00 5.628285929560661316e-02 4.670435935258865356e-02 5.065533518791198730e-01
1.400000000000000000e+04 0.000000000000000000e+00 4.872995242476463318e-02 2.477812953293323517e-02 4.475831091403961182e-01 0.000000000000000000e+00 4.872995242476463318e-02 2.477812953293323517e-02 4.475831091403961182e-01
1.500000000000000000e+04 0.000000000000000000e+00 4.238130524754524231e-02 2.536471933126449585e-02 4.002419710159301758e-01 0.000000000000000000e+00 4.238130524754524231e-02 2.536471933126449585e-02 4.002419710159301758e-01
1.600000000000000000e+04 0.000000000000000000e+00 3.593131899833679199e-02 2.407433465123176575e-02 3.587515950202941895e-01 0.000000000000000000e+00 3.593131899833679199e-02 2.407433465123176575e-02 3.587515950202941895e-01
1.700000000000000000e+04 0.000000000000000000e+00 3.090860880911350250e-02 2.404377423226833344e-02 3.246662020683288574e-01 0.000000000000000000e+00 3.090860880911350250e-02 2.404377423226833344e-02 3.246662020683288574e-01
1.800000000000000000e+04 0.000000000000000000e+00 2.694554999470710754e-02 2.351221069693565369e-02 2.941648960113525391e-01 0.000000000000000000e+00 2.694554999470710754e-02 2.351221069693565369e-02 2.941648960113525391e-01
1.900000000000000000e+04 0.000000000000000000e+00 2.394745685160160065e-02 2.320176735520362854e-02 2.700960934162139893e-01 0.000000000000000000e+00 2.394745685160160065e-02 2.320176735520362854e-02 2.700960934162139893e-01
2.000000000000000000e+04 0.000000000000000000e+00 5.610541105270385742e-01 5.069919109344482422e+00 3.617882132530212402e-01 0.000000000000000000e+00 5.610541105270385742e-01 5.069919109344482422e+00 3.617882132530212402e-01
