# step, loss_train, loss_test, metrics_test
0.000000000000000000e+00 0.000000000000000000e+00 4.757401275634765625e+01 1.261058959960937500e+02 4.375994873046875000e+02 0.000000000000000000e+00 4.757401275634765625e+01 1.261058959960937500e+02 4.375994873046875000e+02
1.000000000000000000e+03 0.000000000000000000e+00 4.751990318298339844e+00 7.365980148315429688e+00 9.608839035034179688e+00 0.000000000000000000e+00 4.751990318298339844e+00 7.365980148315429688e+00 9.608839035034179688e+00
2.000000000000000000e+03 0.000000000000000000e+00 2.018412113189697266e+00 6.403716206550598145e-01 9.150056838989257812e+00 0.000000000000000000e+00 2.018412113189697266e+00 6.403716206550598145e-01 9.150056838989257812e+00
3.000000000000000000e+03 0.000000000000000000e+00 1.833865232765674591e-02 9.654779732227325439e-02 3.009286224842071533e-01 0.000000000000000000e+00 1.833865232765674591e-02 9.654779732227325439e-02 3.009286224842071533e-01
4.000000000000000000e+03 0.000000000000000000e+00 1.593356728553771973e-01 1.137670427560806274e-01 1.460416913032531738e+00 0.000000000000000000e+00 1.593356728553771973e-01 1.137670427560806274e-01 1.460416913032531738e+00
5.000000000000000000e+03 0.000000000000000000e+00 6.331172585487365723e-02 1.915899217128753662e-01 9.834173917770385742e-01 0.000000000000000000e+00 6.331172585487365723e-02 1.915899217128753662e-01 9.834173917770385742e-01
6.000000000000000000e+03 0.000000000000000000e+00 1.896883392333984375e+01 4.666119766235351562e+01 4.102954406738281250e+02 0.000000000000000000e+00 1.896883392333984375e+01 4.666119766235351562e+01 4.102954406738281250e+02
7.000000000000000000e+03 0.000000000000000000e+00 1.885556602478027344e+01 4.688420867919921875e+01 4.077934265136718750e+02 0.000000000000000000e+00 1.885556602478027344e+01 4.688420867919921875e+01 4.077934265136718750e+02
8.000000000000000000e+03 0.000000000000000000e+00 1.885457420349121094e+01 4.681236267089843750e+01 4.066724243164062500e+02 0.000000000000000000e+00 1.885457420349121094e+01 4.681236267089843750e+01 4.066724243164062500e+02
9.000000000000000000e+03 0.000000000000000000e+00 1.837156867980957031e+01 4.577135086059570312e+01 4.031377258300781250e+02 0.000000000000000000e+00 1.837156867980957031e+01 4.577135086059570312e+01 4.031377258300781250e+02
1.000000000000000000e+04 0.000000000000000000e+00 1.851845932006835938e+01 5.673464584350585938e+01 4.030049743652343750e+02 0.000000000000000000e+00 1.851845932006835938e+01 5.673464584350585938e+01 4.030049743652343750e+02
1.100000000000000000e+04 0.000000000000000000e+00 2.042281341552734375e+01 4.428156280517578125e+01 3.986400451660156250e+02 0.000000000000000000e+00 2.042281341552734375e+01 4.428156280517578125e+01 3.986400451660156250e+02
1.200000000000000000e+04 0.000000000000000000e+00 1.848784637451171875e+01 4.577787780761718750e+01 3.973038635253906250e+02 0.000000000000000000e+00 1.848784637451171875e+01 4.577787780761718750e+01 3.973038635253906250e+02
1.300000000000000000e+04 0.000000000000000000e+00 1.827035713195800781e+01 4.621295928955078125e+01 3.944824829101562500e+02 0.000000000000000000e+00 1.827035713195800781e+01 4.621295928955078125e+01 3.944824829101562500e+02
1.400000000000000000e+04 0.000000000000000000e+00 2.233888244628906250e+01 4.408739471435546875e+01 3.957883911132812500e+02 0.000000000000000000e+00 2.233888244628906250e+01 4.408739471435546875e+01 3.957883911132812500e+02
1.500000000000000000e+04 0.000000000000000000e+00 1.917599105834960938e+01 4.583985137939453125e+01 3.948096008300781250e+02 0.000000000000000000e+00 1.917599105834960938e+01 4.583985137939453125e+01 3.948096008300781250e+02
1.600000000000000000e+04 0.000000000000000000e+00 1.870526123046875000e+01 6.629524230957031250e+01 4.165310058593750000e+02 0.000000000000000000e+00 1.870526123046875000e+01 6.629524230957031250e+01 4.165310058593750000e+02
1.700000000000000000e+04 0.000000000000000000e+00 1.865623664855957031e+01 4.799587249755859375e+01 4.159668884277343750e+02 0.000000000000000000e+00 1.865623664855957031e+01 4.799587249755859375e+01 4.159668884277343750e+02
1.800000000000000000e+04 0.000000000000000000e+00 1.865763664245605469e+01 4.799356460571289062e+01 4.159677429199218750e+02 0.000000000000000000e+00 1.865763664245605469e+01 4.799356460571289062e+01 4.159677429199218750e+02
1.900000000000000000e+04 0.000000000000000000e+00 1.865765190124511719e+01 4.799354171752929688e+01 4.159677734375000000e+02 0.000000000000000000e+00 1.865765190124511719e+01 4.799354171752929688e+01 4.159677734375000000e+02
2.000000000000000000e+04 0.000000000000000000e+00 1.865766143798828125e+01 4.799353027343750000e+01 4.159677734375000000e+02 0.000000000000000000e+00 1.865766143798828125e+01 4.799353027343750000e+01 4.159677734375000000e+02
