# step, loss_train, loss_test, metrics_test
0.000000000000000000e+00 4.232002187500000000e+05 1.343778228759765625e+02 2.277464453125000000e+04 0.000000000000000000e+00 4.232002187500000000e+05 1.343778228759765625e+02 2.277464453125000000e+04 0.000000000000000000e+00
1.000000000000000000e+03 0.000000000000000000e+00 2.604445266723632812e+01 2.937888671875000000e+03 0.000000000000000000e+00 0.000000000000000000e+00 2.604445266723632812e+01 2.937888671875000000e+03 0.000000000000000000e+00
2.000000000000000000e+03 0.000000000000000000e+00 2.604468727111816406e+01 2.937888671875000000e+03 0.000000000000000000e+00 0.000000000000000000e+00 2.604468727111816406e+01 2.937888671875000000e+03 0.000000000000000000e+00
3.000000000000000000e+03 0.000000000000000000e+00 2.604454612731933594e+01 2.937889160156250000e+03 0.000000000000000000e+00 0.000000000000000000e+00 2.604454612731933594e+01 2.937889160156250000e+03 0.000000000000000000e+00
4.000000000000000000e+03 0.000000000000000000e+00 2.604431915283203125e+01 2.937889160156250000e+03 0.000000000000000000e+00 0.000000000000000000e+00 2.604431915283203125e+01 2.937889160156250000e+03 0.000000000000000000e+00
5.000000000000000000e+03 0.000000000000000000e+00 2.604441642761230469e+01 2.937888671875000000e+03 0.000000000000000000e+00 0.000000000000000000e+00 2.604441642761230469e+01 2.937888671875000000e+03 0.000000000000000000e+00
6.000000000000000000e+03 0.000000000000000000e+00 2.604431343078613281e+01 2.937889160156250000e+03 0.000000000000000000e+00 0.000000000000000000e+00 2.604431343078613281e+01 2.937889160156250000e+03 0.000000000000000000e+00
7.000000000000000000e+03 0.000000000000000000e+00 2.604447174072265625e+01 2.937889160156250000e+03 0.000000000000000000e+00 0.000000000000000000e+00 2.604447174072265625e+01 2.937889160156250000e+03 0.000000000000000000e+00
8.000000000000000000e+03 0.000000000000000000e+00 2.604442214965820312e+01 2.937889160156250000e+03 0.000000000000000000e+00 0.000000000000000000e+00 2.604442214965820312e+01 2.937889160156250000e+03 0.000000000000000000e+00
9.000000000000000000e+03 0.000000000000000000e+00 2.604447174072265625e+01 2.937889160156250000e+03 0.000000000000000000e+00 0.000000000000000000e+00 2.604447174072265625e+01 2.937889160156250000e+03 0.000000000000000000e+00
1.000000000000000000e+04 0.000000000000000000e+00 2.604447174072265625e+01 2.937889160156250000e+03 0.000000000000000000e+00 0.000000000000000000e+00 2.604447174072265625e+01 2.937889160156250000e+03 0.000000000000000000e+00
1.100000000000000000e+04 0.000000000000000000e+00 2.604447174072265625e+01 2.937889160156250000e+03 0.000000000000000000e+00 0.000000000000000000e+00 2.604447174072265625e+01 2.937889160156250000e+03 0.000000000000000000e+00
1.200000000000000000e+04 0.000000000000000000e+00 2.604442214965820312e+01 2.937889160156250000e+03 0.000000000000000000e+00 0.000000000000000000e+00 2.604442214965820312e+01 2.937889160156250000e+03 0.000000000000000000e+00
1.300000000000000000e+04 0.000000000000000000e+00 2.604442214965820312e+01 2.937889160156250000e+03 0.000000000000000000e+00 0.000000000000000000e+00 2.604442214965820312e+01 2.937889160156250000e+03 0.000000000000000000e+00
1.400000000000000000e+04 0.000000000000000000e+00 2.604433250427246094e+01 2.937889160156250000e+03 0.000000000000000000e+00 0.000000000000000000e+00 2.604433250427246094e+01 2.937889160156250000e+03 0.000000000000000000e+00
1.500000000000000000e+04 0.000000000000000000e+00 2.604429244995117188e+01 2.937889160156250000e+03 0.000000000000000000e+00 0.000000000000000000e+00 2.604429244995117188e+01 2.937889160156250000e+03 0.000000000000000000e+00
1.600000000000000000e+04 0.000000000000000000e+00 2.604447174072265625e+01 2.937889160156250000e+03 0.000000000000000000e+00 0.000000000000000000e+00 2.604447174072265625e+01 2.937889160156250000e+03 0.000000000000000000e+00
1.700000000000000000e+04 0.000000000000000000e+00 2.604150199890136719e+01 2.937891845703125000e+03 0.000000000000000000e+00 0.000000000000000000e+00 2.604150199890136719e+01 2.937891845703125000e+03 0.000000000000000000e+00
1.800000000000000000e+04 0.000000000000000000e+00 2.605447196960449219e+01 2.937879150390625000e+03 0.000000000000000000e+00 0.000000000000000000e+00 2.605447196960449219e+01 2.937879150390625000e+03 0.000000000000000000e+00
1.900000000000000000e+04 0.000000000000000000e+00 2.579213714599609375e+01 2.938291503906250000e+03 0.000000000000000000e+00 0.000000000000000000e+00 2.579213714599609375e+01 2.938291503906250000e+03 0.000000000000000000e+00
2.000000000000000000e+04 0.000000000000000000e+00 2.600586700439453125e+01 2.937930908203125000e+03 0.000000000000000000e+00 0.000000000000000000e+00 2.600586700439453125e+01 2.937930908203125000e+03 0.000000000000000000e+00
