# step, loss_train, loss_test, metrics_test
0.000000000000000000e+00 9.351427459716796875e+01 2.581428146362304688e+01 2.396003906250000000e+03 1.689861297607421875e+02 9.351427459716796875e+01 2.581428146362304688e+01 2.396003906250000000e+03 1.689861297607421875e+02
1.000000000000000000e+03 1.005854690447449684e-03 1.455933856964111328e+01 8.163069458007812500e+02 1.629380035400390625e+02 1.005854690447449684e-03 1.455933856964111328e+01 8.163069458007812500e+02 1.629380035400390625e+02
2.000000000000000000e+03 3.944734926335513592e-04 1.455933856964111328e+01 8.163069458007812500e+02 1.629380493164062500e+02 3.944734926335513592e-04 1.455933856964111328e+01 8.163069458007812500e+02 1.629380493164062500e+02
3.000000000000000000e+03 1.901806390378624201e-04 1.455933856964111328e+01 8.163069458007812500e+02 1.629380798339843750e+02 1.901806390378624201e-04 1.455933856964111328e+01 8.163069458007812500e+02 1.629380798339843750e+02
4.000000000000000000e+03 1.022072392515838146e-04 1.455933856964111328e+01 8.163069458007812500e+02 1.629380798339843750e+02 1.022072392515838146e-04 1.455933856964111328e+01 8.163069458007812500e+02 1.629380798339843750e+02
5.000000000000000000e+03 5.850308298249728978e-05 1.455933856964111328e+01 8.163069458007812500e+02 1.629380950927734375e+02 5.850308298249728978e-05 1.455933856964111328e+01 8.163069458007812500e+02 1.629380950927734375e+02
6.000000000000000000e+03 3.473064862191677094e-05 1.455933570861816406e+01 8.163068847656250000e+02 1.629380950927734375e+02 3.473064862191677094e-05 1.455933570861816406e+01 8.163068847656250000e+02 1.629380950927734375e+02
7.000000000000000000e+03 2.122258229064755142e-05 1.455933856964111328e+01 8.163069458007812500e+02 1.629380950927734375e+02 2.122258229064755142e-05 1.455933856964111328e+01 8.163069458007812500e+02 1.629380950927734375e+02
8.000000000000000000e+03 1.328574489889433607e-05 1.455933856964111328e+01 8.163069458007812500e+02 1.629380950927734375e+02 1.328574489889433607e-05 1.455933856964111328e+01 8.163069458007812500e+02 1.629380950927734375e+02
9.000000000000000000e+03 8.424649422522634268e-06 1.455933856964111328e+01 8.163069458007812500e+02 1.629380950927734375e+02 8.424649422522634268e-06 1.455933856964111328e+01 8.163069458007812500e+02 1.629380950927734375e+02
1.000000000000000000e+04 5.424146820587338880e-06 1.455933856964111328e+01 8.163069458007812500e+02 1.629380950927734375e+02 5.424146820587338880e-06 1.455933856964111328e+01 8.163069458007812500e+02 1.629380950927734375e+02
1.100000000000000000e+04 3.578346195354242809e-06 1.455858612060546875e+01 8.163080444335937500e+02 1.629377441406250000e+02 3.578346195354242809e-06 1.455858612060546875e+01 8.163080444335937500e+02 1.629377441406250000e+02
1.200000000000000000e+04 2.429039341222960502e-06 1.455951404571533203e+01 8.163066406250000000e+02 1.629381866455078125e+02 2.429039341222960502e-06 1.455951404571533203e+01 8.163066406250000000e+02 1.629381866455078125e+02
1.300000000000000000e+04 1.701503265394421760e-06 1.455935287475585938e+01 8.163068847656250000e+02 1.629381103515625000e+02 1.701503265394421760e-06 1.455935287475585938e+01 8.163068847656250000e+02 1.629381103515625000e+02
1.400000000000000000e+04 1.258460201825073455e-06 1.455927753448486328e+01 8.163070678710937500e+02 1.629380798339843750e+02 1.258460201825073455e-06 1.455927753448486328e+01 8.163070678710937500e+02 1.629380798339843750e+02
1.500000000000000000e+04 1.009413040264917072e-06 1.455933856964111328e+01 8.163069458007812500e+02 1.629380950927734375e+02 1.009413040264917072e-06 1.455933856964111328e+01 8.163069458007812500e+02 1.629380950927734375e+02
1.600000000000000000e+04 9.227337613992858678e-07 1.455933856964111328e+01 8.163069458007812500e+02 1.629380950927734375e+02 9.227337613992858678e-07 1.455933856964111328e+01 8.163069458007812500e+02 1.629380950927734375e+02
1.700000000000000000e+04 1.101409793591301423e-06 1.455937767028808594e+01 8.163068847656250000e+02 1.629381256103515625e+02 1.101409793591301423e-06 1.455937767028808594e+01 8.163068847656250000e+02 1.629381256103515625e+02
1.800000000000000000e+04 5.410906851466279477e-06 1.455942630767822266e+01 8.163068237304687500e+02 1.629381408691406250e+02 5.410906851466279477e-06 1.455942630767822266e+01 8.163068237304687500e+02 1.629381408691406250e+02
1.900000000000000000e+04 7.036176280348640305e-35 1.455941581726074219e+01 8.163068237304687500e+02 1.629381408691406250e+02 7.036176280348640305e-35 1.455941581726074219e+01 8.163068237304687500e+02 1.629381408691406250e+02
2.000000000000000000e+04 7.036176280348640305e-35 1.523363399505615234e+01 8.162368164062500000e+02 1.632497253417968750e+02 7.036176280348640305e-35 1.523363399505615234e+01 8.162368164062500000e+02 1.632497253417968750e+02
