# step, loss_train, loss_test, metrics_test
0.000000000000000000e+00 4.925853252410888672e+00 3.252515411376953125e+01 5.132191162109375000e+02 4.330321350097656250e+02 4.925853252410888672e+00 3.252515411376953125e+01 5.132191162109375000e+02 4.330321350097656250e+02
1.000000000000000000e+03 6.840399742126464844e+00 2.814946556091308594e+01 4.674533691406250000e+02 4.291561889648437500e+02 6.840399742126464844e+00 2.814946556091308594e+01 4.674533691406250000e+02 4.291561889648437500e+02
2.000000000000000000e+03 1.683046722412109375e+01 2.315744781494140625e+01 4.026023254394531250e+02 4.243213806152343750e+02 1.683046722412109375e+01 2.315744781494140625e+01 4.026023254394531250e+02 4.243213806152343750e+02
3.000000000000000000e+03 3.355008697509765625e+01 1.816620445251464844e+01 3.136963806152343750e+02 4.195216979980468750e+02 3.355008697509765625e+01 1.816620445251464844e+01 3.136963806152343750e+02 4.195216979980468750e+02
4.000000000000000000e+03 2.720222282409667969e+01 1.504344367980957031e+01 2.121890106201171875e+02 4.169630737304687500e+02 2.720222282409667969e+01 1.504344367980957031e+01 2.121890106201171875e+02 4.169630737304687500e+02
5.000000000000000000e+03 2.538039207458496094e+01 1.551279449462890625e+01 1.431165008544921875e+02 4.186832580566406250e+02 2.538039207458496094e+01 1.551279449462890625e+01 1.431165008544921875e+02 4.186832580566406250e+02
6.000000000000000000e+03 2.581898880004882812e+01 1.677616500854492188e+01 1.227497253417968750e+02 4.207214355468750000e+02 2.581898880004882812e+01 1.677616500854492188e+01 1.227497253417968750e+02 4.207214355468750000e+02
7.000000000000000000e+03 2.195252227783203125e+01 1.695316696166992188e+01 1.175771789550781250e+02 4.209607543945312500e+02 2.195252227783203125e+01 1.695316696166992188e+01 1.175771789550781250e+02 4.209607543945312500e+02
8.000000000000000000e+03 1.288006687164306641e+01 1.719092178344726562e+01 1.136326293945312500e+02 4.213619689941406250e+02 1.288006687164306641e+01 1.719092178344726562e+01 1.136326293945312500e+02 4.213619689941406250e+02
9.000000000000000000e+03 9.308985710144042969e+00 1.739439392089843750e+01 1.088749389648437500e+02 4.218414916992187500e+02 9.308985710144042969e+00 1.739439392089843750e+01 1.088749389648437500e+02 4.218414916992187500e+02
1.000000000000000000e+04 7.644157409667968750e+00 1.763699722290039062e+01 1.052285079956054688e+02 4.220599975585937500e+02 7.644157409667968750e+00 1.763699722290039062e+01 1.052285079956054688e+02 4.220599975585937500e+02
1.100000000000000000e+04 5.891641616821289062e+00 1.784777450561523438e+01 1.024188690185546875e+02 4.221663818359375000e+02 5.891641616821289062e+00 1.784777450561523438e+01 1.024188690185546875e+02 4.221663818359375000e+02
1.200000000000000000e+04 4.135924816131591797e+00 1.805513000488281250e+01 1.002072601318359375e+02 4.221173400878906250e+02 4.135924816131591797e+00 1.805513000488281250e+01 1.002072601318359375e+02 4.221173400878906250e+02
1.300000000000000000e+04 3.401348114013671875e+00 1.821242523193359375e+01 9.820053863525390625e+01 4.217950134277343750e+02 3.401348114013671875e+00 1.821242523193359375e+01 9.820053863525390625e+01 4.217950134277343750e+02
1.400000000000000000e+04 3.256396532058715820e+00 1.827292442321777344e+01 9.634368133544921875e+01 4.211889038085937500e+02 3.256396532058715820e+00 1.827292442321777344e+01 9.634368133544921875e+01 4.211889038085937500e+02
1.500000000000000000e+04 2.313338994979858398e+00 1.831961059570312500e+01 9.407838439941406250e+01 4.204139709472656250e+02 2.313338994979858398e+00 1.831961059570312500e+01 9.407838439941406250e+01 4.204139709472656250e+02
1.600000000000000000e+04 2.347217798233032227e+00 1.847779655456542969e+01 9.121824645996093750e+01 4.192340698242187500e+02 2.347217798233032227e+00 1.847779655456542969e+01 9.121824645996093750e+01 4.192340698242187500e+02
1.700000000000000000e+04 1.977967381477355957e+00 1.866151237487792969e+01 8.830010986328125000e+01 4.174930419921875000e+02 1.977967381477355957e+00 1.866151237487792969e+01 8.830010986328125000e+01 4.174930419921875000e+02
1.800000000000000000e+04 1.715928196907043457e+00 1.913621139526367188e+01 8.486643981933593750e+01 4.151728210449218750e+02 1.715928196907043457e+00 1.913621139526367188e+01 8.486643981933593750e+01 4.151728210449218750e+02
1.900000000000000000e+04 2.260730981826782227e+00 1.979028892517089844e+01 8.097061920166015625e+01 4.120391540527343750e+02 2.260730981826782227e+00 1.979028892517089844e+01 8.097061920166015625e+01 4.120391540527343750e+02
2.000000000000000000e+04 1.954988241195678711e+00 2.093553161621093750e+01 7.511582946777343750e+01 4.092207641601562500e+02 1.954988241195678711e+00 2.093553161621093750e+01 7.511582946777343750e+01 4.092207641601562500e+02
