# step, loss_train, loss_test, metrics_test
0.000000000000000000e+00 3.639678039550781250e+02 2.420407104492187500e+01 5.970841796875000000e+03 4.107175598144531250e+02 3.639678039550781250e+02 2.420407104492187500e+01 5.970841796875000000e+03 4.107175598144531250e+02
1.000000000000000000e+03 3.076628875732421875e+01 1.011250972747802734e+00 9.810105323791503906e+00 7.305491638183593750e+01 3.076628875732421875e+01 1.011250972747802734e+00 9.810105323791503906e+00 7.305491638183593750e+01
2.000000000000000000e+03 3.144100427627563477e+00 2.161948978900909424e-01 5.458750247955322266e+00 1.059290409088134766e+01 3.144100427627563477e+00 2.161948978900909424e-01 5.458750247955322266e+00 1.059290409088134766e+01
3.000000000000000000e+03 1.695461630821228027e+00 2.566530704498291016e-01 6.082284927368164062e+00 3.176237583160400391e+00 1.695461630821228027e+00 2.566530704498291016e-01 6.082284927368164062e+00 3.176237583160400391e+00
4.000000000000000000e+03 1.421763777732849121e+00 2.495408803224563599e-02 3.283682346343994141e+00 1.684528589248657227e+00 1.421763777732849121e+00 2.495408803224563599e-02 3.283682346343994141e+00 1.684528589248657227e+00
5.000000000000000000e+03 2.877563834190368652e-01 1.481554005295038223e-02 3.195150792598724365e-01 1.411326885223388672e+00 2.877563834190368652e-01 1.481554005295038223e-02 3.195150792598724365e-01 1.411326885223388672e+00
6.000000000000000000e+03 4.350866317749023438e+00 1.068698644638061523e+00 2.967527770996093750e+01 2.309383010864257812e+01 4.350866317749023438e+00 1.068698644638061523e+00 2.967527770996093750e+01 2.309383010864257812e+01
7.000000000000000000e+03 1.120448470115661621e+00 3.047760762274265289e-02 4.889136791229248047e+00 4.099256038665771484e+00 1.120448470115661621e+00 3.047760762274265289e-02 4.889136791229248047e+00 4.099256038665771484e+00
8.000000000000000000e+03 1.656114697456359863e+00 1.022831201553344727e-01 5.745147228240966797e+00 3.656687498092651367e+00 1.656114697456359863e+00 1.022831201553344727e-01 5.745147228240966797e+00 3.656687498092651367e+00
9.000000000000000000e+03 7.140745222568511963e-02 1.415733061730861664e-02 3.953236043453216553e-01 1.407258749008178711e+00 7.140745222568511963e-02 1.415733061730861664e-02 3.953236043453216553e-01 1.407258749008178711e+00
1.000000000000000000e+04 2.384462654590606689e-01 4.986927658319473267e-02 1.568951129913330078e+00 1.468299269676208496e+00 2.384462654590606689e-01 4.986927658319473267e-02 1.568951129913330078e+00 1.468299269676208496e+00
1.100000000000000000e+04 9.922983646392822266e-01 5.715628620237112045e-03 4.353888511657714844e+00 1.491776943206787109e+00 9.922983646392822266e-01 5.715628620237112045e-03 4.353888511657714844e+00 1.491776943206787109e+00
1.200000000000000000e+04 1.989247322082519531e+01 1.831479191780090332e+00 5.495530700683593750e+01 2.957830238342285156e+01 1.989247322082519531e+01 1.831479191780090332e+00 5.495530700683593750e+01 2.957830238342285156e+01
1.300000000000000000e+04 9.078311175107955933e-02 9.852546500042080879e-04 8.556982278823852539e-01 1.272773146629333496e+00 9.078311175107955933e-02 9.852546500042080879e-04 8.556982278823852539e-01 1.272773146629333496e+00
1.400000000000000000e+04 1.290181428194046021e-01 3.095056302845478058e-02 9.560335874557495117e-01 2.799116849899291992e+00 1.290181428194046021e-01 3.095056302845478058e-02 9.560335874557495117e-01 2.799116849899291992e+00
1.500000000000000000e+04 2.705017663538455963e-02 3.288403898477554321e-02 5.425530076026916504e-01 6.649067401885986328e+00 2.705017663538455963e-02 3.288403898477554321e-02 5.425530076026916504e-01 6.649067401885986328e+00
1.600000000000000000e+04 8.584237098693847656e-01 1.871538232080638409e-03 1.898711085319519043e+00 3.794114112854003906e+00 8.584237098693847656e-01 1.871538232080638409e-03 1.898711085319519043e+00 3.794114112854003906e+00
1.700000000000000000e+04 2.632429003715515137e-01 4.015118815004825592e-03 5.438175797462463379e-01 2.624476194381713867e+00 2.632429003715515137e-01 4.015118815004825592e-03 5.438175797462463379e-01 2.624476194381713867e+00
1.800000000000000000e+04 9.421057254076004028e-02 6.380127742886543274e-03 1.979668140411376953e-01 2.090691089630126953e+00 9.421057254076004028e-02 6.380127742886543274e-03 1.979668140411376953e-01 2.090691089630126953e+00
1.900000000000000000e+04 1.188217923045158386e-01 8.688679896295070648e-03 3.228255510330200195e-01 1.757136344909667969e+00 1.188217923045158386e-01 8.688679896295070648e-03 3.228255510330200195e-01 1.757136344909667969e+00
2.000000000000000000e+04 3.312360644340515137e-01 1.797242905013263226e-03 7.974777221679687500e-01 3.212536573410034180e+00 3.312360644340515137e-01 1.797242905013263226e-03 7.974777221679687500e-01 3.212536573410034180e+00
