# step, loss_train, loss_test, metrics_test
0.000000000000000000e+00 1.061527481079101562e+02 3.111264419555664062e+01 6.129903320312500000e+03 8.243569946289062500e+01 1.061527481079101562e+02 3.111264419555664062e+01 6.129903320312500000e+03 8.243569946289062500e+01
1.000000000000000000e+03 2.257284698486328125e+02 2.366079139709472656e+01 8.741922607421875000e+02 7.992681121826171875e+01 2.257284698486328125e+02 2.366079139709472656e+01 8.741922607421875000e+02 7.992681121826171875e+01
2.000000000000000000e+03 2.644297485351562500e+02 2.758062934875488281e+01 2.058233489990234375e+02 8.129396057128906250e+01 2.644297485351562500e+02 2.758062934875488281e+01 2.058233489990234375e+02 8.129396057128906250e+01
3.000000000000000000e+03 1.491189270019531250e+02 3.033037376403808594e+01 2.922829818725585938e+01 8.226686096191406250e+01 1.491189270019531250e+02 3.033037376403808594e+01 2.922829818725585938e+01 8.226686096191406250e+01
4.000000000000000000e+03 7.154228210449218750e+01 2.928601264953613281e+01 6.042426109313964844e+00 8.229519653320312500e+01 7.154228210449218750e+01 2.928601264953613281e+01 6.042426109313964844e+00 8.229519653320312500e+01
5.000000000000000000e+03 3.879993057250976562e+01 2.611468505859375000e+01 2.320525646209716797e+00 8.150425720214843750e+01 3.879993057250976562e+01 2.611468505859375000e+01 2.320525646209716797e+00 8.150425720214843750e+01
6.000000000000000000e+03 2.619357681274414062e+01 2.258998870849609375e+01 9.707174301147460938e-01 8.030343627929687500e+01 2.619357681274414062e+01 2.258998870849609375e+01 9.707174301147460938e-01 8.030343627929687500e+01
7.000000000000000000e+03 1.630853843688964844e+01 1.782156181335449219e+01 4.571126401424407959e-01 7.887472534179687500e+01 1.630853843688964844e+01 1.782156181335449219e+01 4.571126401424407959e-01 7.887472534179687500e+01
8.000000000000000000e+03 1.252137565612792969e+01 1.164613819122314453e+01 1.895191669464111328e-01 7.657823181152343750e+01 1.252137565612792969e+01 1.164613819122314453e+01 1.895191669464111328e-01 7.657823181152343750e+01
9.000000000000000000e+03 9.261819839477539062e+00 7.446218013763427734e+00 9.350769221782684326e-02 7.476162719726562500e+01 9.261819839477539062e+00 7.446218013763427734e+00 9.350769221782684326e-02 7.476162719726562500e+01
1.000000000000000000e+04 7.788621902465820312e+00 5.356278419494628906e+00 3.122724033892154694e-02 7.391229248046875000e+01 7.788621902465820312e+00 5.356278419494628906e+00 3.122724033892154694e-02 7.391229248046875000e+01
1.100000000000000000e+04 5.829960823059082031e+00 3.974995613098144531e+00 1.731907390058040619e-02 7.308809661865234375e+01 5.829960823059082031e+00 3.974995613098144531e+00 1.731907390058040619e-02 7.308809661865234375e+01
1.200000000000000000e+04 4.500000476837158203e+00 3.059062719345092773e+00 4.007529839873313904e-02 7.227853393554687500e+01 4.500000476837158203e+00 3.059062719345092773e+00 4.007529839873313904e-02 7.227853393554687500e+01
1.300000000000000000e+04 3.740413904190063477e+00 2.338259696960449219e+00 1.641757041215896606e-02 7.105764007568359375e+01 3.740413904190063477e+00 2.338259696960449219e+00 1.641757041215896606e-02 7.105764007568359375e+01
1.400000000000000000e+04 3.388797283172607422e+00 1.903475046157836914e+00 2.066796645522117615e-02 6.984694671630859375e+01 3.388797283172607422e+00 1.903475046157836914e+00 2.066796645522117615e-02 6.984694671630859375e+01
1.500000000000000000e+04 2.974679231643676758e+00 1.625090479850769043e+00 2.837329730391502380e-02 6.843817138671875000e+01 2.974679231643676758e+00 1.625090479850769043e+00 2.837329730391502380e-02 6.843817138671875000e+01
1.600000000000000000e+04 3.232461929321289062e+00 1.285426259040832520e+00 6.108382716774940491e-02 6.623816680908203125e+01 3.232461929321289062e+00 1.285426259040832520e+00 6.108382716774940491e-02 6.623816680908203125e+01
1.700000000000000000e+04 3.803550243377685547e+00 9.159066677093505859e-01 2.831729501485824585e-02 6.238889312744140625e+01 3.803550243377685547e+00 9.159066677093505859e-01 2.831729501485824585e-02 6.238889312744140625e+01
1.800000000000000000e+04 4.724415302276611328e+00 6.056492924690246582e-01 4.859685525298118591e-02 5.662955093383789062e+01 4.724415302276611328e+00 6.056492924690246582e-01 4.859685525298118591e-02 5.662955093383789062e+01
1.900000000000000000e+04 6.886416435241699219e+00 4.428625702857971191e-01 2.034647315740585327e-01 5.189031219482421875e+01 6.886416435241699219e+00 4.428625702857971191e-01 2.034647315740585327e-01 5.189031219482421875e+01
2.000000000000000000e+04 5.821030616760253906e+00 3.151667714118957520e-01 2.157450914382934570e-01 4.761753845214843750e+01 5.821030616760253906e+00 3.151667714118957520e-01 2.157450914382934570e-01 4.761753845214843750e+01
