# step, loss_train, loss_test, metrics_test
0.000000000000000000e+00 1.818288726806640625e+02 3.295952224731445312e+01 0.000000000000000000e+00 2.107905883789062500e+02 1.818288726806640625e+02 3.295952224731445312e+01 0.000000000000000000e+00 2.107905883789062500e+02
1.000000000000000000e+03 1.087858390808105469e+01 1.998229408264160156e+01 0.000000000000000000e+00 2.029849243164062500e+02 1.087858390808105469e+01 1.998229408264160156e+01 0.000000000000000000e+00 2.029849243164062500e+02
2.000000000000000000e+03 6.238260746002197266e+00 1.459758377075195312e+01 0.000000000000000000e+00 2.001231231689453125e+02 6.238260746002197266e+00 1.459758377075195312e+01 0.000000000000000000e+00 2.001231231689453125e+02
3.000000000000000000e+03 4.037199497222900391e+00 1.274057865142822266e+01 0.000000000000000000e+00 1.987771148681640625e+02 4.037199497222900391e+00 1.274057865142822266e+01 0.000000000000000000e+00 1.987771148681640625e+02
4.000000000000000000e+03 3.834742546081542969e+00 1.125199794769287109e+01 0.000000000000000000e+00 1.967517547607421875e+02 3.834742546081542969e+00 1.125199794769287109e+01 0.000000000000000000e+00 1.967517547607421875e+02
5.000000000000000000e+03 9.240745544433593750e+00 6.946781158447265625e+00 0.000000000000000000e+00 1.816292724609375000e+02 9.240745544433593750e+00 6.946781158447265625e+00 0.000000000000000000e+00 1.816292724609375000e+02
6.000000000000000000e+03 2.139826774597167969e+01 7.489687919616699219e+00 0.000000000000000000e+00 1.245625991821289062e+02 2.139826774597167969e+01 7.489687919616699219e+00 0.000000000000000000e+00 1.245625991821289062e+02
7.000000000000000000e+03 1.998253631591796875e+01 8.295865058898925781e+00 0.000000000000000000e+00 7.585861206054687500e+01 1.998253631591796875e+01 8.295865058898925781e+00 0.000000000000000000e+00 7.585861206054687500e+01
8.000000000000000000e+03 2.297196388244628906e+01 4.488983631134033203e+00 0.000000000000000000e+00 4.534561157226562500e+01 2.297196388244628906e+01 4.488983631134033203e+00 0.000000000000000000e+00 4.534561157226562500e+01
9.000000000000000000e+03 1.925041580200195312e+01 1.857832551002502441e+00 0.000000000000000000e+00 1.908248901367187500e+01 1.925041580200195312e+01 1.857832551002502441e+00 0.000000000000000000e+00 1.908248901367187500e+01
1.000000000000000000e+04 1.503109169006347656e+01 9.148295521736145020e-01 0.000000000000000000e+00 1.145738697052001953e+01 1.503109169006347656e+01 9.148295521736145020e-01 0.000000000000000000e+00 1.145738697052001953e+01
1.100000000000000000e+04 1.067658329010009766e+01 3.467193543910980225e-01 0.000000000000000000e+00 6.445677280426025391e+00 1.067658329010009766e+01 3.467193543910980225e-01 0.000000000000000000e+00 6.445677280426025391e+00
1.200000000000000000e+04 1.015226745605468750e+01 1.930256187915802002e-01 0.000000000000000000e+00 4.620562553405761719e+00 1.015226745605468750e+01 1.930256187915802002e-01 0.000000000000000000e+00 4.620562553405761719e+00
1.300000000000000000e+04 8.047956466674804688e+00 1.336052864789962769e-01 0.000000000000000000e+00 3.856570005416870117e+00 8.047956466674804688e+00 1.336052864789962769e-01 0.000000000000000000e+00 3.856570005416870117e+00
1.400000000000000000e+04 6.955986499786376953e+00 6.108127534389495850e-02 0.000000000000000000e+00 2.794201850891113281e+00 6.955986499786376953e+00 6.108127534389495850e-02 0.000000000000000000e+00 2.794201850891113281e+00
1.500000000000000000e+04 5.023594379425048828e+00 8.809155970811843872e-02 0.000000000000000000e+00 2.127498388290405273e+00 5.023594379425048828e+00 8.809155970811843872e-02 0.000000000000000000e+00 2.127498388290405273e+00
1.600000000000000000e+04 4.056905269622802734e+00 3.555639833211898804e-02 0.000000000000000000e+00 1.281554341316223145e+00 4.056905269622802734e+00 3.555639833211898804e-02 0.000000000000000000e+00 1.281554341316223145e+00
1.700000000000000000e+04 3.856203079223632812e+00 2.493127062916755676e-02 0.000000000000000000e+00 9.999169111251831055e-01 3.856203079223632812e+00 2.493127062916755676e-02 0.000000000000000000e+00 9.999169111251831055e-01
1.800000000000000000e+04 2.958573102951049805e+00 1.313244644552469254e-02 0.000000000000000000e+00 7.497968673706054688e-01 2.958573102951049805e+00 1.313244644552469254e-02 0.000000000000000000e+00 7.497968673706054688e-01
1.900000000000000000e+04 1.901245832443237305e+00 8.468665182590484619e-03 0.000000000000000000e+00 4.850148260593414307e-01 1.901245832443237305e+00 8.468665182590484619e-03 0.000000000000000000e+00 4.850148260593414307e-01
2.000000000000000000e+04 1.595128536224365234e+00 7.979135960340499878e-03 0.000000000000000000e+00 3.893778324127197266e-01 1.595128536224365234e+00 7.979135960340499878e-03 0.000000000000000000e+00 3.893778324127197266e-01
