# step, loss_train, loss_test, metrics_test
0.000000000000000000e+00 7.555527832031250000e+03 9.189942169189453125e+01 1.179207910156250000e+04 7.306591033935546875e+01 7.555527832031250000e+03 9.189942169189453125e+01 1.179207910156250000e+04 7.306591033935546875e+01
1.000000000000000000e+03 1.056614780426025391e+01 5.057509994506835938e+01 4.778474330902099609e+00 6.763514709472656250e+01 1.056614780426025391e+01 5.057509994506835938e+01 4.778474330902099609e+00 6.763514709472656250e+01
2.000000000000000000e+03 4.539633274078369141e+00 4.446590805053710938e+01 2.249576568603515625e+00 6.483409118652343750e+01 4.539633274078369141e+00 4.446590805053710938e+01 2.249576568603515625e+00 6.483409118652343750e+01
3.000000000000000000e+03 3.540699243545532227e+00 3.908423233032226562e+01 1.582756519317626953e+00 6.402825164794921875e+01 3.540699243545532227e+00 3.908423233032226562e+01 1.582756519317626953e+00 6.402825164794921875e+01
4.000000000000000000e+03 4.097533226013183594e+00 3.183965301513671875e+01 1.259941220283508301e+00 6.319170761108398438e+01 4.097533226013183594e+00 3.183965301513671875e+01 1.259941220283508301e+00 6.319170761108398438e+01
5.000000000000000000e+03 4.765929698944091797e+00 2.157331275939941406e+01 8.910747170448303223e-01 6.190716934204101562e+01 4.765929698944091797e+00 2.157331275939941406e+01 8.910747170448303223e-01 6.190716934204101562e+01
6.000000000000000000e+03 4.041858196258544922e+00 8.572798728942871094e+00 6.928419470787048340e-01 6.023416137695312500e+01 4.041858196258544922e+00 8.572798728942871094e+00 6.928419470787048340e-01 6.023416137695312500e+01
7.000000000000000000e+03 2.727389812469482422e+00 4.459931850433349609e+00 5.718089342117309570e-01 5.979234695434570312e+01 2.727389812469482422e+00 4.459931850433349609e+00 5.718089342117309570e-01 5.979234695434570312e+01
8.000000000000000000e+03 1.967869043350219727e+00 3.502572536468505859e+00 5.174638032913208008e-01 5.960641860961914062e+01 1.967869043350219727e+00 3.502572536468505859e+00 5.174638032913208008e-01 5.960641860961914062e+01
9.000000000000000000e+03 1.774639368057250977e+00 2.899659395217895508e+00 5.341829061508178711e-01 5.936993789672851562e+01 1.774639368057250977e+00 2.899659395217895508e+00 5.341829061508178711e-01 5.936993789672851562e+01
1.000000000000000000e+04 1.284733533859252930e+00 2.561587333679199219e+00 4.815512299537658691e-01 5.905894470214843750e+01 1.284733533859252930e+00 2.561587333679199219e+00 4.815512299537658691e-01 5.905894470214843750e+01
1.100000000000000000e+04 1.100789189338684082e+00 2.340786695480346680e+00 4.626426100730895996e-01 5.870846176147460938e+01 1.100789189338684082e+00 2.340786695480346680e+00 4.626426100730895996e-01 5.870846176147460938e+01
1.200000000000000000e+04 9.839481711387634277e-01 2.212302207946777344e+00 4.450091421604156494e-01 5.827776718139648438e+01 9.839481711387634277e-01 2.212302207946777344e+00 4.450091421604156494e-01 5.827776718139648438e+01
1.300000000000000000e+04 9.071505665779113770e-01 2.188182353973388672e+00 4.358739256858825684e-01 5.776076889038085938e+01 9.071505665779113770e-01 2.188182353973388672e+00 4.358739256858825684e-01 5.776076889038085938e+01
1.400000000000000000e+04 8.786916136741638184e-01 2.225432395935058594e+00 4.338262081146240234e-01 5.700726318359375000e+01 8.786916136741638184e-01 2.225432395935058594e+00 4.338262081146240234e-01 5.700726318359375000e+01
1.500000000000000000e+04 2.587109375000000000e+01 2.626430511474609375e+00 5.487894058227539062e+00 5.581053161621093750e+01 2.587109375000000000e+01 2.626430511474609375e+00 5.487894058227539062e+00 5.581053161621093750e+01
1.600000000000000000e+04 1.130266904830932617e+00 2.482593774795532227e+00 4.350129365921020508e-01 5.368887710571289062e+01 1.130266904830932617e+00 2.482593774795532227e+00 4.350129365921020508e-01 5.368887710571289062e+01
1.700000000000000000e+04 1.610978126525878906e+00 2.679644584655761719e+00 4.282369315624237061e-01 4.992217254638671875e+01 1.610978126525878906e+00 2.679644584655761719e+00 4.282369315624237061e-01 4.992217254638671875e+01
1.800000000000000000e+04 2.347095489501953125e+00 2.833337068557739258e+00 4.510445594787597656e-01 4.412768554687500000e+01 2.347095489501953125e+00 2.833337068557739258e+00 4.510445594787597656e-01 4.412768554687500000e+01
1.900000000000000000e+04 3.059757709503173828e+00 2.835618734359741211e+00 1.216562271118164062e+00 3.770820999145507812e+01 3.059757709503173828e+00 2.835618734359741211e+00 1.216562271118164062e+00 3.770820999145507812e+01
2.000000000000000000e+04 3.251301765441894531e+00 2.646461248397827148e+00 9.476389884948730469e-01 3.116186714172363281e+01 3.251301765441894531e+00 2.646461248397827148e+00 9.476389884948730469e-01 3.116186714172363281e+01
