# step, loss_train, loss_test, metrics_test
0.000000000000000000e+00 2.695242004394531250e+02 3.540315246582031250e+01 4.483847167968750000e+03 2.505140686035156250e+02 2.695242004394531250e+02 3.540315246582031250e+01 4.483847167968750000e+03 2.505140686035156250e+02
1.000000000000000000e+03 7.364470958709716797e+00 4.886267662048339844e+00 7.119980621337890625e+01 1.471082916259765625e+02 7.364470958709716797e+00 4.886267662048339844e+00 7.119980621337890625e+01 1.471082916259765625e+02
2.000000000000000000e+03 2.081092357635498047e+00 4.252865791320800781e+00 6.378688430786132812e+01 1.194792938232421875e+02 2.081092357635498047e+00 4.252865791320800781e+00 6.378688430786132812e+01 1.194792938232421875e+02
3.000000000000000000e+03 2.672775983810424805e+00 2.804453969001770020e-01 1.678302001953125000e+01 1.387322044372558594e+01 2.672775983810424805e+00 2.804453969001770020e-01 1.678302001953125000e+01 1.387322044372558594e+01
4.000000000000000000e+03 1.854997575283050537e-01 1.246512774378061295e-02 5.336623191833496094e-01 1.246511459350585938e+00 1.854997575283050537e-01 1.246512774378061295e-02 5.336623191833496094e-01 1.246511459350585938e+00
5.000000000000000000e+03 4.710898995399475098e-01 3.846253268420696259e-03 1.188872694969177246e+00 1.617031097412109375e+00 4.710898995399475098e-01 3.846253268420696259e-03 1.188872694969177246e+00 1.617031097412109375e+00
6.000000000000000000e+03 6.519634723663330078e-01 6.757655646651983261e-03 9.411244392395019531e-01 1.167777419090270996e+00 6.519634723663330078e-01 6.757655646651983261e-03 9.411244392395019531e-01 1.167777419090270996e+00
7.000000000000000000e+03 3.212439298629760742e+00 1.031370740383863449e-02 1.983989834785461426e+00 1.555590748786926270e+00 3.212439298629760742e+00 1.031370740383863449e-02 1.983989834785461426e+00 1.555590748786926270e+00
8.000000000000000000e+03 1.473140835762023926e+00 3.005173802375793457e-02 6.428527832031250000e-01 7.560655474662780762e-01 1.473140835762023926e+00 3.005173802375793457e-02 6.428527832031250000e-01 7.560655474662780762e-01
9.000000000000000000e+03 1.174966916441917419e-01 3.765892179217189550e-04 1.359737634658813477e+00 6.200397610664367676e-01 1.174966916441917419e-01 3.765892179217189550e-04 1.359737634658813477e+00 6.200397610664367676e-01
1.000000000000000000e+04 2.339545011520385742e+00 8.908093441277742386e-04 2.044171810150146484e+00 8.086465597152709961e-01 2.339545011520385742e+00 8.908093441277742386e-04 2.044171810150146484e+00 8.086465597152709961e-01
1.100000000000000000e+04 4.235421121120452881e-01 4.585402086377143860e-02 2.625736236572265625e+00 3.293868303298950195e+00 4.235421121120452881e-01 4.585402086377143860e-02 2.625736236572265625e+00 3.293868303298950195e+00
1.200000000000000000e+04 9.849734604358673096e-02 8.169285953044891357e-03 4.422032237052917480e-01 1.046893477439880371e+00 9.849734604358673096e-02 8.169285953044891357e-03 4.422032237052917480e-01 1.046893477439880371e+00
1.300000000000000000e+04 1.465046167373657227e+00 2.312627388164401054e-03 1.618805050849914551e+00 6.020098924636840820e-01 1.465046167373657227e+00 2.312627388164401054e-03 1.618805050849914551e+00 6.020098924636840820e-01
1.400000000000000000e+04 2.707501649856567383e-01 1.308050286024808884e-02 1.482869029045104980e+00 8.301248550415039062e-01 2.707501649856567383e-01 1.308050286024808884e-02 1.482869029045104980e+00 8.301248550415039062e-01
1.500000000000000000e+04 1.968043565750122070e+00 9.813352487981319427e-03 1.794621944427490234e+00 1.211233139038085938e+00 1.968043565750122070e+00 9.813352487981319427e-03 1.794621944427490234e+00 1.211233139038085938e+00
1.600000000000000000e+04 4.925040006637573242e-01 1.246080454438924789e-02 1.072574377059936523e+00 8.827176094055175781e-01 4.925040006637573242e-01 1.246080454438924789e-02 1.072574377059936523e+00 8.827176094055175781e-01
1.700000000000000000e+04 2.491893768310546875e+00 1.237845793366432190e-01 1.662912368774414062e+00 1.886379480361938477e+00 2.491893768310546875e+00 1.237845793366432190e-01 1.662912368774414062e+00 1.886379480361938477e+00
1.800000000000000000e+04 3.396300598978996277e-02 4.026925889775156975e-04 2.042806595563888550e-01 6.636227369308471680e-01 3.396300598978996277e-02 4.026925889775156975e-04 2.042806595563888550e-01 6.636227369308471680e-01
1.900000000000000000e+04 2.094579935073852539e-01 2.677263133227825165e-02 3.503552436828613281e+00 9.443532228469848633e-01 2.094579935073852539e-01 2.677263133227825165e-02 3.503552436828613281e+00 9.443532228469848633e-01
2.000000000000000000e+04 8.159072697162628174e-02 4.375912249088287354e-04 3.311422765254974365e-01 4.665880799293518066e-01 8.159072697162628174e-02 4.375912249088287354e-04 3.311422765254974365e-01 4.665880799293518066e-01
