# step, loss_train, loss_test, metrics_test
0.000000000000000000e+00 4.239192903041839600e-01 3.220622634887695312e+01 2.964891113281250000e+03 8.507114410400390625e+01 4.239192903041839600e-01 3.220622634887695312e+01 2.964891113281250000e+03 8.507114410400390625e+01
1.000000000000000000e+03 3.397239148616790771e-01 4.115177536010742188e+01 1.487799406051635742e+00 8.278118896484375000e+01 3.397239148616790771e-01 4.115177536010742188e+01 1.487799406051635742e+00 8.278118896484375000e+01
2.000000000000000000e+03 3.857081830501556396e-01 3.426927566528320312e+01 1.278630852699279785e+00 7.970863342285156250e+01 3.857081830501556396e-01 3.426927566528320312e+01 1.278630852699279785e+00 7.970863342285156250e+01
3.000000000000000000e+03 3.600160777568817139e-01 2.879654312133789062e+01 1.248412013053894043e+00 7.851884460449218750e+01 3.600160777568817139e-01 2.879654312133789062e+01 1.248412013053894043e+00 7.851884460449218750e+01
4.000000000000000000e+03 2.798241674900054932e-01 2.300672149658203125e+01 1.251353502273559570e+00 7.815451812744140625e+01 2.798241674900054932e-01 2.300672149658203125e+01 1.251353502273559570e+00 7.815451812744140625e+01
5.000000000000000000e+03 5.379377007484436035e-01 1.562648677825927734e+01 1.614152312278747559e+00 7.816475677490234375e+01 5.379377007484436035e-01 1.562648677825927734e+01 1.614152312278747559e+00 7.816475677490234375e+01
6.000000000000000000e+03 2.921049892902374268e-01 9.434251785278320312e+00 1.508579969406127930e+00 7.854061126708984375e+01 2.921049892902374268e-01 9.434251785278320312e+00 1.508579969406127930e+00 7.854061126708984375e+01
7.000000000000000000e+03 2.467937320470809937e-01 6.766252994537353516e+00 1.028794884681701660e+00 7.865219116210937500e+01 2.467937320470809937e-01 6.766252994537353516e+00 1.028794884681701660e+00 7.865219116210937500e+01
8.000000000000000000e+03 2.016086578369140625e-01 5.184910774230957031e+00 6.198203563690185547e-01 7.859675598144531250e+01 2.016086578369140625e-01 5.184910774230957031e+00 6.198203563690185547e-01 7.859675598144531250e+01
9.000000000000000000e+03 1.690701246261596680e-01 3.658637762069702148e+00 3.585863411426544189e-01 7.848915100097656250e+01 1.690701246261596680e-01 3.658637762069702148e+00 3.585863411426544189e-01 7.848915100097656250e+01
1.000000000000000000e+04 1.729311496019363403e-01 2.513191938400268555e+00 1.923514455556869507e-01 7.836652374267578125e+01 1.729311496019363403e-01 2.513191938400268555e+00 1.923514455556869507e-01 7.836652374267578125e+01
1.100000000000000000e+04 1.594279110431671143e-01 2.093469619750976562e+00 1.228006854653358459e-01 7.819934844970703125e+01 1.594279110431671143e-01 2.093469619750976562e+00 1.228006854653358459e-01 7.819934844970703125e+01
1.200000000000000000e+04 1.396098732948303223e-01 1.944667577743530273e+00 1.005435511469841003e-01 7.797380828857421875e+01 1.396098732948303223e-01 1.944667577743530273e+00 1.005435511469841003e-01 7.797380828857421875e+01
1.300000000000000000e+04 1.104749068617820740e-01 1.914490342140197754e+00 1.023422852158546448e-01 7.766098022460937500e+01 1.104749068617820740e-01 1.914490342140197754e+00 1.023422852158546448e-01 7.766098022460937500e+01
1.400000000000000000e+04 1.103006377816200256e-01 1.922380089759826660e+00 1.061452999711036682e-01 7.725227355957031250e+01 1.103006377816200256e-01 1.922380089759826660e+00 1.061452999711036682e-01 7.725227355957031250e+01
1.500000000000000000e+04 1.443279534578323364e-01 1.922289848327636719e+00 1.202242150902748108e-01 7.657629394531250000e+01 1.443279534578323364e-01 1.922289848327636719e+00 1.202242150902748108e-01 7.657629394531250000e+01
1.600000000000000000e+04 2.531332671642303467e-01 1.903100490570068359e+00 1.401785761117935181e-01 7.506140136718750000e+01 2.531332671642303467e-01 1.903100490570068359e+00 1.401785761117935181e-01 7.506140136718750000e+01
1.700000000000000000e+04 6.471487283706665039e-01 1.862843990325927734e+00 1.934968680143356323e-01 7.169744873046875000e+01 6.471487283706665039e-01 1.862843990325927734e+00 1.934968680143356323e-01 7.169744873046875000e+01
1.800000000000000000e+04 6.648059368133544922e+00 2.015165805816650391e+00 2.980427742004394531e-01 6.740888977050781250e+01 6.648059368133544922e+00 2.015165805816650391e+00 2.980427742004394531e-01 6.740888977050781250e+01
1.900000000000000000e+04 1.763819575309753418e+00 2.288800477981567383e+00 7.908920645713806152e-01 6.303047943115234375e+01 1.763819575309753418e+00 2.288800477981567383e+00 7.908920645713806152e-01 6.303047943115234375e+01
2.000000000000000000e+04 2.035245895385742188e+00 2.797372579574584961e+00 1.488663554191589355e+00 5.740092086791992188e+01 2.035245895385742188e+00 2.797372579574584961e+00 1.488663554191589355e+00 5.740092086791992188e+01
