# step, loss_train, loss_test, metrics_test
0.000000000000000000e+00 1.637330000000000000e+05 2.458412628173828125e+02 3.652140234375000000e+04 5.820338745117187500e+02 1.637330000000000000e+05 2.458412628173828125e+02 3.652140234375000000e+04 5.820338745117187500e+02
1.000000000000000000e+03 2.864961853027343750e+02 3.292816543579101562e+01 6.929373931884765625e+01 4.042176513671875000e+02 2.864961853027343750e+02 3.292816543579101562e+01 6.929373931884765625e+01 4.042176513671875000e+02
2.000000000000000000e+03 1.139778671264648438e+02 3.109902954101562500e+01 1.212757110595703125e+01 3.951105957031250000e+02 1.139778671264648438e+02 3.109902954101562500e+01 1.212757110595703125e+01 3.951105957031250000e+02
3.000000000000000000e+03 6.189160919189453125e+01 2.244748878479003906e+01 4.504733085632324219e+00 3.785925598144531250e+02 6.189160919189453125e+01 2.244748878479003906e+01 4.504733085632324219e+00 3.785925598144531250e+02
4.000000000000000000e+03 4.423655319213867188e+01 1.581124687194824219e+01 2.100919961929321289e+00 3.624808959960937500e+02 4.423655319213867188e+01 1.581124687194824219e+01 2.100919961929321289e+00 3.624808959960937500e+02
5.000000000000000000e+03 3.193087577819824219e+01 1.375454425811767578e+01 1.328169465065002441e+00 3.434225463867187500e+02 3.193087577819824219e+01 1.375454425811767578e+01 1.328169465065002441e+00 3.434225463867187500e+02
6.000000000000000000e+03 2.315202331542968750e+01 1.410694789886474609e+01 8.414798974990844727e-01 3.173233337402343750e+02 2.315202331542968750e+01 1.410694789886474609e+01 8.414798974990844727e-01 3.173233337402343750e+02
7.000000000000000000e+03 3.011554527282714844e+01 1.545057773590087891e+01 2.460922956466674805e+00 2.665889282226562500e+02 3.011554527282714844e+01 1.545057773590087891e+01 2.460922956466674805e+00 2.665889282226562500e+02
8.000000000000000000e+03 3.841773223876953125e+01 1.188741207122802734e+01 2.092002630233764648e+00 2.105117797851562500e+02 3.841773223876953125e+01 1.188741207122802734e+01 2.092002630233764648e+00 2.105117797851562500e+02
9.000000000000000000e+03 4.638327026367187500e+01 1.059474754333496094e+01 5.375256061553955078e+00 1.541978149414062500e+02 4.638327026367187500e+01 1.059474754333496094e+01 5.375256061553955078e+00 1.541978149414062500e+02
1.000000000000000000e+04 5.084584808349609375e+01 7.904319286346435547e+00 9.471721649169921875e+00 1.077764053344726562e+02 5.084584808349609375e+01 7.904319286346435547e+00 9.471721649169921875e+00 1.077764053344726562e+02
1.100000000000000000e+04 5.139356613159179688e+01 4.975236892700195312e+00 2.227500438690185547e+00 7.499555206298828125e+01 5.139356613159179688e+01 4.975236892700195312e+00 2.227500438690185547e+00 7.499555206298828125e+01
1.200000000000000000e+04 4.929020309448242188e+01 2.826537609100341797e+00 8.039860129356384277e-01 5.190476226806640625e+01 4.929020309448242188e+01 2.826537609100341797e+00 8.039860129356384277e-01 5.190476226806640625e+01
1.300000000000000000e+04 4.865864562988281250e+01 2.010914802551269531e+00 4.134475708007812500e+00 3.822262954711914062e+01 4.865864562988281250e+01 2.010914802551269531e+00 4.134475708007812500e+00 3.822262954711914062e+01
1.400000000000000000e+04 3.968850708007812500e+01 1.010123968124389648e+00 2.041177749633789062e+00 2.834218978881835938e+01 3.968850708007812500e+01 1.010123968124389648e+00 2.041177749633789062e+00 2.834218978881835938e+01
1.500000000000000000e+04 3.655257415771484375e+01 9.436405301094055176e-01 1.060971164703369141e+01 2.188524246215820312e+01 3.655257415771484375e+01 9.436405301094055176e-01 1.060971164703369141e+01 2.188524246215820312e+01
1.600000000000000000e+04 2.988442802429199219e+01 7.263529300689697266e-01 3.368463754653930664e+00 1.767604827880859375e+01 2.988442802429199219e+01 7.263529300689697266e-01 3.368463754653930664e+00 1.767604827880859375e+01
1.700000000000000000e+04 3.060738372802734375e+01 8.206792473793029785e-01 3.587520599365234375e+01 1.531927108764648438e+01 3.060738372802734375e+01 8.206792473793029785e-01 3.587520599365234375e+01 1.531927108764648438e+01
1.800000000000000000e+04 2.234922790527343750e+01 3.776659369468688965e-01 1.518280625343322754e+00 1.165822982788085938e+01 2.234922790527343750e+01 3.776659369468688965e-01 1.518280625343322754e+00 1.165822982788085938e+01
1.900000000000000000e+04 2.200295257568359375e+01 3.968299925327301025e-01 7.321397066116333008e-01 9.606313705444335938e+00 2.200295257568359375e+01 3.968299925327301025e-01 7.321397066116333008e-01 9.606313705444335938e+00
2.000000000000000000e+04 1.928928375244140625e+01 3.293603658676147461e-01 1.238365650177001953e+00 8.792330741882324219e+00 1.928928375244140625e+01 3.293603658676147461e-01 1.238365650177001953e+00 8.792330741882324219e+00
