# step, loss_train, loss_test, metrics_test
0.000000000000000000e+00 1.755104858398437500e+03 5.510434722900390625e+01 4.832346496582031250e+02 4.323791198730468750e+02 1.755104858398437500e+03 5.510434722900390625e+01 4.832346496582031250e+02 4.323791198730468750e+02
1.000000000000000000e+03 3.439903736114501953e+00 1.159299087524414062e+01 1.508403301239013672e+01 3.153204650878906250e+02 3.439903736114501953e+00 1.159299087524414062e+01 1.508403301239013672e+01 3.153204650878906250e+02
2.000000000000000000e+03 5.181746006011962891e+00 7.661795616149902344e+00 5.386665344238281250e+00 2.409519500732421875e+02 5.181746006011962891e+00 7.661795616149902344e+00 5.386665344238281250e+00 2.409519500732421875e+02
3.000000000000000000e+03 7.888561248779296875e+00 6.161561965942382812e+00 2.432513952255249023e+00 2.056192169189453125e+02 7.888561248779296875e+00 6.161561965942382812e+00 2.432513952255249023e+00 2.056192169189453125e+02
4.000000000000000000e+03 9.400692939758300781e+00 3.116921901702880859e+00 3.271727800369262695e+00 1.866192169189453125e+02 9.400692939758300781e+00 3.116921901702880859e+00 3.271727800369262695e+00 1.866192169189453125e+02
5.000000000000000000e+03 9.447992324829101562e+00 3.357566118240356445e+00 1.438169598579406738e+00 1.698266296386718750e+02 9.447992324829101562e+00 3.357566118240356445e+00 1.438169598579406738e+00 1.698266296386718750e+02
6.000000000000000000e+03 9.649833679199218750e+00 2.885591745376586914e+00 1.113067030906677246e+00 1.552023925781250000e+02 9.649833679199218750e+00 2.885591745376586914e+00 1.113067030906677246e+00 1.552023925781250000e+02
7.000000000000000000e+03 8.584595680236816406e+00 2.098267793655395508e+00 3.718409299850463867e+00 1.417832794189453125e+02 8.584595680236816406e+00 2.098267793655395508e+00 3.718409299850463867e+00 1.417832794189453125e+02
8.000000000000000000e+03 8.696433067321777344e+00 1.436029553413391113e+00 1.101063370704650879e+00 1.336111602783203125e+02 8.696433067321777344e+00 1.436029553413391113e+00 1.101063370704650879e+00 1.336111602783203125e+02
9.000000000000000000e+03 8.872326850891113281e+00 2.680777788162231445e+00 4.537983894348144531e+00 1.323399047851562500e+02 8.872326850891113281e+00 2.680777788162231445e+00 4.537983894348144531e+00 1.323399047851562500e+02
1.000000000000000000e+04 8.660733222961425781e+00 1.157508492469787598e+00 1.018539428710937500e+00 1.227064285278320312e+02 8.660733222961425781e+00 1.157508492469787598e+00 1.018539428710937500e+00 1.227064285278320312e+02
1.100000000000000000e+04 8.667703628540039062e+00 1.052341222763061523e+00 1.061440944671630859e+00 1.179415969848632812e+02 8.667703628540039062e+00 1.052341222763061523e+00 1.061440944671630859e+00 1.179415969848632812e+02
1.200000000000000000e+04 8.717083930969238281e+00 9.785732626914978027e-01 8.153142333030700684e-01 1.138843688964843750e+02 8.717083930969238281e+00 9.785732626914978027e-01 8.153142333030700684e-01 1.138843688964843750e+02
1.300000000000000000e+04 8.732718467712402344e+00 8.390544652938842773e-01 8.515680432319641113e-01 1.104222717285156250e+02 8.732718467712402344e+00 8.390544652938842773e-01 8.515680432319641113e-01 1.104222717285156250e+02
1.400000000000000000e+04 8.602860450744628906e+00 7.341367602348327637e-01 8.095268011093139648e-01 1.072993698120117188e+02 8.602860450744628906e+00 7.341367602348327637e-01 8.095268011093139648e-01 1.072993698120117188e+02
1.500000000000000000e+04 8.260213851928710938e+00 8.605186939239501953e-01 4.921105802059173584e-01 1.057785034179687500e+02 8.260213851928710938e+00 8.605186939239501953e-01 4.921105802059173584e-01 1.057785034179687500e+02
1.600000000000000000e+04 8.322753906250000000e+00 5.178506374359130859e-01 9.815624356269836426e-01 1.026817016601562500e+02 8.322753906250000000e+00 5.178506374359130859e-01 9.815624356269836426e-01 1.026817016601562500e+02
1.700000000000000000e+04 8.377840042114257812e+00 6.557621359825134277e-01 6.254767775535583496e-01 9.960268402099609375e+01 8.377840042114257812e+00 6.557621359825134277e-01 6.254767775535583496e-01 9.960268402099609375e+01
1.800000000000000000e+04 2.287552070617675781e+01 1.342992067337036133e+00 1.582061004638671875e+01 9.534056091308593750e+01 2.287552070617675781e+01 1.342992067337036133e+00 1.582061004638671875e+01 9.534056091308593750e+01
1.900000000000000000e+04 9.560362815856933594e+00 4.504972100257873535e-01 2.364159107208251953e+00 9.523679351806640625e+01 9.560362815856933594e+00 4.504972100257873535e-01 2.364159107208251953e+00 9.523679351806640625e+01
2.000000000000000000e+04 8.266405105590820312e+00 5.236516594886779785e-01 5.619345903396606445e-01 9.216719055175781250e+01 8.266405105590820312e+00 5.236516594886779785e-01 5.619345903396606445e-01 9.216719055175781250e+01
