# step, loss_train, loss_test, metrics_test
0.000000000000000000e+00 1.466292375000000000e+06 7.617411804199218750e+01 8.643724609375000000e+03 4.518212280273437500e+02 1.466292375000000000e+06 7.617411804199218750e+01 8.643724609375000000e+03 4.518212280273437500e+02
1.000000000000000000e+03 1.743649780273437500e+03 6.147063732147216797e+00 2.138611755371093750e+02 3.578962402343750000e+02 1.743649780273437500e+03 6.147063732147216797e+00 2.138611755371093750e+02 3.578962402343750000e+02
2.000000000000000000e+03 6.997380981445312500e+02 5.399665832519531250e+00 1.154193801879882812e+02 3.608274841308593750e+02 6.997380981445312500e+02 5.399665832519531250e+00 1.154193801879882812e+02 3.608274841308593750e+02
3.000000000000000000e+03 3.454461364746093750e+02 4.902955532073974609e+00 4.754338455200195312e+01 3.620021972656250000e+02 3.454461364746093750e+02 4.902955532073974609e+00 4.754338455200195312e+01 3.620021972656250000e+02
4.000000000000000000e+03 1.825609893798828125e+02 4.810165882110595703e+00 1.704460906982421875e+01 3.607285766601562500e+02 1.825609893798828125e+02 4.810165882110595703e+00 1.704460906982421875e+01 3.607285766601562500e+02
5.000000000000000000e+03 1.021339797973632812e+02 5.107874393463134766e+00 7.095046520233154297e+00 3.541576538085937500e+02 1.021339797973632812e+02 5.107874393463134766e+00 7.095046520233154297e+00 3.541576538085937500e+02
6.000000000000000000e+03 6.140773773193359375e+01 5.986783981323242188e+00 3.943751811981201172e+00 3.437217712402343750e+02 6.140773773193359375e+01 5.986783981323242188e+00 3.943751811981201172e+00 3.437217712402343750e+02
7.000000000000000000e+03 3.859809112548828125e+01 7.631226539611816406e+00 2.793837308883666992e+00 3.325071716308593750e+02 3.859809112548828125e+01 7.631226539611816406e+00 2.793837308883666992e+00 3.325071716308593750e+02
8.000000000000000000e+03 2.455621910095214844e+01 9.773736953735351562e+00 2.297219038009643555e+00 3.227525329589843750e+02 2.455621910095214844e+01 9.773736953735351562e+00 2.297219038009643555e+00 3.227525329589843750e+02
9.000000000000000000e+03 1.651291084289550781e+01 1.159417057037353516e+01 2.149081707000732422e+00 3.157921447753906250e+02 1.651291084289550781e+01 1.159417057037353516e+01 2.149081707000732422e+00 3.157921447753906250e+02
1.000000000000000000e+04 1.234393978118896484e+01 1.267275810241699219e+01 2.173308372497558594e+00 3.113383178710937500e+02 1.234393978118896484e+01 1.267275810241699219e+01 2.173308372497558594e+00 3.113383178710937500e+02
1.100000000000000000e+04 9.784619331359863281e+00 1.333390045166015625e+01 2.211715698242187500e+00 3.078230590820312500e+02 9.784619331359863281e+00 1.333390045166015625e+01 2.211715698242187500e+00 3.078230590820312500e+02
1.200000000000000000e+04 8.081868171691894531e+00 1.377153205871582031e+01 2.280505180358886719e+00 3.047244567871093750e+02 8.081868171691894531e+00 1.377153205871582031e+01 2.280505180358886719e+00 3.047244567871093750e+02
1.300000000000000000e+04 6.907570362091064453e+00 1.411617374420166016e+01 2.339484691619873047e+00 3.018333435058593750e+02 6.907570362091064453e+00 1.411617374420166016e+01 2.339484691619873047e+00 3.018333435058593750e+02
1.400000000000000000e+04 6.074405193328857422e+00 1.441335678100585938e+01 2.396984815597534180e+00 2.991214599609375000e+02 6.074405193328857422e+00 1.441335678100585938e+01 2.396984815597534180e+00 2.991214599609375000e+02
1.500000000000000000e+04 5.470842838287353516e+00 1.469472217559814453e+01 2.436234712600708008e+00 2.965960693359375000e+02 5.470842838287353516e+00 1.469472217559814453e+01 2.436234712600708008e+00 2.965960693359375000e+02
1.600000000000000000e+04 5.012295246124267578e+00 1.497521114349365234e+01 2.460640907287597656e+00 2.942405395507812500e+02 5.012295246124267578e+00 1.497521114349365234e+01 2.460640907287597656e+00 2.942405395507812500e+02
1.700000000000000000e+04 4.794852733612060547e+00 1.522875881195068359e+01 2.531046628952026367e+00 2.920200195312500000e+02 4.794852733612060547e+00 1.522875881195068359e+01 2.531046628952026367e+00 2.920200195312500000e+02
1.800000000000000000e+04 4.379054546356201172e+00 1.551728057861328125e+01 2.475741386413574219e+00 2.899337463378906250e+02 4.379054546356201172e+00 1.551728057861328125e+01 2.475741386413574219e+00 2.899337463378906250e+02
1.900000000000000000e+04 1.375714111328125000e+01 1.566017723083496094e+01 2.945680141448974609e+00 2.878941345214843750e+02 1.375714111328125000e+01 1.566017723083496094e+01 2.945680141448974609e+00 2.878941345214843750e+02
2.000000000000000000e+04 4.007466316223144531e+00 1.607216453552246094e+01 2.453843832015991211e+00 2.859778137207031250e+02 4.007466316223144531e+00 1.607216453552246094e+01 2.453843832015991211e+00 2.859778137207031250e+02
