# step, loss_train, loss_test, metrics_test
0.000000000000000000e+00 9.984632492065429688e+00 2.065749359130859375e+01 5.270401367187500000e+03 3.657148132324218750e+02 9.984632492065429688e+00 2.065749359130859375e+01 5.270401367187500000e+03 3.657148132324218750e+02
1.000000000000000000e+03 2.659595898437500000e+04 4.728926849365234375e+01 4.700933593750000000e+03 4.272865905761718750e+02 2.659595898437500000e+04 4.728926849365234375e+01 4.700933593750000000e+03 4.272865905761718750e+02
2.000000000000000000e+03 6.544174804687500000e+03 3.405076980590820312e+01 2.484978759765625000e+03 3.740000305175781250e+02 6.544174804687500000e+03 3.405076980590820312e+01 2.484978759765625000e+03 3.740000305175781250e+02
3.000000000000000000e+03 2.105238525390625000e+03 2.620656204223632812e+01 1.413363769531250000e+03 3.602840576171875000e+02 2.105238525390625000e+03 2.620656204223632812e+01 1.413363769531250000e+03 3.602840576171875000e+02
4.000000000000000000e+03 8.591386718750000000e+02 2.241540336608886719e+01 1.199620605468750000e+03 3.588891906738281250e+02 8.591386718750000000e+02 2.241540336608886719e+01 1.199620605468750000e+03 3.588891906738281250e+02
5.000000000000000000e+03 2.577224121093750000e+02 2.002069473266601562e+01 1.109051879882812500e+03 3.592857360839843750e+02 2.577224121093750000e+02 2.002069473266601562e+01 1.109051879882812500e+03 3.592857360839843750e+02
6.000000000000000000e+03 1.159538183593750000e+04 3.258313598632812500e+02 3.197684960937500000e+04 8.076386718750000000e+02 1.159538183593750000e+04 3.258313598632812500e+02 3.197684960937500000e+04 8.076386718750000000e+02
7.000000000000000000e+03 1.187670361374720000e+14 5.730393784320000000e+11 5.338390593536000000e+13 6.820809932800000000e+11 1.187670361374720000e+14 5.730393784320000000e+11 5.338390593536000000e+13 6.820809932800000000e+11
8.000000000000000000e+03 4.161389199360000000e+13 2.580152156160000000e+11 1.422726581452800000e+13 2.333715333120000000e+11 4.161389199360000000e+13 2.580152156160000000e+11 1.422726581452800000e+13 2.333715333120000000e+11
9.000000000000000000e+03 1.674759058227200000e+13 1.036659998720000000e+11 5.543617363968000000e+12 9.439506432000000000e+10 1.674759058227200000e+13 1.036659998720000000e+11 5.543617363968000000e+12 9.439506432000000000e+10
1.000000000000000000e+04 7.210004381696000000e+12 4.169200435200000000e+10 2.401922187264000000e+12 3.976956313600000000e+10 7.210004381696000000e+12 4.169200435200000000e+10 2.401922187264000000e+12 3.976956313600000000e+10
1.100000000000000000e+04 7.677979131904000000e+12 1.888882688000000000e+10 6.424869601280000000e+11 1.685847244800000000e+10 7.677979131904000000e+12 1.888882688000000000e+10 6.424869601280000000e+11 1.685847244800000000e+10
1.200000000000000000e+04 1.521322295296000000e+12 4.976452096000000000e+09 1.441848885248000000e+12 1.151231897600000000e+10 1.521322295296000000e+12 4.976452096000000000e+09 1.441848885248000000e+12 1.151231897600000000e+10
1.300000000000000000e+04 5.413798215680000000e+11 6.988141440000000000e+08 1.596984033280000000e+11 1.591743744000000000e+09 5.413798215680000000e+11 6.988141440000000000e+08 1.596984033280000000e+11 1.591743744000000000e+09
1.400000000000000000e+04 2.630893568000000000e+11 5.573486720000000000e+08 3.564630835200000000e+10 8.658378240000000000e+08 2.630893568000000000e+11 5.573486720000000000e+08 3.564630835200000000e+10 8.658378240000000000e+08
1.500000000000000000e+04 1.375711232000000000e+11 4.828640000000000000e+08 2.179183616000000000e+10 6.711102080000000000e+08 1.375711232000000000e+11 4.828640000000000000e+08 2.179183616000000000e+10 6.711102080000000000e+08
1.600000000000000000e+04 7.450438041600000000e+10 3.260668480000000000e+08 1.466956390400000000e+10 4.345936000000000000e+08 7.450438041600000000e+10 3.260668480000000000e+08 1.466956390400000000e+10 4.345936000000000000e+08
1.700000000000000000e+04 3.605035008000000000e+10 1.812522080000000000e+08 8.516637184000000000e+09 2.338093120000000000e+08 3.605035008000000000e+10 1.812522080000000000e+08 8.516637184000000000e+09 2.338093120000000000e+08
1.800000000000000000e+04 1.716440473600000000e+10 9.077164800000000000e+07 4.377907200000000000e+09 1.139039280000000000e+08 1.716440473600000000e+10 9.077164800000000000e+07 4.377907200000000000e+09 1.139039280000000000e+08
1.900000000000000000e+04 1.850150144000000000e+09 2.051610000000000000e+07 1.370356992000000000e+09 3.189571600000000000e+07 1.850150144000000000e+09 2.051610000000000000e+07 1.370356992000000000e+09 3.189571600000000000e+07
2.000000000000000000e+04 1.607639531520000000e+11 3.122536192000000000e+09 4.405510799360000000e+11 6.433059840000000000e+09 1.607639531520000000e+11 3.122536192000000000e+09 4.405510799360000000e+11 6.433059840000000000e+09
