# step, loss_train, loss_test, metrics_test
0.000000000000000000e+00 7.947669500000000000e+06 9.716199340820312500e+02 1.084958046875000000e+05 8.489583129882812500e+02 7.947669500000000000e+06 9.716199340820312500e+02 1.084958046875000000e+05 8.489583129882812500e+02
1.000000000000000000e+03 2.824263305664062500e+02 1.408205604553222656e+01 2.630537109375000000e+02 2.207209625244140625e+02 2.824263305664062500e+02 1.408205604553222656e+01 2.630537109375000000e+02 2.207209625244140625e+02
2.000000000000000000e+03 1.052508697509765625e+02 1.220017242431640625e+01 1.490789031982421875e+02 2.145414733886718750e+02 1.052508697509765625e+02 1.220017242431640625e+01 1.490789031982421875e+02 2.145414733886718750e+02
3.000000000000000000e+03 5.986796569824218750e+01 1.132523727416992188e+01 6.945250701904296875e+01 2.100987701416015625e+02 5.986796569824218750e+01 1.132523727416992188e+01 6.945250701904296875e+01 2.100987701416015625e+02
4.000000000000000000e+03 3.612905120849609375e+01 1.085831642150878906e+01 2.341275215148925781e+01 2.053193054199218750e+02 3.612905120849609375e+01 1.085831642150878906e+01 2.341275215148925781e+01 2.053193054199218750e+02
5.000000000000000000e+03 2.105615997314453125e+01 1.095297050476074219e+01 8.115999221801757812e+00 2.002791595458984375e+02 2.105615997314453125e+01 1.095297050476074219e+01 8.115999221801757812e+00 2.002791595458984375e+02
6.000000000000000000e+03 4.600216674804687500e+02 1.169894409179687500e+01 7.017670631408691406e+00 1.973574066162109375e+02 4.600216674804687500e+02 1.169894409179687500e+01 7.017670631408691406e+00 1.973574066162109375e+02
7.000000000000000000e+03 8.600608825683593750e+00 1.089057922363281250e+01 2.307139396667480469e+00 1.960064697265625000e+02 8.600608825683593750e+00 1.089057922363281250e+01 2.307139396667480469e+00 1.960064697265625000e+02
8.000000000000000000e+03 6.171032905578613281e+00 1.035695552825927734e+01 1.447220683097839355e+00 1.946577758789062500e+02 6.171032905578613281e+00 1.035695552825927734e+01 1.447220683097839355e+00 1.946577758789062500e+02
9.000000000000000000e+03 4.603676319122314453e+00 9.760962486267089844e+00 9.030093550682067871e-01 1.930198059082031250e+02 4.603676319122314453e+00 9.760962486267089844e+00 9.030093550682067871e-01 1.930198059082031250e+02
1.000000000000000000e+04 4.016592025756835938e+00 8.616090774536132812e+00 9.433453679084777832e-01 1.917551269531250000e+02 4.016592025756835938e+00 8.616090774536132812e+00 9.433453679084777832e-01 1.917551269531250000e+02
1.100000000000000000e+04 3.232195138931274414e+00 8.086396217346191406e+00 5.140435099601745605e-01 1.879515991210937500e+02 3.232195138931274414e+00 8.086396217346191406e+00 5.140435099601745605e-01 1.879515991210937500e+02
1.200000000000000000e+04 3.559370040893554688e+00 7.572028160095214844e+00 4.778363704681396484e-01 1.799549713134765625e+02 3.559370040893554688e+00 7.572028160095214844e+00 4.778363704681396484e-01 1.799549713134765625e+02
1.300000000000000000e+04 3.392875671386718750e+00 7.183342456817626953e+00 3.409225046634674072e-01 1.669662933349609375e+02 3.392875671386718750e+00 7.183342456817626953e+00 3.409225046634674072e-01 1.669662933349609375e+02
1.400000000000000000e+04 5.550887584686279297e+00 6.324070453643798828e+00 2.788288891315460205e-01 1.496528472900390625e+02 5.550887584686279297e+00 6.324070453643798828e+00 2.788288891315460205e-01 1.496528472900390625e+02
1.500000000000000000e+04 1.035027313232421875e+01 4.796547412872314453e+00 6.340993642807006836e-01 1.380000915527343750e+02 1.035027313232421875e+01 4.796547412872314453e+00 6.340993642807006836e-01 1.380000915527343750e+02
1.600000000000000000e+04 5.851644134521484375e+01 5.033116340637207031e+00 2.922029256820678711e+00 1.196776962280273438e+02 5.851644134521484375e+01 5.033116340637207031e+00 2.922029256820678711e+00 1.196776962280273438e+02
1.700000000000000000e+04 5.754595279693603516e+00 4.824990272521972656e+00 3.885369300842285156e-01 9.103532409667968750e+01 5.754595279693603516e+00 4.824990272521972656e+00 3.885369300842285156e-01 9.103532409667968750e+01
1.800000000000000000e+04 5.790317058563232422e+00 4.400797843933105469e+00 1.528197228908538818e-01 7.150971221923828125e+01 5.790317058563232422e+00 4.400797843933105469e+00 1.528197228908538818e-01 7.150971221923828125e+01
1.900000000000000000e+04 5.523684978485107422e+00 3.821229696273803711e+00 7.802760601043701172e-02 5.306159591674804688e+01 5.523684978485107422e+00 3.821229696273803711e+00 7.802760601043701172e-02 5.306159591674804688e+01
2.000000000000000000e+04 1.225823593139648438e+01 2.524781942367553711e+00 6.634473204612731934e-01 5.832460021972656250e+01 1.225823593139648438e+01 2.524781942367553711e+00 6.634473204612731934e-01 5.832460021972656250e+01
