# step, loss_train, loss_test, metrics_test
0.000000000000000000e+00 8.392194213867187500e+02 3.865826034545898438e+01 1.380142382812500000e+04 1.796406707763671875e+02 8.392194213867187500e+02 3.865826034545898438e+01 1.380142382812500000e+04 1.796406707763671875e+02
1.000000000000000000e+03 5.583792628272021830e-08 1.512674713134765625e+01 2.937855957031250000e+03 1.654186859130859375e+02 5.583792628272021830e-08 1.512674713134765625e+01 2.937855957031250000e+03 1.654186859130859375e+02
2.000000000000000000e+03 1.344801319191901712e-07 1.512616539001464844e+01 2.937856933593750000e+03 1.654183959960937500e+02 1.344801319191901712e-07 1.512616539001464844e+01 2.937856933593750000e+03 1.654183959960937500e+02
3.000000000000000000e+03 3.326726949470781847e-10 1.512498950958251953e+01 2.937858398437500000e+03 1.654178924560546875e+02 3.326726949470781847e-10 1.512498950958251953e+01 2.937858398437500000e+03 1.654178924560546875e+02
4.000000000000000000e+03 2.856543127038868590e-11 1.512498092651367188e+01 2.937858398437500000e+03 1.654178619384765625e+02 2.856543127038868590e-11 1.512498092651367188e+01 2.937858398437500000e+03 1.654178619384765625e+02
5.000000000000000000e+03 4.549859447533499690e-11 1.512506389617919922e+01 2.937858398437500000e+03 1.654179229736328125e+02 4.549859447533499690e-11 1.512506389617919922e+01 2.937858398437500000e+03 1.654179229736328125e+02
6.000000000000000000e+03 4.220711974367574726e-11 1.591401576995849609e+01 2.940681640625000000e+03 1.657806701660156250e+02 4.220711974367574726e-11 1.591401576995849609e+01 2.940681640625000000e+03 1.657806701660156250e+02
7.000000000000000000e+03 1.827022040601367081e-11 1.514472293853759766e+01 2.937832031250000000e+03 1.654269409179687500e+02 1.827022040601367081e-11 1.514472293853759766e+01 2.937832031250000000e+03 1.654269409179687500e+02
8.000000000000000000e+03 7.817908646845506127e-12 1.512535285949707031e+01 2.937857666015625000e+03 1.654180450439453125e+02 7.817908646845506127e-12 1.512535285949707031e+01 2.937857666015625000e+03 1.654180450439453125e+02
9.000000000000000000e+03 3.178693853272962500e-12 1.512503147125244141e+01 2.937858398437500000e+03 1.654178924560546875e+02 3.178693853272962500e-12 1.512503147125244141e+01 2.937858398437500000e+03 1.654178924560546875e+02
1.000000000000000000e+04 1.073898457139288443e-12 1.566282367706298828e+01 2.938962890625000000e+03 1.656650238037109375e+02 1.073898457139288443e-12 1.566282367706298828e+01 2.938962890625000000e+03 1.656650238037109375e+02
1.100000000000000000e+04 4.230348710221321085e-13 1.419933891296386719e+01 2.945717285156250000e+03 1.649941864013671875e+02 4.230348710221321085e-13 1.419933891296386719e+01 2.945717285156250000e+03 1.649941864013671875e+02
1.200000000000000000e+04 2.501188004540993992e-13 1.699730682373046875e+01 2.955571044921875000e+03 1.662806549072265625e+02 2.501188004540993992e-13 1.699730682373046875e+01 2.955571044921875000e+03 1.662806549072265625e+02
1.300000000000000000e+04 2.800901329445826260e-13 1.523721981048583984e+01 2.937780273437500000e+03 1.654693908691406250e+02 2.800901329445826260e-13 1.523721981048583984e+01 2.937780273437500000e+03 1.654693908691406250e+02
1.400000000000000000e+04 3.032689930345527918e-13 1.489842414855957031e+01 2.938550292968750000e+03 1.653139648437500000e+02 3.032689930345527918e-13 1.489842414855957031e+01 2.938550292968750000e+03 1.653139648437500000e+02
1.500000000000000000e+04 1.131044856297197532e-13 1.511828804016113281e+01 2.937868652343750000e+03 1.654147949218750000e+02 1.131044856297197532e-13 1.511828804016113281e+01 2.937868652343750000e+03 1.654147949218750000e+02
1.600000000000000000e+04 5.227332713279679577e-14 1.512797641754150391e+01 2.937854003906250000e+03 1.654192504882812500e+02 5.227332713279679577e-14 1.512797641754150391e+01 2.937854003906250000e+03 1.654192504882812500e+02
1.700000000000000000e+04 2.080316984214708453e-14 1.512676143646240234e+01 2.937855957031250000e+03 1.654186859130859375e+02 2.080316984214708453e-14 1.512676143646240234e+01 2.937855957031250000e+03 1.654186859130859375e+02
1.800000000000000000e+04 7.541429096870680415e-15 1.506486988067626953e+01 2.937971191406250000e+03 1.653902893066406250e+02 7.541429096870680415e-15 1.506486988067626953e+01 2.937971191406250000e+03 1.653902893066406250e+02
1.900000000000000000e+04 3.163128074490937150e-15 1.501404571533203125e+01 2.938105712890625000e+03 1.653669738769531250e+02 3.163128074490937150e-15 1.501404571533203125e+01 2.938105712890625000e+03 1.653669738769531250e+02
2.000000000000000000e+04 1.724962268292648537e-15 1.561863899230957031e+01 2.938736328125000000e+03 1.656446990966796875e+02 1.724962268292648537e-15 1.561863899230957031e+01 2.938736328125000000e+03 1.656446990966796875e+02
