# step, loss_train, loss_test, metrics_test
0.000000000000000000e+00 7.344807812500000000e+04 1.122537460327148438e+02 3.878698486328125000e+03 3.313158569335937500e+02 7.344807812500000000e+04 1.122537460327148438e+02 3.878698486328125000e+03 3.313158569335937500e+02
1.000000000000000000e+03 2.551681900024414062e+01 3.110182380676269531e+01 5.213241195678710938e+01 3.053863830566406250e+02 2.551681900024414062e+01 3.110182380676269531e+01 5.213241195678710938e+01 3.053863830566406250e+02
2.000000000000000000e+03 5.813418865203857422e+00 4.106683731079101562e+01 8.356175422668457031e+00 2.893248596191406250e+02 5.813418865203857422e+00 4.106683731079101562e+01 8.356175422668457031e+00 2.893248596191406250e+02
3.000000000000000000e+03 4.913362979888916016e+00 3.502421188354492188e+01 5.347475051879882812e+00 2.811325988769531250e+02 4.913362979888916016e+00 3.502421188354492188e+01 5.347475051879882812e+00 2.811325988769531250e+02
4.000000000000000000e+03 3.585224151611328125e+00 2.591882324218750000e+01 4.033951759338378906e+00 2.745771484375000000e+02 3.585224151611328125e+00 2.591882324218750000e+01 4.033951759338378906e+00 2.745771484375000000e+02
5.000000000000000000e+03 3.132824420928955078e+00 1.862712478637695312e+01 3.190250873565673828e+00 2.696909484863281250e+02 3.132824420928955078e+00 1.862712478637695312e+01 3.190250873565673828e+00 2.696909484863281250e+02
6.000000000000000000e+03 2.992880821228027344e+00 1.367552185058593750e+01 2.581036806106567383e+00 2.643508300781250000e+02 2.992880821228027344e+00 1.367552185058593750e+01 2.581036806106567383e+00 2.643508300781250000e+02
7.000000000000000000e+03 2.646681547164916992e+00 1.206519985198974609e+01 2.049829483032226562e+00 2.551736450195312500e+02 2.646681547164916992e+00 1.206519985198974609e+01 2.049829483032226562e+00 2.551736450195312500e+02
8.000000000000000000e+03 3.179297447204589844e+00 1.226640510559082031e+01 1.967617750167846680e+00 2.402179718017578125e+02 3.179297447204589844e+00 1.226640510559082031e+01 1.967617750167846680e+00 2.402179718017578125e+02
9.000000000000000000e+03 7.085558891296386719e+00 1.252705001831054688e+01 2.206646442413330078e+00 2.002344360351562500e+02 7.085558891296386719e+00 1.252705001831054688e+01 2.206646442413330078e+00 2.002344360351562500e+02
1.000000000000000000e+04 7.600202941894531250e+01 9.802255630493164062e+00 2.449204206466674805e+00 1.134623565673828125e+02 7.600202941894531250e+01 9.802255630493164062e+00 2.449204206466674805e+00 1.134623565673828125e+02
1.100000000000000000e+04 2.536422920227050781e+01 9.579504966735839844e+00 2.015128612518310547e+00 3.824846267700195312e+01 2.536422920227050781e+01 9.579504966735839844e+00 2.015128612518310547e+00 3.824846267700195312e+01
1.200000000000000000e+04 9.416220664978027344e+00 7.157800197601318359e+00 1.833220839500427246e+00 1.486344242095947266e+01 9.416220664978027344e+00 7.157800197601318359e+00 1.833220839500427246e+00 1.486344242095947266e+01
1.300000000000000000e+04 6.925017833709716797e+00 5.250424861907958984e+00 1.506301879882812500e+00 8.105502128601074219e+00 6.925017833709716797e+00 5.250424861907958984e+00 1.506301879882812500e+00 8.105502128601074219e+00
1.400000000000000000e+04 2.921408081054687500e+01 3.996419191360473633e+00 1.673912167549133301e+00 5.583543300628662109e+00 2.921408081054687500e+01 3.996419191360473633e+00 1.673912167549133301e+00 5.583543300628662109e+00
1.500000000000000000e+04 4.259608268737792969e+00 3.124989748001098633e+00 1.010268926620483398e+00 4.681141853332519531e+00 4.259608268737792969e+00 3.124989748001098633e+00 1.010268926620483398e+00 4.681141853332519531e+00
1.600000000000000000e+04 2.537940979003906250e+01 2.547909975051879883e+00 1.108965516090393066e+00 4.344908237457275391e+00 2.537940979003906250e+01 2.547909975051879883e+00 1.108965516090393066e+00 4.344908237457275391e+00
1.700000000000000000e+04 3.012254714965820312e+00 2.291058540344238281e+00 7.277632951736450195e-01 3.900698423385620117e+00 3.012254714965820312e+00 2.291058540344238281e+00 7.277632951736450195e-01 3.900698423385620117e+00
1.800000000000000000e+04 4.785579204559326172e+00 2.079063177108764648e+00 6.854229569435119629e-01 3.673985004425048828e+00 4.785579204559326172e+00 2.079063177108764648e+00 6.854229569435119629e-01 3.673985004425048828e+00
1.900000000000000000e+04 6.686225414276123047e+00 1.918447136878967285e+00 6.023012995719909668e-01 3.357347488403320312e+00 6.686225414276123047e+00 1.918447136878967285e+00 6.023012995719909668e-01 3.357347488403320312e+00
2.000000000000000000e+04 2.144070148468017578e+00 1.815310597419738770e+00 5.151777863502502441e-01 3.413973331451416016e+00 2.144070148468017578e+00 1.815310597419738770e+00 5.151777863502502441e-01 3.413973331451416016e+00
