# step, loss_train, loss_test, metrics_test
0.000000000000000000e+00 0.000000000000000000e+00 1.111356430053710938e+02 1.747641845703125000e+03 4.674176635742187500e+02 0.000000000000000000e+00 1.111356430053710938e+02 1.747641845703125000e+03 4.674176635742187500e+02
1.000000000000000000e+03 0.000000000000000000e+00 2.421925354003906250e+01 5.202118530273437500e+02 4.292144165039062500e+02 0.000000000000000000e+00 2.421925354003906250e+01 5.202118530273437500e+02 4.292144165039062500e+02
2.000000000000000000e+03 0.000000000000000000e+00 2.389747428894042969e+01 5.207017211914062500e+02 4.289873352050781250e+02 0.000000000000000000e+00 2.389747428894042969e+01 5.207017211914062500e+02 4.289873352050781250e+02
3.000000000000000000e+03 0.000000000000000000e+00 2.389788818359375000e+01 5.207010498046875000e+02 4.289877624511718750e+02 0.000000000000000000e+00 2.389788818359375000e+01 5.207010498046875000e+02 4.289877624511718750e+02
4.000000000000000000e+03 0.000000000000000000e+00 2.389692878723144531e+01 5.207026977539062500e+02 4.289869079589843750e+02 0.000000000000000000e+00 2.389692878723144531e+01 5.207026977539062500e+02 4.289869079589843750e+02
5.000000000000000000e+03 0.000000000000000000e+00 2.389781379699707031e+01 5.207012329101562500e+02 4.289875488281250000e+02 0.000000000000000000e+00 2.389781379699707031e+01 5.207012329101562500e+02 4.289875488281250000e+02
6.000000000000000000e+03 0.000000000000000000e+00 2.389801979064941406e+01 5.207008056640625000e+02 4.289877014160156250e+02 0.000000000000000000e+00 2.389801979064941406e+01 5.207008056640625000e+02 4.289877014160156250e+02
7.000000000000000000e+03 0.000000000000000000e+00 2.389739418029785156e+01 5.207019653320312500e+02 4.289872131347656250e+02 0.000000000000000000e+00 2.389739418029785156e+01 5.207019653320312500e+02 4.289872131347656250e+02
8.000000000000000000e+03 0.000000000000000000e+00 2.389620590209960938e+01 5.207039184570312500e+02 4.289864196777343750e+02 0.000000000000000000e+00 2.389620590209960938e+01 5.207039184570312500e+02 4.289864196777343750e+02
9.000000000000000000e+03 0.000000000000000000e+00 2.410542869567871094e+01 5.203718261718750000e+02 4.291340026855468750e+02 0.000000000000000000e+00 2.410542869567871094e+01 5.203718261718750000e+02 4.291340026855468750e+02
1.000000000000000000e+04 0.000000000000000000e+00 2.900226783752441406e+01 5.232802124023437500e+02 4.326155395507812500e+02 0.000000000000000000e+00 2.900226783752441406e+01 5.232802124023437500e+02 4.326155395507812500e+02
1.100000000000000000e+04 0.000000000000000000e+00 2.413000297546386719e+01 5.203361206054687500e+02 4.291513061523437500e+02 0.000000000000000000e+00 2.413000297546386719e+01 5.203361206054687500e+02 4.291513061523437500e+02
1.200000000000000000e+04 0.000000000000000000e+00 2.391147422790527344e+01 5.206780395507812500e+02 4.289971923828125000e+02 0.000000000000000000e+00 2.391147422790527344e+01 5.206780395507812500e+02 4.289971923828125000e+02
1.300000000000000000e+04 0.000000000000000000e+00 2.391888999938964844e+01 5.206655273437500000e+02 4.290023498535156250e+02 0.000000000000000000e+00 2.391888999938964844e+01 5.206655273437500000e+02 4.290023498535156250e+02
1.400000000000000000e+04 0.000000000000000000e+00 2.391008377075195312e+01 5.206803588867187500e+02 4.289961853027343750e+02 0.000000000000000000e+00 2.391008377075195312e+01 5.206803588867187500e+02 4.289961853027343750e+02
1.500000000000000000e+04 0.000000000000000000e+00 2.389245796203613281e+01 5.207103271484375000e+02 4.289837341308593750e+02 0.000000000000000000e+00 2.389245796203613281e+01 5.207103271484375000e+02 4.289837341308593750e+02
1.600000000000000000e+04 0.000000000000000000e+00 2.389774322509765625e+01 5.207013549804687500e+02 4.289874572753906250e+02 0.000000000000000000e+00 2.389774322509765625e+01 5.207013549804687500e+02 4.289874572753906250e+02
1.700000000000000000e+04 0.000000000000000000e+00 2.389787864685058594e+01 5.207010498046875000e+02 4.289875488281250000e+02 0.000000000000000000e+00 2.389787864685058594e+01 5.207010498046875000e+02 4.289875488281250000e+02
1.800000000000000000e+04 0.000000000000000000e+00 2.389793968200683594e+01 5.207010498046875000e+02 4.289876098632812500e+02 0.000000000000000000e+00 2.389793968200683594e+01 5.207010498046875000e+02 4.289876098632812500e+02
1.900000000000000000e+04 0.000000000000000000e+00 2.389817237854003906e+01 5.207006225585937500e+02 4.289877319335937500e+02 0.000000000000000000e+00 2.389817237854003906e+01 5.207006225585937500e+02 4.289877319335937500e+02
2.000000000000000000e+04 0.000000000000000000e+00 2.389528083801269531e+01 5.207055664062500000e+02 4.289857482910156250e+02 0.000000000000000000e+00 2.389528083801269531e+01 5.207055664062500000e+02 4.289857482910156250e+02
