# step, loss_train, loss_test, metrics_test
0.000000000000000000e+00 0.000000000000000000e+00 1.416226387023925781e+01 8.056880859375000000e+03 2.020881958007812500e+02 0.000000000000000000e+00 1.416226387023925781e+01 8.056880859375000000e+03 2.020881958007812500e+02
1.000000000000000000e+03 0.000000000000000000e+00 1.408122444152832031e+01 2.937859375000000000e+03 1.961379394531250000e+02 0.000000000000000000e+00 1.408122444152832031e+01 2.937859375000000000e+03 1.961379394531250000e+02
2.000000000000000000e+03 0.000000000000000000e+00 1.408152961730957031e+01 2.937858886718750000e+03 1.961381378173828125e+02 0.000000000000000000e+00 1.408152961730957031e+01 2.937858886718750000e+03 1.961381378173828125e+02
3.000000000000000000e+03 0.000000000000000000e+00 1.408045768737792969e+01 2.937860595703125000e+03 1.961374969482421875e+02 0.000000000000000000e+00 1.408045768737792969e+01 2.937860595703125000e+03 1.961374969482421875e+02
4.000000000000000000e+03 0.000000000000000000e+00 1.364995098114013672e+01 2.940088134765625000e+03 1.958861999511718750e+02 0.000000000000000000e+00 1.364995098114013672e+01 2.940088134765625000e+03 1.958861999511718750e+02
5.000000000000000000e+03 0.000000000000000000e+00 9.867611885070800781e+00 4.137517089843750000e+03 1.939194793701171875e+02 0.000000000000000000e+00 9.867611885070800781e+00 4.137517089843750000e+03 1.939194793701171875e+02
6.000000000000000000e+03 0.000000000000000000e+00 1.408063507080078125e+01 2.937860107421875000e+03 1.961376037597656250e+02 0.000000000000000000e+00 1.408063507080078125e+01 2.937860107421875000e+03 1.961376037597656250e+02
7.000000000000000000e+03 0.000000000000000000e+00 1.747153663635253906e+01 3.000663085937500000e+03 1.981334075927734375e+02 0.000000000000000000e+00 1.747153663635253906e+01 3.000663085937500000e+03 1.981334075927734375e+02
8.000000000000000000e+03 0.000000000000000000e+00 1.407028675079345703e+01 2.937877685546875000e+03 1.961315460205078125e+02 0.000000000000000000e+00 1.407028675079345703e+01 2.937877685546875000e+03 1.961315460205078125e+02
9.000000000000000000e+03 0.000000000000000000e+00 5.676509765625000000e+03 8.830467500000000000e+05 3.687641357421875000e+03 0.000000000000000000e+00 5.676509765625000000e+03 8.830467500000000000e+05 3.687641357421875000e+03
1.000000000000000000e+04 0.000000000000000000e+00 1.407933044433593750e+01 2.937862548828125000e+03 1.961368255615234375e+02 0.000000000000000000e+00 1.407933044433593750e+01 2.937862548828125000e+03 1.961368255615234375e+02
1.100000000000000000e+04 0.000000000000000000e+00 9.515684570312500000e+03 1.335419250000000000e+06 6.025358398437500000e+03 0.000000000000000000e+00 9.515684570312500000e+03 1.335419250000000000e+06 6.025358398437500000e+03
1.200000000000000000e+04 0.000000000000000000e+00 1.407886123657226562e+01 2.937863037109375000e+03 1.961365661621093750e+02 0.000000000000000000e+00 1.407886123657226562e+01 2.937863037109375000e+03 1.961365661621093750e+02
1.300000000000000000e+04 0.000000000000000000e+00 1.407029151916503906e+01 2.937877685546875000e+03 1.961315917968750000e+02 0.000000000000000000e+00 1.407029151916503906e+01 2.937877685546875000e+03 1.961315917968750000e+02
1.400000000000000000e+04 0.000000000000000000e+00 1.412967300415039062e+01 2.937801513671875000e+03 1.961662597656250000e+02 0.000000000000000000e+00 1.412967300415039062e+01 2.937801513671875000e+03 1.961662597656250000e+02
1.500000000000000000e+04 0.000000000000000000e+00 6.454014587402343750e+01 6.965782714843750000e+03 2.264703521728515625e+02 0.000000000000000000e+00 6.454014587402343750e+01 6.965782714843750000e+03 2.264703521728515625e+02
1.600000000000000000e+04 0.000000000000000000e+00 1.407934093475341797e+01 2.937862548828125000e+03 1.961368255615234375e+02 0.000000000000000000e+00 1.407934093475341797e+01 2.937862548828125000e+03 1.961368255615234375e+02
1.700000000000000000e+04 0.000000000000000000e+00 1.406876182556152344e+01 2.937880126953125000e+03 1.961306610107421875e+02 0.000000000000000000e+00 1.406876182556152344e+01 2.937880126953125000e+03 1.961306610107421875e+02
1.800000000000000000e+04 0.000000000000000000e+00 1.429156589508056641e+01 2.937871093750000000e+03 1.962609710693359375e+02 0.000000000000000000e+00 1.429156589508056641e+01 2.937871093750000000e+03 1.962609710693359375e+02
1.900000000000000000e+04 0.000000000000000000e+00 1.418413257598876953e+01 2.937780029296875000e+03 1.961980895996093750e+02 0.000000000000000000e+00 1.418413257598876953e+01 2.937780029296875000e+03 1.961980895996093750e+02
2.000000000000000000e+04 0.000000000000000000e+00 1.447993659973144531e+01 2.938440673828125000e+03 1.963712310791015625e+02 0.000000000000000000e+00 1.447993659973144531e+01 2.938440673828125000e+03 1.963712310791015625e+02
