# step, loss_train, loss_test, metrics_test
0.000000000000000000e+00 0.000000000000000000e+00 1.111356430053710938e+02 0.000000000000000000e+00 4.674176635742187500e+02 0.000000000000000000e+00 1.111356430053710938e+02 0.000000000000000000e+00 4.674176635742187500e+02
1.000000000000000000e+03 0.000000000000000000e+00 8.983042091131210327e-03 0.000000000000000000e+00 1.886726319789886475e-01 0.000000000000000000e+00 8.983042091131210327e-03 0.000000000000000000e+00 1.886726319789886475e-01
2.000000000000000000e+03 0.000000000000000000e+00 2.326657250523567200e-02 0.000000000000000000e+00 1.851801872253417969e-01 0.000000000000000000e+00 2.326657250523567200e-02 0.000000000000000000e+00 1.851801872253417969e-01
3.000000000000000000e+03 0.000000000000000000e+00 2.824987284839153290e-03 0.000000000000000000e+00 1.485431045293807983e-01 0.000000000000000000e+00 2.824987284839153290e-03 0.000000000000000000e+00 1.485431045293807983e-01
4.000000000000000000e+03 0.000000000000000000e+00 7.574249804019927979e-02 0.000000000000000000e+00 4.597510099411010742e-01 0.000000000000000000e+00 7.574249804019927979e-02 0.000000000000000000e+00 4.597510099411010742e-01
5.000000000000000000e+03 0.000000000000000000e+00 6.450128741562366486e-03 0.000000000000000000e+00 1.610727310180664062e-01 0.000000000000000000e+00 6.450128741562366486e-03 0.000000000000000000e+00 1.610727310180664062e-01
6.000000000000000000e+03 0.000000000000000000e+00 5.277251824736595154e-03 0.000000000000000000e+00 7.540288567543029785e-02 0.000000000000000000e+00 5.277251824736595154e-03 0.000000000000000000e+00 7.540288567543029785e-02
7.000000000000000000e+03 0.000000000000000000e+00 4.265630245208740234e-02 0.000000000000000000e+00 8.054530620574951172e-01 0.000000000000000000e+00 4.265630245208740234e-02 0.000000000000000000e+00 8.054530620574951172e-01
8.000000000000000000e+03 0.000000000000000000e+00 1.662677503190934658e-03 0.000000000000000000e+00 5.901003628969192505e-02 0.000000000000000000e+00 1.662677503190934658e-03 0.000000000000000000e+00 5.901003628969192505e-02
9.000000000000000000e+03 0.000000000000000000e+00 3.878606796264648438e+00 0.000000000000000000e+00 7.717272281646728516e+00 0.000000000000000000e+00 3.878606796264648438e+00 0.000000000000000000e+00 7.717272281646728516e+00
1.000000000000000000e+04 0.000000000000000000e+00 1.255217939615249634e-02 0.000000000000000000e+00 1.484486609697341919e-01 0.000000000000000000e+00 1.255217939615249634e-02 0.000000000000000000e+00 1.484486609697341919e-01
1.100000000000000000e+04 0.000000000000000000e+00 3.855209425091743469e-02 0.000000000000000000e+00 2.731616497039794922e-01 0.000000000000000000e+00 3.855209425091743469e-02 0.000000000000000000e+00 2.731616497039794922e-01
1.200000000000000000e+04 0.000000000000000000e+00 2.541211992502212524e-02 0.000000000000000000e+00 2.131957858800888062e-01 0.000000000000000000e+00 2.541211992502212524e-02 0.000000000000000000e+00 2.131957858800888062e-01
1.300000000000000000e+04 0.000000000000000000e+00 4.434210807085037231e-02 0.000000000000000000e+00 1.272340714931488037e-01 0.000000000000000000e+00 4.434210807085037231e-02 0.000000000000000000e+00 1.272340714931488037e-01
1.400000000000000000e+04 0.000000000000000000e+00 6.024733884260058403e-04 0.000000000000000000e+00 4.341224953532218933e-02 0.000000000000000000e+00 6.024733884260058403e-04 0.000000000000000000e+00 4.341224953532218933e-02
1.500000000000000000e+04 0.000000000000000000e+00 4.532163497060537338e-03 0.000000000000000000e+00 4.738834127783775330e-02 0.000000000000000000e+00 4.532163497060537338e-03 0.000000000000000000e+00 4.738834127783775330e-02
1.600000000000000000e+04 0.000000000000000000e+00 2.947308123111724854e-02 0.000000000000000000e+00 1.478576958179473877e-01 0.000000000000000000e+00 2.947308123111724854e-02 0.000000000000000000e+00 1.478576958179473877e-01
1.700000000000000000e+04 0.000000000000000000e+00 3.071426391601562500e+00 0.000000000000000000e+00 7.854605197906494141e+00 0.000000000000000000e+00 3.071426391601562500e+00 0.000000000000000000e+00 7.854605197906494141e+00
1.800000000000000000e+04 0.000000000000000000e+00 1.675791382789611816e+00 0.000000000000000000e+00 3.568058088421821594e-02 0.000000000000000000e+00 1.675791382789611816e+00 0.000000000000000000e+00 3.568058088421821594e-02
1.900000000000000000e+04 0.000000000000000000e+00 1.696013212203979492e+00 0.000000000000000000e+00 3.447877168655395508e-01 0.000000000000000000e+00 1.696013212203979492e+00 0.000000000000000000e+00 3.447877168655395508e-01
2.000000000000000000e+04 0.000000000000000000e+00 1.689887881278991699e+00 0.000000000000000000e+00 2.793807983398437500e-01 0.000000000000000000e+00 1.689887881278991699e+00 0.000000000000000000e+00 2.793807983398437500e-01
