# step, loss_train, loss_test, metrics_test
0.000000000000000000e+00 0.000000000000000000e+00 1.307160644531250000e+02 3.521127441406250000e+03 5.108272399902343750e+02 0.000000000000000000e+00 1.307160644531250000e+02 3.521127441406250000e+03 5.108272399902343750e+02
1.000000000000000000e+03 0.000000000000000000e+00 2.414553833007812500e+01 5.799423828125000000e+02 4.290927734375000000e+02 0.000000000000000000e+00 2.414553833007812500e+01 5.799423828125000000e+02 4.290927734375000000e+02
2.000000000000000000e+03 0.000000000000000000e+00 2.414538383483886719e+01 5.799367675781250000e+02 4.290925598144531250e+02 0.000000000000000000e+00 2.414538383483886719e+01 5.799367675781250000e+02 4.290925598144531250e+02
3.000000000000000000e+03 0.000000000000000000e+00 2.337766647338867188e+01 3.763788452148437500e+02 4.356154479980468750e+02 0.000000000000000000e+00 2.337766647338867188e+01 3.763788452148437500e+02 4.356154479980468750e+02
4.000000000000000000e+03 0.000000000000000000e+00 2.363828086853027344e+01 3.521250000000000000e+02 4.260239562988281250e+02 0.000000000000000000e+00 2.363828086853027344e+01 3.521250000000000000e+02 4.260239562988281250e+02
5.000000000000000000e+03 0.000000000000000000e+00 4.226403045654296875e+01 2.655299987792968750e+02 2.264061431884765625e+02 0.000000000000000000e+00 4.226403045654296875e+01 2.655299987792968750e+02 2.264061431884765625e+02
6.000000000000000000e+03 0.000000000000000000e+00 5.674282836914062500e+01 1.413519744873046875e+02 1.103250122070312500e+02 0.000000000000000000e+00 5.674282836914062500e+01 1.413519744873046875e+02 1.103250122070312500e+02
7.000000000000000000e+03 0.000000000000000000e+00 3.889688873291015625e+01 1.516087493896484375e+02 1.017573852539062500e+02 0.000000000000000000e+00 3.889688873291015625e+01 1.516087493896484375e+02 1.017573852539062500e+02
8.000000000000000000e+03 0.000000000000000000e+00 2.984405326843261719e+01 1.827567596435546875e+02 9.968095397949218750e+01 0.000000000000000000e+00 2.984405326843261719e+01 1.827567596435546875e+02 9.968095397949218750e+01
9.000000000000000000e+03 0.000000000000000000e+00 3.316638183593750000e+01 1.763559265136718750e+02 1.062668685913085938e+02 0.000000000000000000e+00 3.316638183593750000e+01 1.763559265136718750e+02 1.062668685913085938e+02
1.000000000000000000e+04 0.000000000000000000e+00 3.775186920166015625e+01 1.701551513671875000e+02 1.023629608154296875e+02 0.000000000000000000e+00 3.775186920166015625e+01 1.701551513671875000e+02 1.023629608154296875e+02
1.100000000000000000e+04 0.000000000000000000e+00 1.287447929382324219e+01 1.749603576660156250e+02 6.522130584716796875e+01 0.000000000000000000e+00 1.287447929382324219e+01 1.749603576660156250e+02 6.522130584716796875e+01
1.200000000000000000e+04 0.000000000000000000e+00 1.463169384002685547e+01 1.618556518554687500e+02 6.899018096923828125e+01 0.000000000000000000e+00 1.463169384002685547e+01 1.618556518554687500e+02 6.899018096923828125e+01
1.300000000000000000e+04 0.000000000000000000e+00 2.974963569641113281e+01 3.450231628417968750e+02 1.883216094970703125e+02 0.000000000000000000e+00 2.974963569641113281e+01 3.450231628417968750e+02 1.883216094970703125e+02
1.400000000000000000e+04 0.000000000000000000e+00 2.872740364074707031e+01 4.373967895507812500e+02 1.672645721435546875e+02 0.000000000000000000e+00 2.872740364074707031e+01 4.373967895507812500e+02 1.672645721435546875e+02
1.500000000000000000e+04 0.000000000000000000e+00 2.735527038574218750e+01 4.386185302734375000e+02 1.684681701660156250e+02 0.000000000000000000e+00 2.735527038574218750e+01 4.386185302734375000e+02 1.684681701660156250e+02
1.600000000000000000e+04 0.000000000000000000e+00 2.396134376525878906e+01 5.802773437500000000e+02 4.270050659179687500e+02 0.000000000000000000e+00 2.396134376525878906e+01 5.802773437500000000e+02 4.270050659179687500e+02
1.700000000000000000e+04 0.000000000000000000e+00 2.396087074279785156e+01 5.802771606445312500e+02 4.270029296875000000e+02 0.000000000000000000e+00 2.396087074279785156e+01 5.802771606445312500e+02 4.270029296875000000e+02
1.800000000000000000e+04 0.000000000000000000e+00 2.395965003967285156e+01 5.802791748046875000e+02 4.270010986328125000e+02 0.000000000000000000e+00 2.395965003967285156e+01 5.802791748046875000e+02 4.270010986328125000e+02
1.900000000000000000e+04 0.000000000000000000e+00 2.405533790588378906e+01 5.800994262695312500e+02 4.270906372070312500e+02 0.000000000000000000e+00 2.405533790588378906e+01 5.800994262695312500e+02 4.270906372070312500e+02
2.000000000000000000e+04 0.000000000000000000e+00 2.388396072387695312e+01 5.804296875000000000e+02 4.269299011230468750e+02 0.000000000000000000e+00 2.388396072387695312e+01 5.804296875000000000e+02 4.269299011230468750e+02
