# step, loss_train, loss_test, metrics_test
0.000000000000000000e+00 0.000000000000000000e+00 1.537639617919921875e+02 2.669027929687500000e+04 1.618503112792968750e+02 0.000000000000000000e+00 1.537639617919921875e+02 2.669027929687500000e+04 1.618503112792968750e+02
1.000000000000000000e+03 0.000000000000000000e+00 1.419448471069335938e+01 2.937846923828125000e+03 1.441533966064453125e+02 0.000000000000000000e+00 1.419448471069335938e+01 2.937846923828125000e+03 1.441533966064453125e+02
2.000000000000000000e+03 0.000000000000000000e+00 1.419448852539062500e+01 2.937846191406250000e+03 1.441533966064453125e+02 0.000000000000000000e+00 1.419448852539062500e+01 2.937846191406250000e+03 1.441533966064453125e+02
3.000000000000000000e+03 0.000000000000000000e+00 1.419447231292724609e+01 2.937846191406250000e+03 1.441533966064453125e+02 0.000000000000000000e+00 1.419447231292724609e+01 2.937846191406250000e+03 1.441533966064453125e+02
4.000000000000000000e+03 0.000000000000000000e+00 1.419254970550537109e+01 2.937849365234375000e+03 1.441525726318359375e+02 0.000000000000000000e+00 1.419254970550537109e+01 2.937849365234375000e+03 1.441525726318359375e+02
5.000000000000000000e+03 0.000000000000000000e+00 1.420077896118164062e+01 2.937837402343750000e+03 1.441560821533203125e+02 0.000000000000000000e+00 1.420077896118164062e+01 2.937837402343750000e+03 1.441560821533203125e+02
6.000000000000000000e+03 0.000000000000000000e+00 1.432552623748779297e+01 2.937791015625000000e+03 1.442092895507812500e+02 0.000000000000000000e+00 1.432552623748779297e+01 2.937791015625000000e+03 1.442092895507812500e+02
7.000000000000000000e+03 0.000000000000000000e+00 1.387201023101806641e+01 2.939144531250000000e+03 1.440160064697265625e+02 0.000000000000000000e+00 1.387201023101806641e+01 2.939144531250000000e+03 1.440160064697265625e+02
8.000000000000000000e+03 0.000000000000000000e+00 1.419315147399902344e+01 2.937847900390625000e+03 1.441528167724609375e+02 0.000000000000000000e+00 1.419315147399902344e+01 2.937847900390625000e+03 1.441528167724609375e+02
9.000000000000000000e+03 0.000000000000000000e+00 1.418942356109619141e+01 2.937853515625000000e+03 1.441512298583984375e+02 0.000000000000000000e+00 1.418942356109619141e+01 2.937853515625000000e+03 1.441512298583984375e+02
1.000000000000000000e+04 0.000000000000000000e+00 1.855576896667480469e+01 3.035694335937500000e+03 1.460287475585937500e+02 0.000000000000000000e+00 1.855576896667480469e+01 3.035694335937500000e+03 1.460287475585937500e+02
1.100000000000000000e+04 0.000000000000000000e+00 2.277720832824707031e+01 7.901181640625000000e+03 1.485617675781250000e+02 0.000000000000000000e+00 2.277720832824707031e+01 7.901181640625000000e+03 1.485617675781250000e+02
1.200000000000000000e+04 0.000000000000000000e+00 9.592871665954589844e+00 3.867719238281250000e+03 1.423301391601562500e+02 0.000000000000000000e+00 9.592871665954589844e+00 3.867719238281250000e+03 1.423301391601562500e+02
1.300000000000000000e+04 0.000000000000000000e+00 1.419453239440917969e+01 2.937845947265625000e+03 1.441534118652343750e+02 0.000000000000000000e+00 1.419453239440917969e+01 2.937845947265625000e+03 1.441534118652343750e+02
1.400000000000000000e+04 0.000000000000000000e+00 1.419458580017089844e+01 2.937845458984375000e+03 1.441534423828125000e+02 0.000000000000000000e+00 1.419458580017089844e+01 2.937845458984375000e+03 1.441534423828125000e+02
1.500000000000000000e+04 0.000000000000000000e+00 1.419386005401611328e+01 2.937846923828125000e+03 1.441531372070312500e+02 0.000000000000000000e+00 1.419386005401611328e+01 2.937846923828125000e+03 1.441531372070312500e+02
1.600000000000000000e+04 0.000000000000000000e+00 1.419508457183837891e+01 2.937844970703125000e+03 1.441536407470703125e+02 0.000000000000000000e+00 1.419508457183837891e+01 2.937844970703125000e+03 1.441536407470703125e+02
1.700000000000000000e+04 0.000000000000000000e+00 1.429978847503662109e+01 2.937781250000000000e+03 1.441983032226562500e+02 0.000000000000000000e+00 1.429978847503662109e+01 2.937781250000000000e+03 1.441983032226562500e+02
1.800000000000000000e+04 0.000000000000000000e+00 2.155846023559570312e+01 3.177397216796875000e+03 1.473311004638671875e+02 0.000000000000000000e+00 2.155846023559570312e+01 3.177397216796875000e+03 1.473311004638671875e+02
1.900000000000000000e+04 0.000000000000000000e+00 1.475570869445800781e+01 2.939364990234375000e+03 1.443930511474609375e+02 0.000000000000000000e+00 1.475570869445800781e+01 2.939364990234375000e+03 1.443930511474609375e+02
2.000000000000000000e+04 0.000000000000000000e+00 1.419445800781250000e+01 2.937846191406250000e+03 1.441533660888671875e+02 0.000000000000000000e+00 1.419445800781250000e+01 2.937846191406250000e+03 1.441533660888671875e+02
