# step, loss_train, loss_test, metrics_test
0.000000000000000000e+00 0.000000000000000000e+00 1.111356430053710938e+02 0.000000000000000000e+00 4.520083007812500000e+02 0.000000000000000000e+00 1.111356430053710938e+02 0.000000000000000000e+00 4.520083007812500000e+02
1.000000000000000000e+03 0.000000000000000000e+00 1.855128479003906250e+01 0.000000000000000000e+00 3.548572387695312500e+02 0.000000000000000000e+00 1.855128479003906250e+01 0.000000000000000000e+00 3.548572387695312500e+02
2.000000000000000000e+03 0.000000000000000000e+00 1.524915409088134766e+01 0.000000000000000000e+00 4.104248657226562500e+02 0.000000000000000000e+00 1.524915409088134766e+01 0.000000000000000000e+00 4.104248657226562500e+02
3.000000000000000000e+03 0.000000000000000000e+00 1.524901008605957031e+01 0.000000000000000000e+00 4.104250488281250000e+02 0.000000000000000000e+00 1.524901008605957031e+01 0.000000000000000000e+00 4.104250488281250000e+02
4.000000000000000000e+03 0.000000000000000000e+00 1.755317497253417969e+01 0.000000000000000000e+00 4.116069641113281250e+02 0.000000000000000000e+00 1.755317497253417969e+01 0.000000000000000000e+00 4.116069641113281250e+02
5.000000000000000000e+03 0.000000000000000000e+00 1.525869750976562500e+01 0.000000000000000000e+00 4.104173278808593750e+02 0.000000000000000000e+00 1.525869750976562500e+01 0.000000000000000000e+00 4.104173278808593750e+02
6.000000000000000000e+03 0.000000000000000000e+00 1.524929428100585938e+01 0.000000000000000000e+00 4.104247131347656250e+02 0.000000000000000000e+00 1.524929428100585938e+01 0.000000000000000000e+00 4.104247131347656250e+02
7.000000000000000000e+03 0.000000000000000000e+00 1.769751548767089844e+01 0.000000000000000000e+00 4.130883483886718750e+02 0.000000000000000000e+00 1.769751548767089844e+01 0.000000000000000000e+00 4.130883483886718750e+02
8.000000000000000000e+03 0.000000000000000000e+00 1.524855899810791016e+01 0.000000000000000000e+00 4.104255065917968750e+02 0.000000000000000000e+00 1.524855899810791016e+01 0.000000000000000000e+00 4.104255065917968750e+02
9.000000000000000000e+03 0.000000000000000000e+00 1.524932861328125000e+01 0.000000000000000000e+00 4.104247131347656250e+02 0.000000000000000000e+00 1.524932861328125000e+01 0.000000000000000000e+00 4.104247131347656250e+02
1.000000000000000000e+04 0.000000000000000000e+00 1.532094383239746094e+01 0.000000000000000000e+00 4.104046936035156250e+02 0.000000000000000000e+00 1.532094383239746094e+01 0.000000000000000000e+00 4.104046936035156250e+02
1.100000000000000000e+04 0.000000000000000000e+00 1.525017833709716797e+01 0.000000000000000000e+00 4.104238586425781250e+02 0.000000000000000000e+00 1.525017833709716797e+01 0.000000000000000000e+00 4.104238586425781250e+02
1.200000000000000000e+04 0.000000000000000000e+00 1.524932384490966797e+01 0.000000000000000000e+00 4.104247131347656250e+02 0.000000000000000000e+00 1.524932384490966797e+01 0.000000000000000000e+00 4.104247131347656250e+02
1.300000000000000000e+04 0.000000000000000000e+00 1.523739337921142578e+01 0.000000000000000000e+00 4.104438476562500000e+02 0.000000000000000000e+00 1.523739337921142578e+01 0.000000000000000000e+00 4.104438476562500000e+02
1.400000000000000000e+04 0.000000000000000000e+00 1.583092880249023438e+01 0.000000000000000000e+00 4.112787170410156250e+02 0.000000000000000000e+00 1.583092880249023438e+01 0.000000000000000000e+00 4.112787170410156250e+02
1.500000000000000000e+04 0.000000000000000000e+00 1.524960231781005859e+01 0.000000000000000000e+00 4.104244079589843750e+02 0.000000000000000000e+00 1.524960231781005859e+01 0.000000000000000000e+00 4.104244079589843750e+02
1.600000000000000000e+04 0.000000000000000000e+00 1.524925708770751953e+01 0.000000000000000000e+00 4.104247741699218750e+02 0.000000000000000000e+00 1.524925708770751953e+01 0.000000000000000000e+00 4.104247741699218750e+02
1.700000000000000000e+04 0.000000000000000000e+00 1.680271148681640625e+01 0.000000000000000000e+00 4.122503662109375000e+02 0.000000000000000000e+00 1.680271148681640625e+01 0.000000000000000000e+00 4.122503662109375000e+02
1.800000000000000000e+04 0.000000000000000000e+00 1.524240398406982422e+01 0.000000000000000000e+00 4.104333496093750000e+02 0.000000000000000000e+00 1.524240398406982422e+01 0.000000000000000000e+00 4.104333496093750000e+02
1.900000000000000000e+04 0.000000000000000000e+00 1.524919223785400391e+01 0.000000000000000000e+00 4.104248352050781250e+02 0.000000000000000000e+00 1.524919223785400391e+01 0.000000000000000000e+00 4.104248352050781250e+02
2.000000000000000000e+04 0.000000000000000000e+00 1.524930667877197266e+01 0.000000000000000000e+00 4.104247131347656250e+02 0.000000000000000000e+00 1.524930667877197266e+01 0.000000000000000000e+00 4.104247131347656250e+02
