# step, loss_train, loss_test, metrics_test
0.000000000000000000e+00 0.000000000000000000e+00 3.259524154663085938e+01 9.963652343750000000e+03 2.386153259277343750e+02 0.000000000000000000e+00 3.259524154663085938e+01 9.963652343750000000e+03 2.386153259277343750e+02
1.000000000000000000e+03 0.000000000000000000e+00 1.377541503906250000e+03 1.562786250000000000e+05 1.208253051757812500e+03 0.000000000000000000e+00 1.377541503906250000e+03 1.562786250000000000e+05 1.208253051757812500e+03
2.000000000000000000e+03 0.000000000000000000e+00 1.363908481597900391e+01 2.463092285156250000e+03 2.244780578613281250e+02 0.000000000000000000e+00 1.363908481597900391e+01 2.463092285156250000e+03 2.244780578613281250e+02
3.000000000000000000e+03 0.000000000000000000e+00 1.364832115173339844e+01 2.463076660156250000e+03 2.244844207763671875e+02 0.000000000000000000e+00 1.364832115173339844e+01 2.463076660156250000e+03 2.244844207763671875e+02
4.000000000000000000e+03 0.000000000000000000e+00 1.338083267211914062e+01 2.464024902343750000e+03 2.243001861572265625e+02 0.000000000000000000e+00 1.338083267211914062e+01 2.464024902343750000e+03 2.243001861572265625e+02
5.000000000000000000e+03 0.000000000000000000e+00 1.364191627502441406e+01 2.463087402343750000e+03 2.244800109863281250e+02 0.000000000000000000e+00 1.364191627502441406e+01 2.463087402343750000e+03 2.244800109863281250e+02
6.000000000000000000e+03 0.000000000000000000e+00 1.363764190673828125e+01 2.463094726562500000e+03 2.244770812988281250e+02 0.000000000000000000e+00 1.363764190673828125e+01 2.463094726562500000e+03 2.244770812988281250e+02
7.000000000000000000e+03 0.000000000000000000e+00 1.344612693786621094e+01 2.463694335937500000e+03 2.243451538085937500e+02 0.000000000000000000e+00 1.344612693786621094e+01 2.463694335937500000e+03 2.243451538085937500e+02
8.000000000000000000e+03 0.000000000000000000e+00 1.574816436767578125e+02 2.849011914062500000e+04 3.309713439941406250e+02 0.000000000000000000e+00 1.574816436767578125e+02 2.849011914062500000e+04 3.309713439941406250e+02
9.000000000000000000e+03 0.000000000000000000e+00 1.363182735443115234e+01 2.463104980468750000e+03 2.244730834960937500e+02 0.000000000000000000e+00 1.363182735443115234e+01 2.463104980468750000e+03 2.244730834960937500e+02
1.000000000000000000e+04 0.000000000000000000e+00 1.366114997863769531e+01 2.463057373046875000e+03 2.244932861328125000e+02 0.000000000000000000e+00 1.366114997863769531e+01 2.463057373046875000e+03 2.244932861328125000e+02
1.100000000000000000e+04 0.000000000000000000e+00 1.364152526855468750e+01 2.463087890625000000e+03 2.244797210693359375e+02 0.000000000000000000e+00 1.364152526855468750e+01 2.463087890625000000e+03 2.244797210693359375e+02
1.200000000000000000e+04 0.000000000000000000e+00 1.364106845855712891e+01 2.463088867187500000e+03 2.244794464111328125e+02 0.000000000000000000e+00 1.364106845855712891e+01 2.463088867187500000e+03 2.244794464111328125e+02
1.300000000000000000e+04 0.000000000000000000e+00 1.063664817810058594e+01 2.571441162109375000e+03 2.224373474121093750e+02 0.000000000000000000e+00 1.063664817810058594e+01 2.571441162109375000e+03 2.224373474121093750e+02
1.400000000000000000e+04 0.000000000000000000e+00 1.364163017272949219e+01 2.463087646484375000e+03 2.244798126220703125e+02 0.000000000000000000e+00 1.364163017272949219e+01 2.463087646484375000e+03 2.244798126220703125e+02
1.500000000000000000e+04 0.000000000000000000e+00 1.364012527465820312e+01 2.463090332031250000e+03 2.244787902832031250e+02 0.000000000000000000e+00 1.364012527465820312e+01 2.463090332031250000e+03 2.244787902832031250e+02
1.600000000000000000e+04 0.000000000000000000e+00 2.420877929687500000e+03 3.354407187500000000e+05 1.977994140625000000e+03 0.000000000000000000e+00 2.420877929687500000e+03 3.354407187500000000e+05 1.977994140625000000e+03
1.700000000000000000e+04 0.000000000000000000e+00 1.363560676574707031e+01 2.463098144531250000e+03 2.244756622314453125e+02 0.000000000000000000e+00 1.363560676574707031e+01 2.463098144531250000e+03 2.244756622314453125e+02
1.800000000000000000e+04 0.000000000000000000e+00 1.851043701171875000e+01 2.568079345703125000e+03 2.278675537109375000e+02 0.000000000000000000e+00 1.851043701171875000e+01 2.568079345703125000e+03 2.278675537109375000e+02
1.900000000000000000e+04 0.000000000000000000e+00 1.363446903228759766e+01 2.463100341796875000e+03 2.244748687744140625e+02 0.000000000000000000e+00 1.363446903228759766e+01 2.463100341796875000e+03 2.244748687744140625e+02
2.000000000000000000e+04 0.000000000000000000e+00 1.936660575866699219e+01 2.602006591796875000e+03 2.284675903320312500e+02 0.000000000000000000e+00 1.936660575866699219e+01 2.602006591796875000e+03 2.284675903320312500e+02
