# step, loss_train, loss_test, metrics_test
0.000000000000000000e+00 6.740989843750000000e+04 1.301065254211425781e+01 6.873064575195312500e+02 2.534955902099609375e+02 6.740989843750000000e+04 1.301065254211425781e+01 6.873064575195312500e+02 2.534955902099609375e+02
1.000000000000000000e+03 1.734272766113281250e+01 2.671446037292480469e+01 6.854551696777343750e+01 2.346125183105468750e+02 1.734272766113281250e+01 2.671446037292480469e+01 6.854551696777343750e+01 2.346125183105468750e+02
2.000000000000000000e+03 6.460713386535644531e+00 3.554473114013671875e+01 8.671470642089843750e+00 2.250110626220703125e+02 6.460713386535644531e+00 3.554473114013671875e+01 8.671470642089843750e+00 2.250110626220703125e+02
3.000000000000000000e+03 3.519028425216674805e+00 3.365910720825195312e+01 6.150885581970214844e+00 2.195559082031250000e+02 3.519028425216674805e+00 3.365910720825195312e+01 6.150885581970214844e+00 2.195559082031250000e+02
4.000000000000000000e+03 2.687235593795776367e+00 2.848005676269531250e+01 4.308397293090820312e+00 2.162249298095703125e+02 2.687235593795776367e+00 2.848005676269531250e+01 4.308397293090820312e+00 2.162249298095703125e+02
5.000000000000000000e+03 2.836253881454467773e+00 2.172374916076660156e+01 2.590608596801757812e+00 2.118616180419921875e+02 2.836253881454467773e+00 2.172374916076660156e+01 2.590608596801757812e+00 2.118616180419921875e+02
6.000000000000000000e+03 2.835797786712646484e+00 1.598136711120605469e+01 1.948547363281250000e+00 2.074656829833984375e+02 2.835797786712646484e+00 1.598136711120605469e+01 1.948547363281250000e+00 2.074656829833984375e+02
7.000000000000000000e+03 3.557350635528564453e+00 1.113134288787841797e+01 1.768530130386352539e+00 2.053035583496093750e+02 3.557350635528564453e+00 1.113134288787841797e+01 1.768530130386352539e+00 2.053035583496093750e+02
8.000000000000000000e+03 2.071604490280151367e+00 9.742852210998535156e+00 1.567566871643066406e+00 1.997772827148437500e+02 2.071604490280151367e+00 9.742852210998535156e+00 1.567566871643066406e+00 1.997772827148437500e+02
9.000000000000000000e+03 2.715561628341674805e+00 9.469426155090332031e+00 1.632619500160217285e+00 1.889592590332031250e+02 2.715561628341674805e+00 9.469426155090332031e+00 1.632619500160217285e+00 1.889592590332031250e+02
1.000000000000000000e+04 6.129268169403076172e+00 9.810595512390136719e+00 1.558187603950500488e+00 1.622302856445312500e+02 6.129268169403076172e+00 9.810595512390136719e+00 1.558187603950500488e+00 1.622302856445312500e+02
1.100000000000000000e+04 1.042947673797607422e+01 9.453484535217285156e+00 1.950930833816528320e+00 9.202773284912109375e+01 1.042947673797607422e+01 9.453484535217285156e+00 1.950930833816528320e+00 9.202773284912109375e+01
1.200000000000000000e+04 9.547494888305664062e+00 6.824799537658691406e+00 1.471219182014465332e+00 3.387028884887695312e+01 9.547494888305664062e+00 6.824799537658691406e+00 1.471219182014465332e+00 3.387028884887695312e+01
1.300000000000000000e+04 7.149831295013427734e+00 4.447205543518066406e+00 9.704500436782836914e-01 1.251977443695068359e+01 7.149831295013427734e+00 4.447205543518066406e+00 9.704500436782836914e-01 1.251977443695068359e+01
1.400000000000000000e+04 5.328560352325439453e+00 3.181101083755493164e+00 7.381324172019958496e-01 6.253143310546875000e+00 5.328560352325439453e+00 3.181101083755493164e+00 7.381324172019958496e-01 6.253143310546875000e+00
1.500000000000000000e+04 2.794397926330566406e+01 2.608087062835693359e+00 6.974672079086303711e-01 4.407846450805664062e+00 2.794397926330566406e+01 2.608087062835693359e+00 6.974672079086303711e-01 4.407846450805664062e+00
1.600000000000000000e+04 3.276213884353637695e+00 2.100530385971069336e+00 5.030480623245239258e-01 3.637568712234497070e+00 3.276213884353637695e+00 2.100530385971069336e+00 5.030480623245239258e-01 3.637568712234497070e+00
1.700000000000000000e+04 7.129637718200683594e+00 1.811783552169799805e+00 4.558915197849273682e-01 3.311402559280395508e+00 7.129637718200683594e+00 1.811783552169799805e+00 4.558915197849273682e-01 3.311402559280395508e+00
1.800000000000000000e+04 2.262128829956054688e+00 1.626891374588012695e+00 3.759973645210266113e-01 2.981473922729492188e+00 2.262128829956054688e+00 1.626891374588012695e+00 3.759973645210266113e-01 2.981473922729492188e+00
1.900000000000000000e+04 1.968845367431640625e+00 1.473778009414672852e+00 3.377099633216857910e-01 2.848892450332641602e+00 1.968845367431640625e+00 1.473778009414672852e+00 3.377099633216857910e-01 2.848892450332641602e+00
2.000000000000000000e+04 1.845918178558349609e+00 1.360558509826660156e+00 3.129217624664306641e-01 2.717104911804199219e+00 1.845918178558349609e+00 1.360558509826660156e+00 3.129217624664306641e-01 2.717104911804199219e+00
