# step, loss_train, loss_test, metrics_test
0.000000000000000000e+00 7.089083750000000000e+05 1.644008422851562500e+03 4.981709375000000000e+05 2.089810546875000000e+03 7.089083750000000000e+05 1.644008422851562500e+03 4.981709375000000000e+05 2.089810546875000000e+03
1.000000000000000000e+03 3.811129150390625000e+02 3.059077835083007812e+01 1.537019348144531250e+02 2.393232879638671875e+02 3.811129150390625000e+02 3.059077835083007812e+01 1.537019348144531250e+02 2.393232879638671875e+02
2.000000000000000000e+03 2.568343505859375000e+02 2.875917053222656250e+01 7.601412200927734375e+01 2.315311431884765625e+02 2.568343505859375000e+02 2.875917053222656250e+01 7.601412200927734375e+01 2.315311431884765625e+02
3.000000000000000000e+03 7.943846130371093750e+01 2.594796562194824219e+01 8.514571189880371094e+00 2.238009796142578125e+02 7.943846130371093750e+01 2.594796562194824219e+01 8.514571189880371094e+00 2.238009796142578125e+02
4.000000000000000000e+03 5.507444763183593750e+01 2.154647445678710938e+01 7.844381332397460938e+00 2.209870300292968750e+02 5.507444763183593750e+01 2.154647445678710938e+01 7.844381332397460938e+00 2.209870300292968750e+02
5.000000000000000000e+03 2.626267814636230469e+01 1.800793647766113281e+01 2.188200950622558594e+00 2.140544891357421875e+02 2.626267814636230469e+01 1.800793647766113281e+01 2.188200950622558594e+00 2.140544891357421875e+02
6.000000000000000000e+03 2.110134315490722656e+01 1.468287467956542969e+01 4.480808258056640625e+00 2.066471252441406250e+02 2.110134315490722656e+01 1.468287467956542969e+01 4.480808258056640625e+00 2.066471252441406250e+02
7.000000000000000000e+03 2.407162666320800781e+01 1.253772640228271484e+01 8.584650039672851562e+00 2.058836059570312500e+02 2.407162666320800781e+01 1.253772640228271484e+01 8.584650039672851562e+00 2.058836059570312500e+02
8.000000000000000000e+03 1.410737800598144531e+01 5.468770027160644531e+00 3.844789028167724609e+00 2.050708770751953125e+02 1.410737800598144531e+01 5.468770027160644531e+00 3.844789028167724609e+00 2.050708770751953125e+02
9.000000000000000000e+03 3.423623657226562500e+01 5.025940418243408203e+00 4.546221008300781250e+02 2.021336822509765625e+02 3.423623657226562500e+01 5.025940418243408203e+00 4.546221008300781250e+02 2.021336822509765625e+02
1.000000000000000000e+04 1.360870552062988281e+01 4.665736675262451172e+00 1.326790332794189453e+00 2.011620788574218750e+02 1.360870552062988281e+01 4.665736675262451172e+00 1.326790332794189453e+00 2.011620788574218750e+02
1.100000000000000000e+04 9.446672439575195312e+00 2.864915370941162109e+00 3.591458082199096680e+00 1.928778228759765625e+02 9.446672439575195312e+00 2.864915370941162109e+00 3.591458082199096680e+00 1.928778228759765625e+02
1.200000000000000000e+04 1.047672367095947266e+01 2.534727096557617188e+00 3.823047256469726562e+01 1.880990600585937500e+02 1.047672367095947266e+01 2.534727096557617188e+00 3.823047256469726562e+01 1.880990600585937500e+02
1.300000000000000000e+04 1.168774318695068359e+01 5.915093421936035156e+00 1.016437072753906250e+02 1.818994140625000000e+02 1.168774318695068359e+01 5.915093421936035156e+00 1.016437072753906250e+02 1.818994140625000000e+02
1.400000000000000000e+04 7.292562630027532578e-03 1.395436859130859375e+01 2.774579345703125000e+03 2.174649353027343750e+02 7.292562630027532578e-03 1.395436859130859375e+01 2.774579345703125000e+03 2.174649353027343750e+02
1.500000000000000000e+04 7.919206982478499413e-04 1.386333560943603516e+01 2.774576171875000000e+03 2.173972015380859375e+02 7.919206982478499413e-04 1.386333560943603516e+01 2.774576171875000000e+03 2.173972015380859375e+02
1.600000000000000000e+04 9.725191116333007812e+00 1.415027904510498047e+01 5.725970458984375000e+02 2.085713043212890625e+02 9.725191116333007812e+00 1.415027904510498047e+01 5.725970458984375000e+02 2.085713043212890625e+02
1.700000000000000000e+04 8.503076553344726562e+00 1.186331748962402344e+01 5.836459960937500000e+02 2.052366333007812500e+02 8.503076553344726562e+00 1.186331748962402344e+01 5.836459960937500000e+02 2.052366333007812500e+02
1.800000000000000000e+04 7.014863967895507812e+00 1.073504257202148438e+01 5.970914306640625000e+02 2.038505401611328125e+02 7.014863967895507812e+00 1.073504257202148438e+01 5.970914306640625000e+02 2.038505401611328125e+02
1.900000000000000000e+04 5.578337669372558594e+00 9.981781959533691406e+00 6.975674438476562500e+02 2.041042938232421875e+02 5.578337669372558594e+00 9.981781959533691406e+00 6.975674438476562500e+02 2.041042938232421875e+02
2.000000000000000000e+04 6.075476646423339844e+00 9.243237495422363281e+00 9.333699340820312500e+02 2.015180664062500000e+02 6.075476646423339844e+00 9.243237495422363281e+00 9.333699340820312500e+02 2.015180664062500000e+02
