# step, loss_train, loss_test, metrics_test
0.000000000000000000e+00 6.175270996093750000e+02 3.969309997558593750e+01 4.108942382812500000e+03 3.870812072753906250e+02 6.175270996093750000e+02 3.969309997558593750e+01 4.108942382812500000e+03 3.870812072753906250e+02
1.000000000000000000e+03 4.401234164834022522e-02 2.034964942932128906e+01 2.062692871093750000e+03 4.015664672851562500e+02 4.401234164834022522e-02 2.034964942932128906e+01 2.062692871093750000e+03 4.015664672851562500e+02
2.000000000000000000e+03 3.078876808285713196e-02 2.034971237182617188e+01 2.062693359375000000e+03 4.015663757324218750e+02 3.078876808285713196e-02 2.034971237182617188e+01 2.062693359375000000e+03 4.015663757324218750e+02
3.000000000000000000e+03 1.769174635410308838e-02 2.034973907470703125e+01 2.062692626953125000e+03 4.015662536621093750e+02 1.769174635410308838e-02 2.034973907470703125e+01 2.062692626953125000e+03 4.015662536621093750e+02
4.000000000000000000e+03 8.014818653464317322e-03 2.034980583190917969e+01 2.062691650390625000e+03 4.015660705566406250e+02 8.014818653464317322e-03 2.034980583190917969e+01 2.062691650390625000e+03 4.015660705566406250e+02
5.000000000000000000e+03 2.526542637497186661e-03 2.034986114501953125e+01 2.062691894531250000e+03 4.015659790039062500e+02 2.526542637497186661e-03 2.034986114501953125e+01 2.062691894531250000e+03 4.015659790039062500e+02
6.000000000000000000e+03 6.184380035847425461e-04 2.034984207153320312e+01 2.062691406250000000e+03 4.015658264160156250e+02 6.184380035847425461e-04 2.034984207153320312e+01 2.062691406250000000e+03 4.015658264160156250e+02
7.000000000000000000e+03 3.145291120745241642e-04 2.034986495971679688e+01 2.062691650390625000e+03 4.015657653808593750e+02 3.145291120745241642e-04 2.034986495971679688e+01 2.062691650390625000e+03 4.015657653808593750e+02
8.000000000000000000e+03 2.977689146064221859e-04 2.034987068176269531e+01 2.062692626953125000e+03 4.015657653808593750e+02 2.977689146064221859e-04 2.034987068176269531e+01 2.062692626953125000e+03 4.015657653808593750e+02
9.000000000000000000e+03 2.766549296211451292e-04 2.034987258911132812e+01 2.062692871093750000e+03 4.015657653808593750e+02 2.766549296211451292e-04 2.034987258911132812e+01 2.062692871093750000e+03 4.015657653808593750e+02
1.000000000000000000e+04 2.382868260610848665e-04 2.034986114501953125e+01 2.062692626953125000e+03 4.015657348632812500e+02 2.382868260610848665e-04 2.034986114501953125e+01 2.062692626953125000e+03 4.015657348632812500e+02
1.100000000000000000e+04 1.937725319294258952e-04 2.035170173645019531e+01 2.062687988281250000e+03 4.015672302246093750e+02 1.937725319294258952e-04 2.035170173645019531e+01 2.062687988281250000e+03 4.015672302246093750e+02
1.200000000000000000e+04 2.466718251525890082e-05 2.034998512268066406e+01 2.062691650390625000e+03 4.015658264160156250e+02 2.466718251525890082e-05 2.034998512268066406e+01 2.062691650390625000e+03 4.015658264160156250e+02
1.300000000000000000e+04 9.816220263019204140e-04 2.024233245849609375e+01 2.062918945312500000e+03 4.014777526855468750e+02 9.816220263019204140e-04 2.024233245849609375e+01 2.062918945312500000e+03 4.014777526855468750e+02
1.400000000000000000e+04 9.091217179957311600e-06 2.034795570373535156e+01 2.062694824218750000e+03 4.015642089843750000e+02 9.091217179957311600e-06 2.034795570373535156e+01 2.062694824218750000e+03 4.015642089843750000e+02
1.500000000000000000e+04 4.562850719480593398e-08 2.501864624023437500e+01 2.099034179687500000e+03 4.054195556640625000e+02 4.562850719480593398e-08 2.501864624023437500e+01 2.099034179687500000e+03 4.054195556640625000e+02
1.600000000000000000e+04 3.689321204092266271e-07 2.034799194335937500e+01 2.062695068359375000e+03 4.015642089843750000e+02 3.689321204092266271e-07 2.034799194335937500e+01 2.062695068359375000e+03 4.015642089843750000e+02
1.700000000000000000e+04 5.106726916892512236e-07 2.035197639465332031e+01 2.062687744140625000e+03 4.015674438476562500e+02 5.106726916892512236e-07 2.035197639465332031e+01 2.062687744140625000e+03 4.015674438476562500e+02
1.800000000000000000e+04 3.834997812646179227e-07 2.034996986389160156e+01 2.062691406250000000e+03 4.015658264160156250e+02 3.834997812646179227e-07 2.034996986389160156e+01 2.062691406250000000e+03 4.015658264160156250e+02
1.900000000000000000e+04 2.317766529813525267e-07 2.034357643127441406e+01 2.062703125000000000e+03 4.015605468750000000e+02 2.317766529813525267e-07 2.034357643127441406e+01 2.062703125000000000e+03 4.015605468750000000e+02
2.000000000000000000e+04 1.245608984845603118e-07 2.035058021545410156e+01 2.062690429687500000e+03 4.015663146972656250e+02 1.245608984845603118e-07 2.035058021545410156e+01 2.062690429687500000e+03 4.015663146972656250e+02
