# step, loss_train, loss_test, metrics_test
0.000000000000000000e+00 1.139224609375000000e+03 2.654093742370605469e+01 6.031281250000000000e+03 3.725328674316406250e+02 1.139224609375000000e+03 2.654093742370605469e+01 6.031281250000000000e+03 3.725328674316406250e+02
1.000000000000000000e+03 1.923237152099609375e+02 1.486358261108398438e+01 3.421624511718750000e+03 3.550010375976562500e+02 1.923237152099609375e+02 1.486358261108398438e+01 3.421624511718750000e+03 3.550010375976562500e+02
2.000000000000000000e+03 1.665761260986328125e+02 1.441756343841552734e+01 1.302653808593750000e+03 3.520397033691406250e+02 1.665761260986328125e+02 1.441756343841552734e+01 1.302653808593750000e+03 3.520397033691406250e+02
3.000000000000000000e+03 5.865616607666015625e+01 1.683342170715332031e+01 1.030214111328125000e+03 3.559662475585937500e+02 5.865616607666015625e+01 1.683342170715332031e+01 1.030214111328125000e+03 3.559662475585937500e+02
4.000000000000000000e+03 4.450180816650390625e+01 1.756486701965332031e+01 8.363315429687500000e+02 3.537985229492187500e+02 4.450180816650390625e+01 1.756486701965332031e+01 8.363315429687500000e+02 3.537985229492187500e+02
5.000000000000000000e+03 5.366772460937500000e+01 1.945040321350097656e+01 4.976239013671875000e+02 3.496642761230468750e+02 5.366772460937500000e+01 1.945040321350097656e+01 4.976239013671875000e+02 3.496642761230468750e+02
6.000000000000000000e+03 4.215901947021484375e+01 2.248053741455078125e+01 1.384650268554687500e+02 3.460375976562500000e+02 4.215901947021484375e+01 2.248053741455078125e+01 1.384650268554687500e+02 3.460375976562500000e+02
7.000000000000000000e+03 2.362254714965820312e+01 2.512493324279785156e+01 2.023602867126464844e+01 3.406271667480468750e+02 2.362254714965820312e+01 2.512493324279785156e+01 2.023602867126464844e+01 3.406271667480468750e+02
8.000000000000000000e+03 1.325456619262695312e+01 2.627707481384277344e+01 7.759741306304931641e+00 3.366955566406250000e+02 1.325456619262695312e+01 2.627707481384277344e+01 7.759741306304931641e+00 3.366955566406250000e+02
9.000000000000000000e+03 8.570726394653320312e+00 2.637253761291503906e+01 5.607726097106933594e+00 3.342916870117187500e+02 8.570726394653320312e+00 2.637253761291503906e+01 5.607726097106933594e+00 3.342916870117187500e+02
1.000000000000000000e+04 5.709216594696044922e+00 2.597457695007324219e+01 4.381796836853027344e+00 3.321917419433593750e+02 5.709216594696044922e+00 2.597457695007324219e+01 4.381796836853027344e+00 3.321917419433593750e+02
1.100000000000000000e+04 3.697711944580078125e+00 2.534828948974609375e+01 3.469782352447509766e+00 3.300432434082031250e+02 3.697711944580078125e+00 2.534828948974609375e+01 3.469782352447509766e+00 3.300432434082031250e+02
1.200000000000000000e+04 2.372379302978515625e+00 2.443685340881347656e+01 2.598653316497802734e+00 3.278207092285156250e+02 2.372379302978515625e+00 2.443685340881347656e+01 2.598653316497802734e+00 3.278207092285156250e+02
1.300000000000000000e+04 1.710705637931823730e+00 2.305063629150390625e+01 1.718742370605468750e+00 3.254119873046875000e+02 1.710705637931823730e+00 2.305063629150390625e+01 1.718742370605468750e+00 3.254119873046875000e+02
1.400000000000000000e+04 1.563359618186950684e+00 2.096329307556152344e+01 9.585341215133666992e-01 3.224984741210937500e+02 1.563359618186950684e+00 2.096329307556152344e+01 9.585341215133666992e-01 3.224984741210937500e+02
1.500000000000000000e+04 1.632975101470947266e+00 1.797092247009277344e+01 5.635662078857421875e-01 3.188049316406250000e+02 1.632975101470947266e+00 1.797092247009277344e+01 5.635662078857421875e-01 3.188049316406250000e+02
1.600000000000000000e+04 1.649589180946350098e+00 1.564594268798828125e+01 6.061714291572570801e-01 3.138670349121093750e+02 1.649589180946350098e+00 1.564594268798828125e+01 6.061714291572570801e-01 3.138670349121093750e+02
1.700000000000000000e+04 1.647227764129638672e+00 1.571090412139892578e+01 1.059100508689880371e+00 3.057889709472656250e+02 1.647227764129638672e+00 1.571090412139892578e+01 1.059100508689880371e+00 3.057889709472656250e+02
1.800000000000000000e+04 2.296312570571899414e+00 1.811003875732421875e+01 1.899332880973815918e+00 2.904432373046875000e+02 2.296312570571899414e+00 1.811003875732421875e+01 1.899332880973815918e+00 2.904432373046875000e+02
1.900000000000000000e+04 4.623259544372558594e+00 2.151183891296386719e+01 2.415579080581665039e+00 2.660608825683593750e+02 4.623259544372558594e+00 2.151183891296386719e+01 2.415579080581665039e+00 2.660608825683593750e+02
2.000000000000000000e+04 7.617833137512207031e+00 2.259386444091796875e+01 3.298202991485595703e+00 2.426956787109375000e+02 7.617833137512207031e+00 2.259386444091796875e+01 3.298202991485595703e+00 2.426956787109375000e+02
