# step, loss_train, loss_test, metrics_test
0.000000000000000000e+00 1.025128199216851499e-06 3.660487747192382812e+01 6.889648437500000000e+03 1.178056793212890625e+02 1.025128199216851499e-06 3.660487747192382812e+01 6.889648437500000000e+03 1.178056793212890625e+02
1.000000000000000000e+03 1.540561318397521973e+00 2.744478607177734375e+01 1.059471679687500000e+03 1.159423522949218750e+02 1.540561318397521973e+00 2.744478607177734375e+01 1.059471679687500000e+03 1.159423522949218750e+02
2.000000000000000000e+03 4.184196591377258301e-01 5.201852035522460938e+01 9.749753952026367188e+00 1.106780319213867188e+02 4.184196591377258301e-01 5.201852035522460938e+01 9.749753952026367188e+00 1.106780319213867188e+02
3.000000000000000000e+03 3.587242066860198975e-01 5.221969985961914062e+01 6.163166999816894531e+00 1.104908142089843750e+02 3.587242066860198975e-01 5.221969985961914062e+01 6.163166999816894531e+00 1.104908142089843750e+02
4.000000000000000000e+03 3.373937010765075684e-01 5.161481475830078125e+01 4.417122840881347656e+00 1.109043121337890625e+02 3.373937010765075684e-01 5.161481475830078125e+01 4.417122840881347656e+00 1.109043121337890625e+02
5.000000000000000000e+03 3.184211254119873047e-01 5.104805755615234375e+01 3.470475912094116211e+00 1.111856079101562500e+02 3.184211254119873047e-01 5.104805755615234375e+01 3.470475912094116211e+00 1.111856079101562500e+02
6.000000000000000000e+03 3.021841049194335938e-01 5.054801559448242188e+01 2.953929901123046875e+00 1.113410034179687500e+02 3.021841049194335938e-01 5.054801559448242188e+01 2.953929901123046875e+00 1.113410034179687500e+02
7.000000000000000000e+03 2.883390784263610840e-01 5.008901596069335938e+01 2.656164169311523438e+00 1.114188842773437500e+02 2.883390784263610840e-01 5.008901596069335938e+01 2.656164169311523438e+00 1.114188842773437500e+02
8.000000000000000000e+03 2.766256034374237061e-01 4.964110565185546875e+01 2.483386754989624023e+00 1.114458389282226562e+02 2.766256034374237061e-01 4.964110565185546875e+01 2.483386754989624023e+00 1.114458389282226562e+02
9.000000000000000000e+03 2.663786411285400391e-01 4.921236038208007812e+01 2.363595247268676758e+00 1.114268417358398438e+02 2.663786411285400391e-01 4.921236038208007812e+01 2.363595247268676758e+00 1.114268417358398438e+02
1.000000000000000000e+04 2.580375969409942627e-01 4.868762969970703125e+01 2.324041128158569336e+00 1.113839111328125000e+02 2.580375969409942627e-01 4.868762969970703125e+01 2.324041128158569336e+00 1.113839111328125000e+02
1.100000000000000000e+04 2.509849965572357178e-01 4.808440017700195312e+01 2.353169441223144531e+00 1.113104248046875000e+02 2.509849965572357178e-01 4.808440017700195312e+01 2.353169441223144531e+00 1.113104248046875000e+02
1.200000000000000000e+04 2.446417510509490967e-01 4.749358749389648438e+01 2.304132223129272461e+00 1.111935272216796875e+02 2.446417510509490967e-01 4.749358749389648438e+01 2.304132223129272461e+00 1.111935272216796875e+02
1.300000000000000000e+04 2.395896613597869873e-01 4.677279663085937500e+01 2.308164358139038086e+00 1.110482482910156250e+02 2.395896613597869873e-01 4.677279663085937500e+01 2.308164358139038086e+00 1.110482482910156250e+02
1.400000000000000000e+04 2.351346015930175781e-01 4.610899734497070312e+01 2.570563554763793945e+00 1.108429260253906250e+02 2.351346015930175781e-01 4.610899734497070312e+01 2.570563554763793945e+00 1.108429260253906250e+02
1.500000000000000000e+04 2.332043051719665527e-01 4.503716278076171875e+01 2.295028448104858398e+00 1.106288757324218750e+02 2.332043051719665527e-01 4.503716278076171875e+01 2.295028448104858398e+00 1.106288757324218750e+02
1.600000000000000000e+04 2.331215590238571167e-01 4.385600280761718750e+01 2.285613298416137695e+00 1.103652343750000000e+02 2.331215590238571167e-01 4.385600280761718750e+01 2.285613298416137695e+00 1.103652343750000000e+02
1.700000000000000000e+04 2.348563522100448608e-01 4.258726119995117188e+01 2.276937961578369141e+00 1.100545654296875000e+02 2.348563522100448608e-01 4.258726119995117188e+01 2.276937961578369141e+00 1.100545654296875000e+02
1.800000000000000000e+04 2.384553104639053345e-01 4.120233154296875000e+01 2.243985414505004883e+00 1.096969299316406250e+02 2.384553104639053345e-01 4.120233154296875000e+01 2.243985414505004883e+00 1.096969299316406250e+02
1.900000000000000000e+04 2.430144697427749634e-01 3.968918991088867188e+01 2.221997499465942383e+00 1.093080444335937500e+02 2.430144697427749634e-01 3.968918991088867188e+01 2.221997499465942383e+00 1.093080444335937500e+02
2.000000000000000000e+04 2.464688420295715332e-01 3.813964462280273438e+01 2.204607009887695312e+00 1.089107894897460938e+02 2.464688420295715332e-01 3.813964462280273438e+01 2.204607009887695312e+00 1.089107894897460938e+02
