# step, loss_train, loss_test, metrics_test
0.000000000000000000e+00 2.110001678466796875e+02 3.659460449218750000e+01 1.972709594726562500e+03 3.510463256835937500e+02 2.110001678466796875e+02 3.659460449218750000e+01 1.972709594726562500e+03 3.510463256835937500e+02
1.000000000000000000e+03 7.631059265136718750e+01 2.544930267333984375e+01 1.101773681640625000e+02 3.284329223632812500e+02 7.631059265136718750e+01 2.544930267333984375e+01 1.101773681640625000e+02 3.284329223632812500e+02
2.000000000000000000e+03 2.313541412353515625e+01 2.758975028991699219e+01 5.352274894714355469e+00 3.152774658203125000e+02 2.313541412353515625e+01 2.758975028991699219e+01 5.352274894714355469e+00 3.152774658203125000e+02
3.000000000000000000e+03 1.356908130645751953e+01 2.043805313110351562e+01 1.819154739379882812e+00 3.017049865722656250e+02 1.356908130645751953e+01 2.043805313110351562e+01 1.819154739379882812e+00 3.017049865722656250e+02
4.000000000000000000e+03 1.153530883789062500e+01 1.038307476043701172e+01 9.847313761711120605e-01 2.882494812011718750e+02 1.153530883789062500e+01 1.038307476043701172e+01 9.847313761711120605e-01 2.882494812011718750e+02
5.000000000000000000e+03 7.876946449279785156e+00 8.706262588500976562e+00 1.077202081680297852e+00 2.705872497558593750e+02 7.876946449279785156e+00 8.706262588500976562e+00 1.077202081680297852e+00 2.705872497558593750e+02
6.000000000000000000e+03 1.787335968017578125e+01 5.735222816467285156e+00 1.032352805137634277e+00 2.111589508056640625e+02 1.787335968017578125e+01 5.735222816467285156e+00 1.032352805137634277e+00 2.111589508056640625e+02
7.000000000000000000e+03 3.122521591186523438e+01 4.263922572135925293e-01 1.339534759521484375e+00 5.346202850341796875e+01 3.122521591186523438e+01 4.263922572135925293e-01 1.339534759521484375e+00 5.346202850341796875e+01
8.000000000000000000e+03 2.188461303710937500e+01 8.728150278329849243e-02 1.268057823181152344e+00 2.536742210388183594e+01 2.188461303710937500e+01 8.728150278329849243e-02 1.268057823181152344e+00 2.536742210388183594e+01
9.000000000000000000e+03 1.757638740539550781e+01 1.124670058488845825e-01 2.187724351882934570e+00 1.644582748413085938e+01 1.757638740539550781e+01 1.124670058488845825e-01 2.187724351882934570e+00 1.644582748413085938e+01
1.000000000000000000e+04 1.170640850067138672e+01 4.800014197826385498e-02 5.444878935813903809e-01 1.123445415496826172e+01 1.170640850067138672e+01 4.800014197826385498e-02 5.444878935813903809e-01 1.123445415496826172e+01
1.100000000000000000e+04 1.014985561370849609e+01 6.154354289174079895e-02 5.077102780342102051e-01 8.042183876037597656e+00 1.014985561370849609e+01 6.154354289174079895e-02 5.077102780342102051e-01 8.042183876037597656e+00
1.200000000000000000e+04 8.933065414428710938e+00 9.958545118570327759e-02 2.105279684066772461e+00 7.060472488403320312e+00 8.933065414428710938e+00 9.958545118570327759e-02 2.105279684066772461e+00 7.060472488403320312e+00
1.300000000000000000e+04 6.627445220947265625e+00 4.532087221741676331e-02 2.876459598541259766e+00 4.666285037994384766e+00 6.627445220947265625e+00 4.532087221741676331e-02 2.876459598541259766e+00 4.666285037994384766e+00
1.400000000000000000e+04 5.200932979583740234e+00 1.912330277264118195e-02 7.971805334091186523e-02 3.391702890396118164e+00 5.200932979583740234e+00 1.912330277264118195e-02 7.971805334091186523e-02 3.391702890396118164e+00
1.500000000000000000e+04 5.527469158172607422e+00 2.964642271399497986e-02 2.699877023696899414e+00 2.507455825805664062e+00 5.527469158172607422e+00 2.964642271399497986e-02 2.699877023696899414e+00 2.507455825805664062e+00
1.600000000000000000e+04 4.099661827087402344e+00 1.410983130335807800e-02 1.535904854536056519e-01 1.987454891204833984e+00 4.099661827087402344e+00 1.410983130335807800e-02 1.535904854536056519e-01 1.987454891204833984e+00
1.700000000000000000e+04 4.410794734954833984e+00 1.741465367376804352e-02 1.625866651535034180e+00 1.884780406951904297e+00 4.410794734954833984e+00 1.741465367376804352e-02 1.625866651535034180e+00 1.884780406951904297e+00
1.800000000000000000e+04 3.494343280792236328e+00 9.703705087304115295e-03 6.526801586151123047e-01 1.442573547363281250e+00 3.494343280792236328e+00 9.703705087304115295e-03 6.526801586151123047e-01 1.442573547363281250e+00
1.900000000000000000e+04 3.214786767959594727e+00 7.253796793520450592e-03 6.707604229450225830e-02 1.138086318969726562e+00 3.214786767959594727e+00 7.253796793520450592e-03 6.707604229450225830e-02 1.138086318969726562e+00
2.000000000000000000e+04 2.590873479843139648e+00 7.555358577519655228e-03 1.643870621919631958e-01 9.267271161079406738e-01 2.590873479843139648e+00 7.555358577519655228e-03 1.643870621919631958e-01 9.267271161079406738e-01
