# step, loss_train, loss_test, metrics_test
0.000000000000000000e+00 0.000000000000000000e+00 2.326553726196289062e+01 7.069012207031250000e+03 4.000000915527343750e+02 0.000000000000000000e+00 2.326553726196289062e+01 7.069012207031250000e+03 4.000000915527343750e+02
1.000000000000000000e+03 0.000000000000000000e+00 1.475327682495117188e+01 2.641206054687500000e+03 3.898486328125000000e+02 0.000000000000000000e+00 1.475327682495117188e+01 2.641206054687500000e+03 3.898486328125000000e+02
2.000000000000000000e+03 0.000000000000000000e+00 1.475327968597412109e+01 2.641206054687500000e+03 3.898486328125000000e+02 0.000000000000000000e+00 1.475327968597412109e+01 2.641206054687500000e+03 3.898486328125000000e+02
3.000000000000000000e+03 0.000000000000000000e+00 1.475327968597412109e+01 2.641206054687500000e+03 3.898486328125000000e+02 0.000000000000000000e+00 1.475327968597412109e+01 2.641206054687500000e+03 3.898486328125000000e+02
4.000000000000000000e+03 0.000000000000000000e+00 1.471151542663574219e+01 2.641305175781250000e+03 3.898025512695312500e+02 0.000000000000000000e+00 1.471151542663574219e+01 2.641305175781250000e+03 3.898025512695312500e+02
5.000000000000000000e+03 0.000000000000000000e+00 1.475341320037841797e+01 2.641205566406250000e+03 3.898487548828125000e+02 0.000000000000000000e+00 1.475341320037841797e+01 2.641205566406250000e+03 3.898487548828125000e+02
6.000000000000000000e+03 0.000000000000000000e+00 1.476111698150634766e+01 2.641189941406250000e+03 3.898572692871093750e+02 0.000000000000000000e+00 1.476111698150634766e+01 2.641189941406250000e+03 3.898572692871093750e+02
7.000000000000000000e+03 0.000000000000000000e+00 1.469218254089355469e+01 2.641359375000000000e+03 3.897811889648437500e+02 0.000000000000000000e+00 1.469218254089355469e+01 2.641359375000000000e+03 3.897811889648437500e+02
8.000000000000000000e+03 0.000000000000000000e+00 1.475325775146484375e+01 2.641206054687500000e+03 3.898486022949218750e+02 0.000000000000000000e+00 1.475325775146484375e+01 2.641206054687500000e+03 3.898486022949218750e+02
9.000000000000000000e+03 0.000000000000000000e+00 1.475327682495117188e+01 2.641206054687500000e+03 3.898486328125000000e+02 0.000000000000000000e+00 1.475327682495117188e+01 2.641206054687500000e+03 3.898486328125000000e+02
1.000000000000000000e+04 0.000000000000000000e+00 1.475325393676757812e+01 2.641206054687500000e+03 3.898486022949218750e+02 0.000000000000000000e+00 1.475325393676757812e+01 2.641206054687500000e+03 3.898486022949218750e+02
1.100000000000000000e+04 0.000000000000000000e+00 1.475333023071289062e+01 2.641206054687500000e+03 3.898486938476562500e+02 0.000000000000000000e+00 1.475333023071289062e+01 2.641206054687500000e+03 3.898486938476562500e+02
1.200000000000000000e+04 0.000000000000000000e+00 1.475322914123535156e+01 2.641206054687500000e+03 3.898485717773437500e+02 0.000000000000000000e+00 1.475322914123535156e+01 2.641206054687500000e+03 3.898485717773437500e+02
1.300000000000000000e+04 0.000000000000000000e+00 1.475328922271728516e+01 2.641206054687500000e+03 3.898486328125000000e+02 0.000000000000000000e+00 1.475328922271728516e+01 2.641206054687500000e+03 3.898486328125000000e+02
1.400000000000000000e+04 0.000000000000000000e+00 1.475255775451660156e+01 2.641207519531250000e+03 3.898478088378906250e+02 0.000000000000000000e+00 1.475255775451660156e+01 2.641207519531250000e+03 3.898478088378906250e+02
1.500000000000000000e+04 0.000000000000000000e+00 1.482015037536621094e+01 2.641094726562500000e+03 3.899224853515625000e+02 0.000000000000000000e+00 1.482015037536621094e+01 2.641094726562500000e+03 3.899224853515625000e+02
1.600000000000000000e+04 0.000000000000000000e+00 1.474992084503173828e+01 2.641212890625000000e+03 3.898449096679687500e+02 0.000000000000000000e+00 1.474992084503173828e+01 2.641212890625000000e+03 3.898449096679687500e+02
1.700000000000000000e+04 0.000000000000000000e+00 1.475318431854248047e+01 2.641206054687500000e+03 3.898485412597656250e+02 0.000000000000000000e+00 1.475318431854248047e+01 2.641206054687500000e+03 3.898485412597656250e+02
1.800000000000000000e+04 0.000000000000000000e+00 1.475555133819580078e+01 2.641201171875000000e+03 3.898511657714843750e+02 0.000000000000000000e+00 1.475555133819580078e+01 2.641201171875000000e+03 3.898511657714843750e+02
1.900000000000000000e+04 0.000000000000000000e+00 1.475332260131835938e+01 2.641206054687500000e+03 3.898486938476562500e+02 0.000000000000000000e+00 1.475332260131835938e+01 2.641206054687500000e+03 3.898486938476562500e+02
2.000000000000000000e+04 0.000000000000000000e+00 1.471928691864013672e+01 2.641284912109375000e+03 3.898111267089843750e+02 0.000000000000000000e+00 1.471928691864013672e+01 2.641284912109375000e+03 3.898111267089843750e+02
