# step, loss_train, loss_test, metrics_test
0.000000000000000000e+00 6.452841406250000000e+04 0.000000000000000000e+00 2.021297851562500000e+04 7.612556762695312500e+02 6.452841406250000000e+04 0.000000000000000000e+00 2.021297851562500000e+04 7.612556762695312500e+02
1.000000000000000000e+03 4.986581250000000000e+04 0.000000000000000000e+00 1.832428906250000000e+04 7.141680908203125000e+02 4.986581250000000000e+04 0.000000000000000000e+00 1.832428906250000000e+04 7.141680908203125000e+02
2.000000000000000000e+03 3.829629687500000000e+04 0.000000000000000000e+00 1.664248828125000000e+04 6.738347167968750000e+02 3.829629687500000000e+04 0.000000000000000000e+00 1.664248828125000000e+04 6.738347167968750000e+02
3.000000000000000000e+03 2.912490429687500000e+04 0.000000000000000000e+00 1.511294140625000000e+04 6.387874145507812500e+02 2.912490429687500000e+04 0.000000000000000000e+00 1.511294140625000000e+04 6.387874145507812500e+02
4.000000000000000000e+03 2.192870507812500000e+04 0.000000000000000000e+00 1.369565820312500000e+04 6.079686279296875000e+02 2.192870507812500000e+04 0.000000000000000000e+00 1.369565820312500000e+04 6.079686279296875000e+02
5.000000000000000000e+03 1.640976757812500000e+04 0.000000000000000000e+00 1.235694824218750000e+04 5.806751708984375000e+02 1.640976757812500000e+04 0.000000000000000000e+00 1.235694824218750000e+04 5.806751708984375000e+02
6.000000000000000000e+03 1.230124414062500000e+04 0.000000000000000000e+00 1.107120605468750000e+04 5.565154418945312500e+02 1.230124414062500000e+04 0.000000000000000000e+00 1.107120605468750000e+04 5.565154418945312500e+02
7.000000000000000000e+03 9.369476562500000000e+03 0.000000000000000000e+00 9.772439453125000000e+03 5.348674926757812500e+02 9.369476562500000000e+03 0.000000000000000000e+00 9.772439453125000000e+03 5.348674926757812500e+02
8.000000000000000000e+03 7.364948730468750000e+03 0.000000000000000000e+00 8.429657226562500000e+03 5.156961059570312500e+02 7.364948730468750000e+03 0.000000000000000000e+00 8.429657226562500000e+03 5.156961059570312500e+02
9.000000000000000000e+03 6.043079589843750000e+03 0.000000000000000000e+00 7.065196777343750000e+03 4.991631774902343750e+02 6.043079589843750000e+03 0.000000000000000000e+00 7.065196777343750000e+03 4.991631774902343750e+02
1.000000000000000000e+04 5.165948730468750000e+03 0.000000000000000000e+00 5.756168945312500000e+03 4.853048400878906250e+02 5.165948730468750000e+03 0.000000000000000000e+00 5.756168945312500000e+03 4.853048400878906250e+02
1.100000000000000000e+04 4.520654785156250000e+03 0.000000000000000000e+00 4.592606933593750000e+03 4.741172790527343750e+02 4.520654785156250000e+03 0.000000000000000000e+00 4.592606933593750000e+03 4.741172790527343750e+02
1.200000000000000000e+04 3.936032470703125000e+03 0.000000000000000000e+00 3.638648437500000000e+03 4.655585021972656250e+02 3.936032470703125000e+03 0.000000000000000000e+00 3.638648437500000000e+03 4.655585021972656250e+02
1.300000000000000000e+04 3.349318115234375000e+03 0.000000000000000000e+00 2.898394531250000000e+03 4.594057006835937500e+02 3.349318115234375000e+03 0.000000000000000000e+00 2.898394531250000000e+03 4.594057006835937500e+02
1.400000000000000000e+04 2.774539306640625000e+03 0.000000000000000000e+00 2.339743896484375000e+03 4.551665039062500000e+02 2.774539306640625000e+03 0.000000000000000000e+00 2.339743896484375000e+03 4.551665039062500000e+02
1.500000000000000000e+04 2.246013916015625000e+03 0.000000000000000000e+00 1.918901611328125000e+03 4.523893432617187500e+02 2.246013916015625000e+03 0.000000000000000000e+00 1.918901611328125000e+03 4.523893432617187500e+02
1.600000000000000000e+04 1.784427490234375000e+03 0.000000000000000000e+00 1.604101684570312500e+03 4.507671508789062500e+02 1.784427490234375000e+03 0.000000000000000000e+00 1.604101684570312500e+03 4.507671508789062500e+02
1.700000000000000000e+04 1.389892333984375000e+03 0.000000000000000000e+00 1.377175903320312500e+03 4.500881347656250000e+02 1.389892333984375000e+03 0.000000000000000000e+00 1.377175903320312500e+03 4.500881347656250000e+02
1.800000000000000000e+04 1.058954711914062500e+03 0.000000000000000000e+00 1.220486328125000000e+03 4.501398010253906250e+02 1.058954711914062500e+03 0.000000000000000000e+00 1.220486328125000000e+03 4.501398010253906250e+02
1.900000000000000000e+04 7.863917846679687500e+02 0.000000000000000000e+00 1.116079467773437500e+03 4.507280883789062500e+02 7.863917846679687500e+02 0.000000000000000000e+00 1.116079467773437500e+03 4.507280883789062500e+02
2.000000000000000000e+04 5.646615600585937500e+02 0.000000000000000000e+00 1.045921020507812500e+03 4.516310424804687500e+02 5.646615600585937500e+02 0.000000000000000000e+00 1.045921020507812500e+03 4.516310424804687500e+02
