# step, loss_train, loss_test, metrics_test
0.000000000000000000e+00 2.211088134765625000e+03 1.406528186798095703e+01 2.055740966796875000e+03 2.235339050292968750e+02 2.211088134765625000e+03 1.406528186798095703e+01 2.055740966796875000e+03 2.235339050292968750e+02
1.000000000000000000e+03 1.744538421630859375e+02 1.899919128417968750e+01 3.630016479492187500e+02 2.174247741699218750e+02 1.744538421630859375e+02 1.899919128417968750e+01 3.630016479492187500e+02 2.174247741699218750e+02
2.000000000000000000e+03 1.429891510009765625e+02 2.187925720214843750e+01 7.336856842041015625e+01 2.170862731933593750e+02 1.429891510009765625e+02 2.187925720214843750e+01 7.336856842041015625e+01 2.170862731933593750e+02
3.000000000000000000e+03 6.463687133789062500e+01 2.322513961791992188e+01 9.453057289123535156e+00 2.160207977294921875e+02 6.463687133789062500e+01 2.322513961791992188e+01 9.453057289123535156e+00 2.160207977294921875e+02
4.000000000000000000e+03 3.807840347290039062e+01 2.094666862487792969e+01 2.521102905273437500e+00 2.114743652343750000e+02 3.807840347290039062e+01 2.094666862487792969e+01 2.521102905273437500e+00 2.114743652343750000e+02
5.000000000000000000e+03 2.294819450378417969e+01 1.728865814208984375e+01 1.085138678550720215e+00 2.063942413330078125e+02 2.294819450378417969e+01 1.728865814208984375e+01 1.085138678550720215e+00 2.063942413330078125e+02
6.000000000000000000e+03 1.803472137451171875e+01 1.354801177978515625e+01 4.337294101715087891e-01 2.013153839111328125e+02 1.803472137451171875e+01 1.354801177978515625e+01 4.337294101715087891e-01 2.013153839111328125e+02
7.000000000000000000e+03 1.321209812164306641e+01 1.014410018920898438e+01 1.981587857007980347e-01 1.965098571777343750e+02 1.321209812164306641e+01 1.014410018920898438e+01 1.981587857007980347e-01 1.965098571777343750e+02
8.000000000000000000e+03 1.078730392456054688e+01 7.438574790954589844e+00 2.256596386432647705e-01 1.912891540527343750e+02 1.078730392456054688e+01 7.438574790954589844e+00 2.256596386432647705e-01 1.912891540527343750e+02
9.000000000000000000e+03 1.016074371337890625e+01 6.388370990753173828e+00 2.151453495025634766e-01 1.839656066894531250e+02 1.016074371337890625e+01 6.388370990753173828e+00 2.151453495025634766e-01 1.839656066894531250e+02
1.000000000000000000e+04 9.836222648620605469e+00 5.901600837707519531e+00 1.104241088032722473e-01 1.725336761474609375e+02 9.836222648620605469e+00 5.901600837707519531e+00 1.104241088032722473e-01 1.725336761474609375e+02
1.100000000000000000e+04 1.155440330505371094e+01 5.723624229431152344e+00 1.985574662685394287e-01 1.490416107177734375e+02 1.155440330505371094e+01 5.723624229431152344e+00 1.985574662685394287e-01 1.490416107177734375e+02
1.200000000000000000e+04 1.779809379577636719e+01 3.624306917190551758e+00 6.320920586585998535e-01 9.476681518554687500e+01 1.779809379577636719e+01 3.624306917190551758e+00 6.320920586585998535e-01 9.476681518554687500e+01
1.300000000000000000e+04 2.195712852478027344e+01 1.573145508766174316e+00 7.209680676460266113e-01 4.615428161621093750e+01 2.195712852478027344e+01 1.573145508766174316e+00 7.209680676460266113e-01 4.615428161621093750e+01
1.400000000000000000e+04 2.082176780700683594e+01 8.917438983917236328e-01 3.700823783874511719e-01 2.319096183776855469e+01 2.082176780700683594e+01 8.917438983917236328e-01 3.700823783874511719e-01 2.319096183776855469e+01
1.500000000000000000e+04 1.637104606628417969e+01 5.628415942192077637e-01 2.112319171428680420e-01 1.470191287994384766e+01 1.637104606628417969e+01 5.628415942192077637e-01 2.112319171428680420e-01 1.470191287994384766e+01
1.600000000000000000e+04 1.389979076385498047e+01 3.694833517074584961e-01 6.358446478843688965e-01 1.102273082733154297e+01 1.389979076385498047e+01 3.694833517074584961e-01 6.358446478843688965e-01 1.102273082733154297e+01
1.700000000000000000e+04 1.205713176727294922e+01 2.764363288879394531e-01 3.113367781043052673e-02 8.434512138366699219e+00 1.205713176727294922e+01 2.764363288879394531e-01 3.113367781043052673e-02 8.434512138366699219e+00
1.800000000000000000e+04 1.087013149261474609e+01 2.170006930828094482e-01 1.052550822496414185e-01 6.842038154602050781e+00 1.087013149261474609e+01 2.170006930828094482e-01 1.052550822496414185e-01 6.842038154602050781e+00
1.900000000000000000e+04 9.350335121154785156e+00 2.137850672006607056e-01 2.960727810859680176e-01 5.691780567169189453e+00 9.350335121154785156e+00 2.137850672006607056e-01 2.960727810859680176e-01 5.691780567169189453e+00
2.000000000000000000e+04 8.312367439270019531e+00 1.912683099508285522e-01 6.153981089591979980e-01 4.783322811126708984e+00 8.312367439270019531e+00 1.912683099508285522e-01 6.153981089591979980e-01 4.783322811126708984e+00
