# step, loss_train, loss_test, metrics_test
0.000000000000000000e+00 0.000000000000000000e+00 1.089090576171875000e+02 7.719448242187500000e+03 4.097485046386718750e+02 0.000000000000000000e+00 1.089090576171875000e+02 7.719448242187500000e+03 4.097485046386718750e+02
1.000000000000000000e+03 0.000000000000000000e+00 1.841425132751464844e+01 1.056332588195800781e+00 2.364954376220703125e+02 0.000000000000000000e+00 1.841425132751464844e+01 1.056332588195800781e+00 2.364954376220703125e+02
2.000000000000000000e+03 0.000000000000000000e+00 1.129277133941650391e+01 3.876124858856201172e+00 9.247476959228515625e+01 0.000000000000000000e+00 1.129277133941650391e+01 3.876124858856201172e+00 9.247476959228515625e+01
3.000000000000000000e+03 0.000000000000000000e+00 2.326545715332031250e+01 7.038669109344482422e+00 1.202827911376953125e+02 0.000000000000000000e+00 2.326545715332031250e+01 7.038669109344482422e+00 1.202827911376953125e+02
4.000000000000000000e+03 0.000000000000000000e+00 1.078310089111328125e+02 1.034891601562500000e+04 1.930528564453125000e+02 0.000000000000000000e+00 1.078310089111328125e+02 1.034891601562500000e+04 1.930528564453125000e+02
5.000000000000000000e+03 0.000000000000000000e+00 2.576886117458343506e-01 3.105464875698089600e-01 1.867146492004394531e+01 0.000000000000000000e+00 2.576886117458343506e-01 3.105464875698089600e-01 1.867146492004394531e+01
6.000000000000000000e+03 0.000000000000000000e+00 4.049588203430175781e+00 2.620778808593750000e+02 1.061087703704833984e+01 0.000000000000000000e+00 4.049588203430175781e+00 2.620778808593750000e+02 1.061087703704833984e+01
7.000000000000000000e+03 0.000000000000000000e+00 1.841310310363769531e+01 1.127622436523437500e+03 1.379756011962890625e+02 0.000000000000000000e+00 1.841310310363769531e+01 1.127622436523437500e+03 1.379756011962890625e+02
8.000000000000000000e+03 0.000000000000000000e+00 1.411483669281005859e+01 7.816602172851562500e+02 1.998277473449707031e+01 0.000000000000000000e+00 1.411483669281005859e+01 7.816602172851562500e+02 1.998277473449707031e+01
9.000000000000000000e+03 0.000000000000000000e+00 5.179398059844970703e-01 3.408424758911132812e+01 8.675249099731445312e+00 0.000000000000000000e+00 5.179398059844970703e-01 3.408424758911132812e+01 8.675249099731445312e+00
1.000000000000000000e+04 0.000000000000000000e+00 1.422106075286865234e+01 9.578903808593750000e+02 2.343049430847167969e+01 0.000000000000000000e+00 1.422106075286865234e+01 9.578903808593750000e+02 2.343049430847167969e+01
1.100000000000000000e+04 0.000000000000000000e+00 1.680565071105957031e+01 1.538448608398437500e+03 2.507029914855957031e+01 0.000000000000000000e+00 1.680565071105957031e+01 1.538448608398437500e+03 2.507029914855957031e+01
1.200000000000000000e+04 0.000000000000000000e+00 1.805734252929687500e+01 9.628098754882812500e+02 1.704587364196777344e+01 0.000000000000000000e+00 1.805734252929687500e+01 9.628098754882812500e+02 1.704587364196777344e+01
1.300000000000000000e+04 0.000000000000000000e+00 2.201118278503417969e+01 1.285468872070312500e+03 2.149307823181152344e+01 0.000000000000000000e+00 2.201118278503417969e+01 1.285468872070312500e+03 2.149307823181152344e+01
1.400000000000000000e+04 0.000000000000000000e+00 1.918194770812988281e+01 1.607000244140625000e+03 2.311606407165527344e+01 0.000000000000000000e+00 1.918194770812988281e+01 1.607000244140625000e+03 2.311606407165527344e+01
1.500000000000000000e+04 0.000000000000000000e+00 1.225126147270202637e+00 1.430633544921875000e+02 4.579702854156494141e+00 0.000000000000000000e+00 1.225126147270202637e+00 1.430633544921875000e+02 4.579702854156494141e+00
1.600000000000000000e+04 0.000000000000000000e+00 1.256719665527343750e+02 1.060232714843750000e+04 1.316386566162109375e+02 0.000000000000000000e+00 1.256719665527343750e+02 1.060232714843750000e+04 1.316386566162109375e+02
1.700000000000000000e+04 0.000000000000000000e+00 1.969076693058013916e-02 5.276184844970703125e+01 6.778507709503173828e+00 0.000000000000000000e+00 1.969076693058013916e-02 5.276184844970703125e+01 6.778507709503173828e+00
1.800000000000000000e+04 0.000000000000000000e+00 1.227781867980957031e+01 5.819138183593750000e+02 6.246776580810546875e+01 0.000000000000000000e+00 1.227781867980957031e+01 5.819138183593750000e+02 6.246776580810546875e+01
1.900000000000000000e+04 0.000000000000000000e+00 4.605248942971229553e-02 6.238984680175781250e+01 1.451020336151123047e+01 0.000000000000000000e+00 4.605248942971229553e-02 6.238984680175781250e+01 1.451020336151123047e+01
2.000000000000000000e+04 0.000000000000000000e+00 3.561970901489257812e+01 2.351857666015625000e+03 6.081576538085937500e+01 0.000000000000000000e+00 3.561970901489257812e+01 2.351857666015625000e+03 6.081576538085937500e+01
