# step, loss_train, loss_test, metrics_test
0.000000000000000000e+00 3.908137512207031250e+01 6.606512451171875000e+01 4.644729492187500000e+03 3.841422271728515625e+01 3.908137512207031250e+01 6.606512451171875000e+01 4.644729492187500000e+03 3.841422271728515625e+01
1.000000000000000000e+03 5.144742965698242188e+00 3.811210632324218750e+01 2.039317607879638672e+00 3.759809494018554688e+01 5.144742965698242188e+00 3.811210632324218750e+01 2.039317607879638672e+00 3.759809494018554688e+01
2.000000000000000000e+03 4.491183280944824219e+00 1.981114196777343750e+01 1.046432852745056152e+00 3.669251632690429688e+01 4.491183280944824219e+00 1.981114196777343750e+01 1.046432852745056152e+00 3.669251632690429688e+01
3.000000000000000000e+03 4.501820564270019531e+00 5.671572685241699219e+00 5.556820034980773926e-01 3.652041625976562500e+01 4.501820564270019531e+00 5.671572685241699219e+00 5.556820034980773926e-01 3.652041625976562500e+01
4.000000000000000000e+03 3.251488685607910156e+00 2.024106979370117188e+00 2.607480883598327637e-01 3.639819717407226562e+01 3.251488685607910156e+00 2.024106979370117188e+00 2.607480883598327637e-01 3.639819717407226562e+01
5.000000000000000000e+03 2.314857482910156250e+00 1.218034744262695312e+00 1.855908781290054321e-01 3.618134689331054688e+01 2.314857482910156250e+00 1.218034744262695312e+00 1.855908781290054321e-01 3.618134689331054688e+01
6.000000000000000000e+03 1.673225522041320801e+00 9.195881485939025879e-01 1.051965206861495972e-01 3.590996170043945312e+01 1.673225522041320801e+00 9.195881485939025879e-01 1.051965206861495972e-01 3.590996170043945312e+01
7.000000000000000000e+03 1.556696295738220215e+00 6.252339482307434082e-01 1.417830467224121094e+01 3.553078842163085938e+01 1.556696295738220215e+00 6.252339482307434082e-01 1.417830467224121094e+01 3.553078842163085938e+01
8.000000000000000000e+03 8.737774491310119629e-01 6.837754845619201660e-01 7.805325835943222046e-02 3.509622192382812500e+01 8.737774491310119629e-01 6.837754845619201660e-01 7.805325835943222046e-02 3.509622192382812500e+01
9.000000000000000000e+03 7.727952599525451660e-01 6.002436876296997070e-01 6.243603229522705078e-01 3.420798492431640625e+01 7.727952599525451660e-01 6.002436876296997070e-01 6.243603229522705078e-01 3.420798492431640625e+01
1.000000000000000000e+04 8.556805849075317383e-01 5.973336100578308105e-01 7.307367026805877686e-02 3.252915573120117188e+01 8.556805849075317383e-01 5.973336100578308105e-01 7.307367026805877686e-02 3.252915573120117188e+01
1.100000000000000000e+04 1.087342619895935059e+00 5.607442855834960938e-01 5.917458981275558472e-02 2.985881423950195312e+01 1.087342619895935059e+00 5.607442855834960938e-01 5.917458981275558472e-02 2.985881423950195312e+01
1.200000000000000000e+04 1.487709760665893555e+00 4.724341034889221191e-01 3.569438308477401733e-02 2.626130104064941406e+01 1.487709760665893555e+00 4.724341034889221191e-01 3.569438308477401733e-02 2.626130104064941406e+01
1.300000000000000000e+04 1.433241009712219238e+00 4.062340259552001953e-01 3.908872604370117188e-02 2.113923454284667969e+01 1.433241009712219238e+00 4.062340259552001953e-01 3.908872604370117188e-02 2.113923454284667969e+01
1.400000000000000000e+04 1.208948969841003418e+00 2.832460999488830566e-01 5.444920063018798828e-02 1.543933296203613281e+01 1.208948969841003418e+00 2.832460999488830566e-01 5.444920063018798828e-02 1.543933296203613281e+01
1.500000000000000000e+04 1.049619793891906738e+00 1.853118240833282471e-01 7.301727682352066040e-02 1.077235507965087891e+01 1.049619793891906738e+00 1.853118240833282471e-01 7.301727682352066040e-02 1.077235507965087891e+01
1.600000000000000000e+04 9.621446728706359863e-01 1.169751361012458801e-01 7.341732829809188843e-02 7.398888587951660156e+00 9.621446728706359863e-01 1.169751361012458801e-01 7.341732829809188843e-02 7.398888587951660156e+00
1.700000000000000000e+04 8.872195482254028320e-01 7.542423903942108154e-02 6.686099618673324585e-02 5.221299171447753906e+00 8.872195482254028320e-01 7.542423903942108154e-02 6.686099618673324585e-02 5.221299171447753906e+00
1.800000000000000000e+04 8.052644133567810059e-01 5.426055938005447388e-02 5.614288523793220520e-02 3.812158346176147461e+00 8.052644133567810059e-01 5.426055938005447388e-02 5.614288523793220520e-02 3.812158346176147461e+00
1.900000000000000000e+04 7.149770259857177734e-01 4.212976619601249695e-02 4.537395015358924866e-02 2.910048246383666992e+00 7.149770259857177734e-01 4.212976619601249695e-02 4.537395015358924866e-02 2.910048246383666992e+00
2.000000000000000000e+04 6.331021785736083984e-01 3.414703905582427979e-02 3.577269241213798523e-02 2.308139801025390625e+00 6.331021785736083984e-01 3.414703905582427979e-02 3.577269241213798523e-02 2.308139801025390625e+00
