# step, loss_train, loss_test, metrics_test
0.000000000000000000e+00 4.327460937500000000e+05 1.343778228759765625e+02 1.104225195312500000e+04 4.747448348999023438e+01 4.327460937500000000e+05 1.343778228759765625e+02 1.104225195312500000e+04 4.747448348999023438e+01
1.000000000000000000e+03 1.809093239796277786e-12 2.580125045776367188e+01 1.424616455078125000e+03 2.834474563598632812e+01 1.809093239796277786e-12 2.580125045776367188e+01 1.424616455078125000e+03 2.834474563598632812e+01
2.000000000000000000e+03 1.809314525459682077e-12 2.580125045776367188e+01 1.424616455078125000e+03 2.834474563598632812e+01 1.809314525459682077e-12 2.580125045776367188e+01 1.424616455078125000e+03 2.834474563598632812e+01
3.000000000000000000e+03 1.809561181453922529e-12 2.580113601684570312e+01 1.424616821289062500e+03 2.834474182128906250e+01 1.809561181453922529e-12 2.580113601684570312e+01 1.424616821289062500e+03 2.834474182128906250e+01
4.000000000000000000e+03 5.035036583088577100e-15 2.580117988586425781e+01 1.424616699218750000e+03 2.834474372863769531e+01 5.035036583088577100e-15 2.580117988586425781e+01 1.424616699218750000e+03 2.834474372863769531e+01
5.000000000000000000e+03 5.259239089150033464e-14 2.580120086669921875e+01 1.424616455078125000e+03 2.834474563598632812e+01 5.259239089150033464e-14 2.580120086669921875e+01 1.424616455078125000e+03 2.834474563598632812e+01
6.000000000000000000e+03 2.682310669014980817e-15 2.580135536193847656e+01 1.424616455078125000e+03 2.834474945068359375e+01 2.682310669014980817e-15 2.580135536193847656e+01 1.424616455078125000e+03 2.834474945068359375e+01
7.000000000000000000e+03 6.932861335256883251e-15 2.580125617980957031e+01 1.424616455078125000e+03 2.834474563598632812e+01 6.932861335256883251e-15 2.580125617980957031e+01 1.424616455078125000e+03 2.834474563598632812e+01
8.000000000000000000e+03 2.248488980793298016e-15 2.580393791198730469e+01 1.424613769531250000e+03 2.834486961364746094e+01 2.248488980793298016e-15 2.580393791198730469e+01 1.424613769531250000e+03 2.834486961364746094e+01
9.000000000000000000e+03 6.914018264562715081e-33 2.580117034912109375e+01 1.424616699218750000e+03 2.834474182128906250e+01 6.914018264562715081e-33 2.580117034912109375e+01 1.424616699218750000e+03 2.834474182128906250e+01
1.000000000000000000e+04 6.914018264562715081e-33 2.580123519897460938e+01 1.424616455078125000e+03 2.834474563598632812e+01 6.914018264562715081e-33 2.580123519897460938e+01 1.424616455078125000e+03 2.834474563598632812e+01
1.100000000000000000e+04 6.914011652406991705e-33 2.580123519897460938e+01 1.424616455078125000e+03 2.834474563598632812e+01 6.914011652406991705e-33 2.580123519897460938e+01 1.424616455078125000e+03 2.834474563598632812e+01
1.200000000000000000e+04 6.393930339932994404e-33 2.580042648315429688e+01 1.424617431640625000e+03 2.834470939636230469e+01 6.393930339932994404e-33 2.580042648315429688e+01 1.424617431640625000e+03 2.834470939636230469e+01
1.300000000000000000e+04 4.274694757656848954e-33 2.599439048767089844e+01 1.424458007812500000e+03 2.835355377197265625e+01 4.274694757656848954e-33 2.599439048767089844e+01 1.424458007812500000e+03 2.835355377197265625e+01
1.400000000000000000e+04 2.426918657209986782e-33 2.580160522460937500e+01 1.424616210937500000e+03 2.834475708007812500e+01 2.426918657209986782e-33 2.580160522460937500e+01 1.424616210937500000e+03 2.834475708007812500e+01
1.500000000000000000e+04 1.082688979989371751e-33 2.572520065307617188e+01 1.424702880859375000e+03 2.834127807617187500e+01 1.082688979989371751e-33 2.572520065307617188e+01 1.424702880859375000e+03 2.834127807617187500e+01
1.600000000000000000e+04 1.365862428758971097e-38 3.018814849853515625e+01 1.438187744140625000e+03 2.854586029052734375e+01 1.365862428758971097e-38 3.018814849853515625e+01 1.438187744140625000e+03 2.854586029052734375e+01
1.700000000000000000e+04 1.902811974318954502e-38 2.580121612548828125e+01 1.424616699218750000e+03 2.834474372863769531e+01 1.902811974318954502e-38 2.580121612548828125e+01 1.424616699218750000e+03 2.834474372863769531e+01
1.800000000000000000e+04 1.902792916659839685e-38 2.580121612548828125e+01 1.424616699218750000e+03 2.834474372863769531e+01 1.902792916659839685e-38 2.580121612548828125e+01 1.424616699218750000e+03 2.834474372863769531e+01
1.900000000000000000e+04 1.902792916659839685e-38 2.580121612548828125e+01 1.424616699218750000e+03 2.834474372863769531e+01 1.902792916659839685e-38 2.580121612548828125e+01 1.424616699218750000e+03 2.834474372863769531e+01
2.000000000000000000e+04 1.902754801341610050e-38 2.580121612548828125e+01 1.424616699218750000e+03 2.834474372863769531e+01 1.902754801341610050e-38 2.580121612548828125e+01 1.424616699218750000e+03 2.834474372863769531e+01
