# step, loss_train, loss_test, metrics_test
0.000000000000000000e+00 0.000000000000000000e+00 4.718565368652343750e+01 1.849553100585937500e+03 4.474331970214843750e+02 0.000000000000000000e+00 4.718565368652343750e+01 1.849553100585937500e+03 4.474331970214843750e+02
1.000000000000000000e+03 0.000000000000000000e+00 1.692369133234024048e-01 2.033120691776275635e-01 7.787327766418457031e-01 0.000000000000000000e+00 1.692369133234024048e-01 2.033120691776275635e-01 7.787327766418457031e-01
2.000000000000000000e+03 0.000000000000000000e+00 1.316009312868118286e-01 1.760679364204406738e+00 5.849435329437255859e-01 0.000000000000000000e+00 1.316009312868118286e-01 1.760679364204406738e+00 5.849435329437255859e-01
3.000000000000000000e+03 0.000000000000000000e+00 4.395943880081176758e-01 1.229338359832763672e+01 1.151854634284973145e+00 0.000000000000000000e+00 4.395943880081176758e-01 1.229338359832763672e+01 1.151854634284973145e+00
4.000000000000000000e+03 0.000000000000000000e+00 2.411059951782226562e+01 6.539965820312500000e+02 4.292077026367187500e+02 0.000000000000000000e+00 2.411059951782226562e+01 6.539965820312500000e+02 4.292077026367187500e+02
5.000000000000000000e+03 0.000000000000000000e+00 2.411060142517089844e+01 6.539965820312500000e+02 4.292077026367187500e+02 0.000000000000000000e+00 2.411060142517089844e+01 6.539965820312500000e+02 4.292077026367187500e+02
6.000000000000000000e+03 0.000000000000000000e+00 2.411059951782226562e+01 6.539965820312500000e+02 4.292077026367187500e+02 0.000000000000000000e+00 2.411059951782226562e+01 6.539965820312500000e+02 4.292077026367187500e+02
7.000000000000000000e+03 0.000000000000000000e+00 2.411060142517089844e+01 6.539965820312500000e+02 4.292077026367187500e+02 0.000000000000000000e+00 2.411060142517089844e+01 6.539965820312500000e+02 4.292077026367187500e+02
8.000000000000000000e+03 0.000000000000000000e+00 2.411070632934570312e+01 6.539964599609375000e+02 4.292077636718750000e+02 0.000000000000000000e+00 2.411070632934570312e+01 6.539964599609375000e+02 4.292077636718750000e+02
9.000000000000000000e+03 0.000000000000000000e+00 2.409166717529296875e+01 6.540292358398437500e+02 4.291942749023437500e+02 0.000000000000000000e+00 2.409166717529296875e+01 6.540292358398437500e+02 4.291942749023437500e+02
1.000000000000000000e+04 0.000000000000000000e+00 2.411070060729980469e+01 6.539964599609375000e+02 4.292077636718750000e+02 0.000000000000000000e+00 2.411070060729980469e+01 6.539964599609375000e+02 4.292077636718750000e+02
1.100000000000000000e+04 0.000000000000000000e+00 2.473904228210449219e+01 6.531840820312500000e+02 4.296537475585937500e+02 0.000000000000000000e+00 2.473904228210449219e+01 6.531840820312500000e+02 4.296537475585937500e+02
1.200000000000000000e+04 0.000000000000000000e+00 2.411364364624023438e+01 6.539914550781250000e+02 4.292098693847656250e+02 0.000000000000000000e+00 2.411364364624023438e+01 6.539914550781250000e+02 4.292098693847656250e+02
1.300000000000000000e+04 0.000000000000000000e+00 2.411036109924316406e+01 6.539970092773437500e+02 4.292075195312500000e+02 0.000000000000000000e+00 2.411036109924316406e+01 6.539970092773437500e+02 4.292075195312500000e+02
1.400000000000000000e+04 0.000000000000000000e+00 2.420455169677734375e+01 6.538421020507812500e+02 4.292742919921875000e+02 0.000000000000000000e+00 2.420455169677734375e+01 6.538421020507812500e+02 4.292742919921875000e+02
1.500000000000000000e+04 0.000000000000000000e+00 2.411066818237304688e+01 6.539964599609375000e+02 4.292077331542968750e+02 0.000000000000000000e+00 2.411066818237304688e+01 6.539964599609375000e+02 4.292077331542968750e+02
1.600000000000000000e+04 0.000000000000000000e+00 2.411138153076171875e+01 6.539953002929687500e+02 4.292082519531250000e+02 0.000000000000000000e+00 2.411138153076171875e+01 6.539953002929687500e+02 4.292082519531250000e+02
1.700000000000000000e+04 0.000000000000000000e+00 2.415453910827636719e+01 6.539229125976562500e+02 4.292388305664062500e+02 0.000000000000000000e+00 2.415453910827636719e+01 6.539229125976562500e+02 4.292388305664062500e+02
1.800000000000000000e+04 0.000000000000000000e+00 2.411065673828125000e+01 6.539965209960937500e+02 4.292077026367187500e+02 0.000000000000000000e+00 2.411065673828125000e+01 6.539965209960937500e+02 4.292077026367187500e+02
1.900000000000000000e+04 0.000000000000000000e+00 2.400634384155273438e+01 6.541823120117187500e+02 4.291338195800781250e+02 0.000000000000000000e+00 2.400634384155273438e+01 6.541823120117187500e+02 4.291338195800781250e+02
2.000000000000000000e+04 0.000000000000000000e+00 2.411536979675292969e+01 6.539884033203125000e+02 4.292110290527343750e+02 0.000000000000000000e+00 2.411536979675292969e+01 6.539884033203125000e+02 4.292110290527343750e+02
