# step, loss_train, loss_test, metrics_test
0.000000000000000000e+00 3.142287582159042358e-02 1.354940338134765625e+02 1.141983203125000000e+04 4.806044616699218750e+02 3.142287582159042358e-02 1.354940338134765625e+02 1.141983203125000000e+04 4.806044616699218750e+02
1.000000000000000000e+03 6.531966850161552429e-03 1.164741325378417969e+01 1.417592773437500000e+03 3.572749938964843750e+02 6.531966850161552429e-03 1.164741325378417969e+01 1.417592773437500000e+03 3.572749938964843750e+02
2.000000000000000000e+03 4.360155668109655380e-03 1.604299926757812500e+01 1.285689941406250000e+03 3.612575073242187500e+02 4.360155668109655380e-03 1.604299926757812500e+01 1.285689941406250000e+03 3.612575073242187500e+02
3.000000000000000000e+03 1.264724973589181900e-02 1.604166603088378906e+01 1.274128173828125000e+03 3.612972106933593750e+02 1.264724973589181900e-02 1.604166603088378906e+01 1.274128173828125000e+03 3.612972106933593750e+02
4.000000000000000000e+03 9.664245694875717163e-02 1.592481136322021484e+01 1.236952636718750000e+03 3.613392028808593750e+02 9.664245694875717163e-02 1.592481136322021484e+01 1.236952636718750000e+03 3.613392028808593750e+02
5.000000000000000000e+03 4.798607230186462402e-01 1.563086700439453125e+01 1.097228881835937500e+03 3.616905517578125000e+02 4.798607230186462402e-01 1.563086700439453125e+01 1.097228881835937500e+03 3.616905517578125000e+02
6.000000000000000000e+03 3.553076088428497314e-01 1.737140083312988281e+01 7.780955810546875000e+02 3.656799011230468750e+02 3.553076088428497314e-01 1.737140083312988281e+01 7.780955810546875000e+02 3.656799011230468750e+02
7.000000000000000000e+03 1.435361385345458984e+00 2.158050155639648438e+01 6.515735473632812500e+02 3.721431579589843750e+02 1.435361385345458984e+00 2.158050155639648438e+01 6.515735473632812500e+02 3.721431579589843750e+02
8.000000000000000000e+03 2.293634414672851562e+00 2.304847526550292969e+01 5.871494140625000000e+02 3.756618652343750000e+02 2.293634414672851562e+00 2.304847526550292969e+01 5.871494140625000000e+02 3.756618652343750000e+02
9.000000000000000000e+03 2.220712661743164062e+00 2.385025405883789062e+01 4.902415466308593750e+02 3.784880981445312500e+02 2.220712661743164062e+00 2.385025405883789062e+01 4.902415466308593750e+02 3.784880981445312500e+02
1.000000000000000000e+04 1.319928407669067383e+00 2.735601425170898438e+01 1.823146209716796875e+02 3.823261413574218750e+02 1.319928407669067383e+00 2.735601425170898438e+01 1.823146209716796875e+02 3.823261413574218750e+02
1.100000000000000000e+04 9.399390816688537598e-01 3.772338485717773438e+01 1.472701549530029297e+01 3.740984802246093750e+02 9.399390816688537598e-01 3.772338485717773438e+01 1.472701549530029297e+01 3.740984802246093750e+02
1.200000000000000000e+04 9.244382381439208984e-01 4.099879455566406250e+01 6.059860229492187500e+00 3.590731811523437500e+02 9.244382381439208984e-01 4.099879455566406250e+01 6.059860229492187500e+00 3.590731811523437500e+02
1.300000000000000000e+04 1.091993331909179688e+00 4.325434494018554688e+01 5.424146652221679688e+00 3.454837341308593750e+02 1.091993331909179688e+00 4.325434494018554688e+01 5.424146652221679688e+00 3.454837341308593750e+02
1.400000000000000000e+04 1.184030652046203613e+00 4.498389053344726562e+01 5.886485099792480469e+00 3.344557495117187500e+02 1.184030652046203613e+00 4.498389053344726562e+01 5.886485099792480469e+00 3.344557495117187500e+02
1.500000000000000000e+04 1.080525040626525879e+00 4.547723007202148438e+01 6.260586738586425781e+00 3.270638732910156250e+02 1.080525040626525879e+00 4.547723007202148438e+01 6.260586738586425781e+00 3.270638732910156250e+02
1.600000000000000000e+04 9.747197031974792480e-01 4.437139511108398438e+01 6.136182785034179688e+00 3.226095886230468750e+02 9.747197031974792480e-01 4.437139511108398438e+01 6.136182785034179688e+00 3.226095886230468750e+02
1.700000000000000000e+04 8.571711778640747070e-01 4.183163452148437500e+01 5.536389350891113281e+00 3.199568786621093750e+02 8.571711778640747070e-01 4.183163452148437500e+01 5.536389350891113281e+00 3.199568786621093750e+02
1.800000000000000000e+04 7.786246538162231445e-01 3.840188217163085938e+01 4.536032676696777344e+00 3.183030700683593750e+02 7.786246538162231445e-01 3.840188217163085938e+01 4.536032676696777344e+00 3.183030700683593750e+02
1.900000000000000000e+04 7.081502676010131836e-01 3.471741867065429688e+01 3.301939964294433594e+00 3.171963806152343750e+02 7.081502676010131836e-01 3.471741867065429688e+01 3.301939964294433594e+00 3.171963806152343750e+02
2.000000000000000000e+04 6.108562350273132324e-01 3.133862686157226562e+01 2.260866403579711914e+00 3.160983581542968750e+02 6.108562350273132324e-01 3.133862686157226562e+01 2.260866403579711914e+00 3.160983581542968750e+02
