# step, loss_train, loss_test, metrics_test
0.000000000000000000e+00 3.189837837219238281e+01 2.323774719238281250e+01 7.348844726562500000e+03 1.579942016601562500e+02 3.189837837219238281e+01 2.323774719238281250e+01 7.348844726562500000e+03 1.579942016601562500e+02
1.000000000000000000e+03 8.621612548828125000e+00 1.135599613189697266e+01 2.035190582275390625e+00 1.427529449462890625e+02 8.621612548828125000e+00 1.135599613189697266e+01 2.035190582275390625e+00 1.427529449462890625e+02
2.000000000000000000e+03 1.145799064636230469e+01 1.870022583007812500e+01 9.518168449401855469e+00 1.268651885986328125e+02 1.145799064636230469e+01 1.870022583007812500e+01 9.518168449401855469e+00 1.268651885986328125e+02
3.000000000000000000e+03 1.627332329750061035e+00 5.558414459228515625e+00 1.517984509468078613e+00 1.107697372436523438e+02 1.627332329750061035e+00 5.558414459228515625e+00 1.517984509468078613e+00 1.107697372436523438e+02
4.000000000000000000e+03 7.946636080741882324e-01 7.257034301757812500e+00 7.669483423233032227e-01 1.260867233276367188e+02 7.946636080741882324e-01 7.257034301757812500e+00 7.669483423233032227e-01 1.260867233276367188e+02
5.000000000000000000e+03 1.112573266029357910e+00 9.547955513000488281e+00 1.303130865097045898e+00 1.113756332397460938e+02 1.112573266029357910e+00 9.547955513000488281e+00 1.303130865097045898e+00 1.113756332397460938e+02
6.000000000000000000e+03 3.370070695877075195e+00 4.759436130523681641e+00 9.364336729049682617e-01 9.068855285644531250e+01 3.370070695877075195e+00 4.759436130523681641e+00 9.364336729049682617e-01 9.068855285644531250e+01
7.000000000000000000e+03 1.892151117324829102e+00 9.528573036193847656e+00 2.005919933319091797e+00 1.276846694946289062e+02 1.892151117324829102e+00 9.528573036193847656e+00 2.005919933319091797e+00 1.276846694946289062e+02
8.000000000000000000e+03 1.564620614051818848e+00 1.127331638336181641e+01 1.977113246917724609e+00 1.127676849365234375e+02 1.564620614051818848e+00 1.127331638336181641e+01 1.977113246917724609e+00 1.127676849365234375e+02
9.000000000000000000e+03 1.354998970031738281e+01 1.109407997131347656e+01 9.314576721191406250e+01 8.090090179443359375e+01 1.354998970031738281e+01 1.109407997131347656e+01 9.314576721191406250e+01 8.090090179443359375e+01
1.000000000000000000e+04 3.498721122741699219e+00 4.093065261840820312e+00 6.388952732086181641e-01 6.832579803466796875e+01 3.498721122741699219e+00 4.093065261840820312e+00 6.388952732086181641e-01 6.832579803466796875e+01
1.100000000000000000e+04 1.339751482009887695e+00 6.348524093627929688e+00 7.343972921371459961e-01 1.025591201782226562e+02 1.339751482009887695e+00 6.348524093627929688e+00 7.343972921371459961e-01 1.025591201782226562e+02
1.200000000000000000e+04 1.995298385620117188e+00 7.305038452148437500e+00 1.219272375106811523e+00 9.612501525878906250e+01 1.995298385620117188e+00 7.305038452148437500e+00 1.219272375106811523e+00 9.612501525878906250e+01
1.300000000000000000e+04 5.193326416015625000e+02 1.878713011741638184e+00 1.114332885742187500e+02 2.016938972473144531e+01 5.193326416015625000e+02 1.878713011741638184e+00 1.114332885742187500e+02 2.016938972473144531e+01
1.400000000000000000e+04 1.906955718994140625e+01 6.519571781158447266e+00 4.842509078979492188e+01 7.041565704345703125e+01 1.906955718994140625e+01 6.519571781158447266e+00 4.842509078979492188e+01 7.041565704345703125e+01
1.500000000000000000e+04 1.193623304367065430e+00 1.643720149993896484e+00 5.857542753219604492e-01 2.260122871398925781e+01 1.193623304367065430e+00 1.643720149993896484e+00 5.857542753219604492e-01 2.260122871398925781e+01
1.600000000000000000e+04 1.646267652511596680e+00 9.961269497871398926e-01 5.200760960578918457e-01 4.976908683776855469e+00 1.646267652511596680e+00 9.961269497871398926e-01 5.200760960578918457e-01 4.976908683776855469e+00
1.700000000000000000e+04 9.448386430740356445e-01 1.322207927703857422e+00 3.644451200962066650e-01 1.897670364379882812e+01 9.448386430740356445e-01 1.322207927703857422e+00 3.644451200962066650e-01 1.897670364379882812e+01
1.800000000000000000e+04 1.314802408218383789e+00 1.845248460769653320e+00 3.533954918384552002e-01 1.867759323120117188e+01 1.314802408218383789e+00 1.845248460769653320e+00 3.533954918384552002e-01 1.867759323120117188e+01
1.900000000000000000e+04 8.191683292388916016e-01 4.360895752906799316e-01 1.130367964506149292e-01 2.797550201416015625e+00 8.191683292388916016e-01 4.360895752906799316e-01 1.130367964506149292e-01 2.797550201416015625e+00
2.000000000000000000e+04 6.870912313461303711e-01 3.293850719928741455e-01 7.902071624994277954e-02 2.187982320785522461e+00 6.870912313461303711e-01 3.293850719928741455e-01 7.902071624994277954e-02 2.187982320785522461e+00
