# step, loss_train, loss_test, metrics_test
0.000000000000000000e+00 8.548319702148437500e+02 1.317857971191406250e+02 2.691204687500000000e+04 3.503907470703125000e+02 8.548319702148437500e+02 1.317857971191406250e+02 2.691204687500000000e+04 3.503907470703125000e+02
1.000000000000000000e+03 3.218757324218750000e+02 3.679754257202148438e+01 1.946002960205078125e+02 2.339183959960937500e+02 3.218757324218750000e+02 3.679754257202148438e+01 1.946002960205078125e+02 2.339183959960937500e+02
2.000000000000000000e+03 1.769578552246093750e+02 3.070070838928222656e+01 3.442961120605468750e+01 2.155919952392578125e+02 1.769578552246093750e+02 3.070070838928222656e+01 3.442961120605468750e+01 2.155919952392578125e+02
3.000000000000000000e+03 1.085056915283203125e+02 2.962406921386718750e+01 1.017916679382324219e+01 2.056243743896484375e+02 1.085056915283203125e+02 2.962406921386718750e+01 1.017916679382324219e+01 2.056243743896484375e+02
4.000000000000000000e+03 6.872486877441406250e+01 2.652950859069824219e+01 7.287358283996582031e+00 1.991299285888671875e+02 6.872486877441406250e+01 2.652950859069824219e+01 7.287358283996582031e+00 1.991299285888671875e+02
5.000000000000000000e+03 4.969619750976562500e+01 2.278657913208007812e+01 4.319859027862548828e+00 1.958431701660156250e+02 4.969619750976562500e+01 2.278657913208007812e+01 4.319859027862548828e+00 1.958431701660156250e+02
6.000000000000000000e+03 4.086716842651367188e+01 1.777138328552246094e+01 2.377761602401733398e+00 1.937780914306640625e+02 4.086716842651367188e+01 1.777138328552246094e+01 2.377761602401733398e+00 1.937780914306640625e+02
7.000000000000000000e+03 2.719908523559570312e+01 1.309369468688964844e+01 8.623999357223510742e-01 1.885356903076171875e+02 2.719908523559570312e+01 1.309369468688964844e+01 8.623999357223510742e-01 1.885356903076171875e+02
8.000000000000000000e+03 1.960629844665527344e+01 9.465821266174316406e+00 7.987520098686218262e-01 1.858558349609375000e+02 1.960629844665527344e+01 9.465821266174316406e+00 7.987520098686218262e-01 1.858558349609375000e+02
9.000000000000000000e+03 1.423952007293701172e+01 7.568933963775634766e+00 2.952201664447784424e-01 1.823952789306640625e+02 1.423952007293701172e+01 7.568933963775634766e+00 2.952201664447784424e-01 1.823952789306640625e+02
1.000000000000000000e+04 1.211264133453369141e+01 6.038306236267089844e+00 2.990496158599853516e-01 1.779336547851562500e+02 1.211264133453369141e+01 6.038306236267089844e+00 2.990496158599853516e-01 1.779336547851562500e+02
1.100000000000000000e+04 1.127062416076660156e+01 5.549074649810791016e+00 3.328977823257446289e-01 1.740261688232421875e+02 1.127062416076660156e+01 5.549074649810791016e+00 3.328977823257446289e-01 1.740261688232421875e+02
1.200000000000000000e+04 1.039719200134277344e+01 4.849220275878906250e+00 7.208703160285949707e-01 1.680471649169921875e+02 1.039719200134277344e+01 4.849220275878906250e+00 7.208703160285949707e-01 1.680471649169921875e+02
1.300000000000000000e+04 9.367711067199707031e+00 4.801487445831298828e+00 2.289229631423950195e-01 1.594127197265625000e+02 9.367711067199707031e+00 4.801487445831298828e+00 2.289229631423950195e-01 1.594127197265625000e+02
1.400000000000000000e+04 9.874837875366210938e+00 4.977177143096923828e+00 4.945870041847229004e-01 1.470685729980468750e+02 9.874837875366210938e+00 4.977177143096923828e+00 4.945870041847229004e-01 1.470685729980468750e+02
1.500000000000000000e+04 1.167938423156738281e+01 4.785857677459716797e+00 5.763348937034606934e-01 1.333582916259765625e+02 1.167938423156738281e+01 4.785857677459716797e+00 5.763348937034606934e-01 1.333582916259765625e+02
1.600000000000000000e+04 1.422651481628417969e+01 4.036753654479980469e+00 1.236730217933654785e+00 1.201944961547851562e+02 1.422651481628417969e+01 4.036753654479980469e+00 1.236730217933654785e+00 1.201944961547851562e+02
1.700000000000000000e+04 1.595068645477294922e+01 3.655807971954345703e+00 1.511134386062622070e+00 1.077881774902343750e+02 1.595068645477294922e+01 3.655807971954345703e+00 1.511134386062622070e+00 1.077881774902343750e+02
1.800000000000000000e+04 1.785419845581054688e+01 3.321799278259277344e+00 1.629045605659484863e+00 9.714981842041015625e+01 1.785419845581054688e+01 3.321799278259277344e+00 1.629045605659484863e+00 9.714981842041015625e+01
1.900000000000000000e+04 1.989514160156250000e+01 2.973350048065185547e+00 2.693619012832641602e+00 8.915006256103515625e+01 1.989514160156250000e+01 2.973350048065185547e+00 2.693619012832641602e+00 8.915006256103515625e+01
2.000000000000000000e+04 2.041718292236328125e+01 2.649124145507812500e+00 5.361347794532775879e-01 8.168721008300781250e+01 2.041718292236328125e+01 2.649124145507812500e+00 5.361347794532775879e-01 8.168721008300781250e+01
