# step, loss_train, loss_test, metrics_test
0.000000000000000000e+00 9.487584375000000000e+04 1.710841217041015625e+02 6.043564062500000000e+04 2.696929931640625000e+02 9.487584375000000000e+04 1.710841217041015625e+02 6.043564062500000000e+04 2.696929931640625000e+02
1.000000000000000000e+03 8.965960693359375000e+01 3.369207000732421875e+01 8.055695190429687500e+02 1.554368133544921875e+02 8.965960693359375000e+01 3.369207000732421875e+01 8.055695190429687500e+02 1.554368133544921875e+02
2.000000000000000000e+03 6.576789855957031250e+01 4.285208892822265625e+01 5.933135986328125000e+02 1.527882843017578125e+02 6.576789855957031250e+01 4.285208892822265625e+01 5.933135986328125000e+02 1.527882843017578125e+02
3.000000000000000000e+03 6.291127777099609375e+01 5.570111846923828125e+01 3.697405090332031250e+02 1.511384124755859375e+02 6.291127777099609375e+01 5.570111846923828125e+01 3.697405090332031250e+02 1.511384124755859375e+02
4.000000000000000000e+03 5.895166778564453125e+01 5.630310058593750000e+01 1.257301025390625000e+02 1.523482360839843750e+02 5.895166778564453125e+01 5.630310058593750000e+01 1.257301025390625000e+02 1.523482360839843750e+02
5.000000000000000000e+03 4.744586944580078125e+01 5.322438812255859375e+01 4.444092941284179688e+01 1.542557220458984375e+02 4.744586944580078125e+01 5.322438812255859375e+01 4.444092941284179688e+01 1.542557220458984375e+02
6.000000000000000000e+03 2.254030418395996094e+01 4.814450836181640625e+01 4.964129447937011719e+00 1.566810150146484375e+02 2.254030418395996094e+01 4.814450836181640625e+01 4.964129447937011719e+00 1.566810150146484375e+02
7.000000000000000000e+03 1.368006225675344467e-02 1.283870029449462891e+01 2.937841064453125000e+03 1.701483764648437500e+02 1.368006225675344467e-02 1.283870029449462891e+01 2.937841064453125000e+03 1.701483764648437500e+02
8.000000000000000000e+03 4.562272224575281143e-03 1.283871841430664062e+01 2.937838867187500000e+03 1.701485595703125000e+02 4.562272224575281143e-03 1.283871841430664062e+01 2.937838867187500000e+03 1.701485595703125000e+02
9.000000000000000000e+03 7.495951722376048565e-04 1.283874416351318359e+01 2.937843261718750000e+03 1.701487884521484375e+02 7.495951722376048565e-04 1.283874416351318359e+01 2.937843261718750000e+03 1.701487884521484375e+02
1.000000000000000000e+04 5.975572275929152966e-04 1.283874797821044922e+01 2.937842773437500000e+03 1.701487884521484375e+02 5.975572275929152966e-04 1.283874797821044922e+01 2.937842773437500000e+03 1.701487884521484375e+02
1.100000000000000000e+04 4.028456751257181168e-03 1.290489196777343750e+01 2.937726074218750000e+03 1.701856536865234375e+02 4.028456751257181168e-03 1.290489196777343750e+01 2.937726074218750000e+03 1.701856536865234375e+02
1.200000000000000000e+04 2.884324384693458254e-14 1.283874130249023438e+01 2.937844482421875000e+03 1.701488800048828125e+02 2.884324384693458254e-14 1.283874130249023438e+01 2.937844482421875000e+03 1.701488800048828125e+02
1.300000000000000000e+04 2.883697241499311170e-14 1.283882904052734375e+01 2.937843994140625000e+03 1.701489410400390625e+02 2.883697241499311170e-14 1.283882904052734375e+01 2.937843994140625000e+03 1.701489410400390625e+02
1.400000000000000000e+04 2.883122275534714951e-14 1.281892967224121094e+01 2.937878662109375000e+03 1.701378326416015625e+02 2.883122275534714951e-14 1.281892967224121094e+01 2.937878662109375000e+03 1.701378326416015625e+02
1.500000000000000000e+04 3.079344234029751659e-14 8.755859375000000000e+00 3.380860351562500000e+03 1.679542999267578125e+02 3.079344234029751659e-14 8.755859375000000000e+00 3.380860351562500000e+03 1.679542999267578125e+02
1.600000000000000000e+04 2.876968750579501910e-14 1.283845996856689453e+01 2.937844726562500000e+03 1.701487274169921875e+02 2.876968750579501910e-14 1.283845996856689453e+01 2.937844726562500000e+03 1.701487274169921875e+02
1.700000000000000000e+04 2.868882296438654556e-14 1.286853027343750000e+01 2.937806152343750000e+03 1.701654510498046875e+02 2.868882296438654556e-14 1.286853027343750000e+01 2.937806152343750000e+03 1.701654510498046875e+02
1.800000000000000000e+04 2.856535944199475874e-14 1.283874607086181641e+01 2.937844482421875000e+03 1.701488647460937500e+02 2.856535944199475874e-14 1.283874607086181641e+01 2.937844482421875000e+03 1.701488647460937500e+02
1.900000000000000000e+04 2.826957384274766255e-14 1.295653629302978516e+01 2.937791015625000000e+03 1.702144622802734375e+02 2.826957384274766255e-14 1.295653629302978516e+01 2.937791015625000000e+03 1.702144622802734375e+02
2.000000000000000000e+04 2.776478286376556776e-14 1.284028339385986328e+01 2.937841796875000000e+03 1.701497497558593750e+02 2.776478286376556776e-14 1.284028339385986328e+01 2.937841796875000000e+03 1.701497497558593750e+02
