# step, loss_train, loss_test, metrics_test
0.000000000000000000e+00 1.539756933593750000e+04 1.125312519073486328e+01 2.511478759765625000e+03 2.688377990722656250e+02 1.539756933593750000e+04 1.125312519073486328e+01 2.511478759765625000e+03 2.688377990722656250e+02
1.000000000000000000e+03 0.000000000000000000e+00 1.485116958618164062e+01 2.256039306640625000e+03 2.668290100097656250e+02 0.000000000000000000e+00 1.485116958618164062e+01 2.256039306640625000e+03 2.668290100097656250e+02
2.000000000000000000e+03 0.000000000000000000e+00 1.506663799285888672e+01 2.255409179687500000e+03 2.669884643554687500e+02 0.000000000000000000e+00 1.506663799285888672e+01 2.255409179687500000e+03 2.669884643554687500e+02
3.000000000000000000e+03 0.000000000000000000e+00 1.506669712066650391e+01 2.255409179687500000e+03 2.669885253906250000e+02 0.000000000000000000e+00 1.506669712066650391e+01 2.255409179687500000e+03 2.669885253906250000e+02
4.000000000000000000e+03 0.000000000000000000e+00 1.506671714782714844e+01 2.255408691406250000e+03 2.669885559082031250e+02 0.000000000000000000e+00 1.506671714782714844e+01 2.255408691406250000e+03 2.669885559082031250e+02
5.000000000000000000e+03 0.000000000000000000e+00 1.506672954559326172e+01 2.255408691406250000e+03 2.669885559082031250e+02 0.000000000000000000e+00 1.506672954559326172e+01 2.255408691406250000e+03 2.669885559082031250e+02
6.000000000000000000e+03 0.000000000000000000e+00 1.506673717498779297e+01 2.255408691406250000e+03 2.669885864257812500e+02 0.000000000000000000e+00 1.506673717498779297e+01 2.255408691406250000e+03 2.669885864257812500e+02
7.000000000000000000e+03 0.000000000000000000e+00 1.506674098968505859e+01 2.255408691406250000e+03 2.669885864257812500e+02 0.000000000000000000e+00 1.506674098968505859e+01 2.255408691406250000e+03 2.669885864257812500e+02
8.000000000000000000e+03 0.000000000000000000e+00 1.506674098968505859e+01 2.255408691406250000e+03 2.669885864257812500e+02 0.000000000000000000e+00 1.506674098968505859e+01 2.255408691406250000e+03 2.669885864257812500e+02
9.000000000000000000e+03 0.000000000000000000e+00 1.506674575805664062e+01 2.255408691406250000e+03 2.669885864257812500e+02 0.000000000000000000e+00 1.506674575805664062e+01 2.255408691406250000e+03 2.669885864257812500e+02
1.000000000000000000e+04 0.000000000000000000e+00 1.506674575805664062e+01 2.255408691406250000e+03 2.669885864257812500e+02 0.000000000000000000e+00 1.506674575805664062e+01 2.255408691406250000e+03 2.669885864257812500e+02
1.100000000000000000e+04 0.000000000000000000e+00 1.506674575805664062e+01 2.255408691406250000e+03 2.669885864257812500e+02 0.000000000000000000e+00 1.506674575805664062e+01 2.255408691406250000e+03 2.669885864257812500e+02
1.200000000000000000e+04 0.000000000000000000e+00 1.506674575805664062e+01 2.255408691406250000e+03 2.669885864257812500e+02 0.000000000000000000e+00 1.506674575805664062e+01 2.255408691406250000e+03 2.669885864257812500e+02
1.300000000000000000e+04 0.000000000000000000e+00 1.506674575805664062e+01 2.255408691406250000e+03 2.669885864257812500e+02 0.000000000000000000e+00 1.506674575805664062e+01 2.255408691406250000e+03 2.669885864257812500e+02
1.400000000000000000e+04 0.000000000000000000e+00 1.506674575805664062e+01 2.255408691406250000e+03 2.669885864257812500e+02 0.000000000000000000e+00 1.506674575805664062e+01 2.255408691406250000e+03 2.669885864257812500e+02
1.500000000000000000e+04 0.000000000000000000e+00 1.506674575805664062e+01 2.255408691406250000e+03 2.669885864257812500e+02 0.000000000000000000e+00 1.506674575805664062e+01 2.255408691406250000e+03 2.669885864257812500e+02
1.600000000000000000e+04 0.000000000000000000e+00 1.506674575805664062e+01 2.255408691406250000e+03 2.669885864257812500e+02 0.000000000000000000e+00 1.506674575805664062e+01 2.255408691406250000e+03 2.669885864257812500e+02
1.700000000000000000e+04 0.000000000000000000e+00 1.506674575805664062e+01 2.255408691406250000e+03 2.669885864257812500e+02 0.000000000000000000e+00 1.506674575805664062e+01 2.255408691406250000e+03 2.669885864257812500e+02
1.800000000000000000e+04 0.000000000000000000e+00 1.506674575805664062e+01 2.255408691406250000e+03 2.669885864257812500e+02 0.000000000000000000e+00 1.506674575805664062e+01 2.255408691406250000e+03 2.669885864257812500e+02
1.900000000000000000e+04 0.000000000000000000e+00 1.506709480285644531e+01 2.255408203125000000e+03 2.669888000488281250e+02 0.000000000000000000e+00 1.506709480285644531e+01 2.255408203125000000e+03 2.669888000488281250e+02
2.000000000000000000e+04 0.000000000000000000e+00 1.506680583953857422e+01 2.255408447265625000e+03 2.669885864257812500e+02 0.000000000000000000e+00 1.506680583953857422e+01 2.255408447265625000e+03 2.669885864257812500e+02
