# step, loss_train, loss_test, metrics_test
0.000000000000000000e+00 1.066737500000000000e+05 6.655403900146484375e+01 5.538043945312500000e+03 5.582561874389648438e+01 1.066737500000000000e+05 6.655403900146484375e+01 5.538043945312500000e+03 5.582561874389648438e+01
1.000000000000000000e+03 1.763157348632812500e+02 3.825544738769531250e+01 7.006223297119140625e+01 5.501514816284179688e+01 1.763157348632812500e+02 3.825544738769531250e+01 7.006223297119140625e+01 5.501514816284179688e+01
2.000000000000000000e+03 8.169500732421875000e+01 3.103067207336425781e+01 9.732677459716796875e+00 5.503842163085937500e+01 8.169500732421875000e+01 3.103067207336425781e+01 9.732677459716796875e+00 5.503842163085937500e+01
3.000000000000000000e+03 5.100528335571289062e+01 2.075107002258300781e+01 3.484605073928833008e+00 5.400663757324218750e+01 5.100528335571289062e+01 2.075107002258300781e+01 3.484605073928833008e+00 5.400663757324218750e+01
4.000000000000000000e+03 3.362192153930664062e+01 1.429111671447753906e+01 6.037987709045410156e+00 5.305418777465820312e+01 3.362192153930664062e+01 1.429111671447753906e+01 6.037987709045410156e+00 5.305418777465820312e+01
5.000000000000000000e+03 4.679442596435546875e+01 1.029033660888671875e+01 1.960862121582031250e+02 5.222384643554687500e+01 4.679442596435546875e+01 1.029033660888671875e+01 1.960862121582031250e+02 5.222384643554687500e+01
6.000000000000000000e+03 1.320222759246826172e+01 7.290357589721679688e+00 4.308887422084808350e-01 5.121284484863281250e+01 1.320222759246826172e+01 7.290357589721679688e+00 4.308887422084808350e-01 5.121284484863281250e+01
7.000000000000000000e+03 9.808030128479003906e+00 5.107700347900390625e+00 2.338228225708007812e+00 5.021006011962890625e+01 9.808030128479003906e+00 5.107700347900390625e+00 2.338228225708007812e+00 5.021006011962890625e+01
8.000000000000000000e+03 7.113544940948486328e+00 3.852415561676025391e+00 2.498380541801452637e-01 4.944145202636718750e+01 7.113544940948486328e+00 3.852415561676025391e+00 2.498380541801452637e-01 4.944145202636718750e+01
9.000000000000000000e+03 5.706395626068115234e+00 2.963887453079223633e+00 5.854545116424560547e+00 4.894794845581054688e+01 5.706395626068115234e+00 2.963887453079223633e+00 5.854545116424560547e+00 4.894794845581054688e+01
1.000000000000000000e+04 4.110439777374267578e+00 2.551327943801879883e+00 5.915631651878356934e-01 4.839074707031250000e+01 4.110439777374267578e+00 2.551327943801879883e+00 5.915631651878356934e-01 4.839074707031250000e+01
1.100000000000000000e+04 3.270703554153442383e+00 2.310405731201171875e+00 7.909147143363952637e-01 4.801572036743164062e+01 3.270703554153442383e+00 2.310405731201171875e+00 7.909147143363952637e-01 4.801572036743164062e+01
1.200000000000000000e+04 1.619192314147949219e+01 4.166016387939453125e+01 1.948358178138732910e+00 5.635645675659179688e+01 1.619192314147949219e+01 4.166016387939453125e+01 1.948358178138732910e+00 5.635645675659179688e+01
1.300000000000000000e+04 5.875076770782470703e+00 1.499077796936035156e+01 1.254778981208801270e+00 5.273052597045898438e+01 5.875076770782470703e+00 1.499077796936035156e+01 1.254778981208801270e+00 5.273052597045898438e+01
1.400000000000000000e+04 4.051960468292236328e+00 4.763609886169433594e+00 4.419722780585289001e-02 5.063157653808593750e+01 4.051960468292236328e+00 4.763609886169433594e+00 4.419722780585289001e-02 5.063157653808593750e+01
1.500000000000000000e+04 2.577333927154541016e+00 2.923935174942016602e+00 2.120883911848068237e-01 4.948460006713867188e+01 2.577333927154541016e+00 2.923935174942016602e+00 2.120883911848068237e-01 4.948460006713867188e+01
1.600000000000000000e+04 1.925904273986816406e+00 2.541420936584472656e+00 5.523185059428215027e-02 4.892522430419921875e+01 1.925904273986816406e+00 2.541420936584472656e+00 5.523185059428215027e-02 4.892522430419921875e+01
1.700000000000000000e+04 1.817308902740478516e+00 2.129292726516723633e+00 3.511519357562065125e-02 4.844972991943359375e+01 1.817308902740478516e+00 2.129292726516723633e+00 3.511519357562065125e-02 4.844972991943359375e+01
1.800000000000000000e+04 1.761240363121032715e+00 1.377781152725219727e+00 2.076403424143791199e-02 4.872714614868164062e+01 1.761240363121032715e+00 1.377781152725219727e+00 2.076403424143791199e-02 4.872714614868164062e+01
1.900000000000000000e+04 1.520152926445007324e+00 6.001069545745849609e-01 6.584298014640808105e-01 4.712060546875000000e+01 1.520152926445007324e+00 6.001069545745849609e-01 6.584298014640808105e-01 4.712060546875000000e+01
2.000000000000000000e+04 2.446470737457275391e+00 5.556128621101379395e-01 1.969053506851196289e+00 4.556343460083007812e+01 2.446470737457275391e+00 5.556128621101379395e-01 1.969053506851196289e+00 4.556343460083007812e+01
