# step, loss_train, loss_test, metrics_test
0.000000000000000000e+00 6.097732421875000000e+03 3.172995758056640625e+01 7.211824707031250000e+03 4.583617248535156250e+02 6.097732421875000000e+03 3.172995758056640625e+01 7.211824707031250000e+03 4.583617248535156250e+02
1.000000000000000000e+03 4.538553237915039062e+01 2.076619148254394531e+01 2.105190038681030273e+00 3.727257385253906250e+02 4.538553237915039062e+01 2.076619148254394531e+01 2.105190038681030273e+00 3.727257385253906250e+02
2.000000000000000000e+03 2.167621612548828125e+01 1.172623634338378906e+01 1.020813822746276855e+00 3.335302429199218750e+02 2.167621612548828125e+01 1.172623634338378906e+01 1.020813822746276855e+00 3.335302429199218750e+02
3.000000000000000000e+03 2.224712371826171875e+01 1.456311988830566406e+01 2.103614568710327148e+00 2.631608276367187500e+02 2.224712371826171875e+01 1.456311988830566406e+01 2.103614568710327148e+00 2.631608276367187500e+02
4.000000000000000000e+03 3.896322250366210938e+01 1.168548202514648438e+01 5.316497325897216797e+00 1.705625610351562500e+02 3.896322250366210938e+01 1.168548202514648438e+01 5.316497325897216797e+00 1.705625610351562500e+02
5.000000000000000000e+03 5.060655975341796875e+01 5.930846214294433594e+00 3.051338005065917969e+01 1.086572265625000000e+02 5.060655975341796875e+01 5.930846214294433594e+00 3.051338005065917969e+01 1.086572265625000000e+02
6.000000000000000000e+03 5.010066223144531250e+01 2.865397930145263672e+00 1.830121803283691406e+01 6.941936492919921875e+01 5.010066223144531250e+01 2.865397930145263672e+00 1.830121803283691406e+01 6.941936492919921875e+01
7.000000000000000000e+03 4.167754745483398438e+01 1.842676281929016113e+00 1.621687507629394531e+01 4.070509338378906250e+01 4.167754745483398438e+01 1.842676281929016113e+00 1.621687507629394531e+01 4.070509338378906250e+01
8.000000000000000000e+03 3.915583801269531250e+01 1.766729235649108887e+00 2.981105613708496094e+01 2.566723823547363281e+01 3.915583801269531250e+01 1.766729235649108887e+00 2.981105613708496094e+01 2.566723823547363281e+01
9.000000000000000000e+03 3.291608810424804688e+01 1.326159596443176270e+00 1.484352970123291016e+01 1.789032363891601562e+01 3.291608810424804688e+01 1.326159596443176270e+00 1.484352970123291016e+01 1.789032363891601562e+01
1.000000000000000000e+04 3.040741729736328125e+01 1.220155119895935059e+00 1.173620510101318359e+01 1.432258701324462891e+01 3.040741729736328125e+01 1.220155119895935059e+00 1.173620510101318359e+01 1.432258701324462891e+01
1.100000000000000000e+04 2.195484352111816406e+01 6.111321449279785156e-01 4.418229103088378906e+00 1.107494544982910156e+01 2.195484352111816406e+01 6.111321449279785156e-01 4.418229103088378906e+00 1.107494544982910156e+01
1.200000000000000000e+04 2.015886688232421875e+01 4.468708038330078125e-01 3.196747064590454102e+00 7.787036418914794922e+00 2.015886688232421875e+01 4.468708038330078125e-01 3.196747064590454102e+00 7.787036418914794922e+00
1.300000000000000000e+04 1.593699264526367188e+01 4.031575322151184082e-01 3.805555343627929688e+00 6.504648208618164062e+00 1.593699264526367188e+01 4.031575322151184082e-01 3.805555343627929688e+00 6.504648208618164062e+00
1.400000000000000000e+04 1.774981689453125000e+01 3.462120592594146729e-01 8.942931175231933594e+00 5.104978561401367188e+00 1.774981689453125000e+01 3.462120592594146729e-01 8.942931175231933594e+00 5.104978561401367188e+00
1.500000000000000000e+04 1.300651741027832031e+01 3.660202324390411377e-01 9.160094261169433594e+00 5.431969642639160156e+00 1.300651741027832031e+01 3.660202324390411377e-01 9.160094261169433594e+00 5.431969642639160156e+00
1.600000000000000000e+04 1.145801067352294922e+01 2.630539834499359131e-01 1.226581260561943054e-01 4.036716938018798828e+00 1.145801067352294922e+01 2.630539834499359131e-01 1.226581260561943054e-01 4.036716938018798828e+00
1.700000000000000000e+04 1.455128383636474609e+01 5.373668074607849121e-01 9.761367797851562500e+00 9.720848083496093750e+00 1.455128383636474609e+01 5.373668074607849121e-01 9.761367797851562500e+00 9.720848083496093750e+00
1.800000000000000000e+04 9.194112777709960938e+00 2.474574744701385498e-01 1.393761157989501953e+00 3.771405935287475586e+00 9.194112777709960938e+00 2.474574744701385498e-01 1.393761157989501953e+00 3.771405935287475586e+00
1.900000000000000000e+04 1.601268005371093750e+01 3.835286498069763184e-01 1.124402523040771484e+01 4.161984443664550781e+00 1.601268005371093750e+01 3.835286498069763184e-01 1.124402523040771484e+01 4.161984443664550781e+00
2.000000000000000000e+04 1.392119789123535156e+01 2.850617468357086182e-01 2.393390178680419922e+00 4.489818096160888672e+00 1.392119789123535156e+01 2.850617468357086182e-01 2.393390178680419922e+00 4.489818096160888672e+00
