# step, loss_train, loss_test, metrics_test
0.000000000000000000e+00 0.000000000000000000e+00 3.892486953735351562e+01 4.182249755859375000e+02 4.670657653808593750e+02 0.000000000000000000e+00 3.892486953735351562e+01 4.182249755859375000e+02 4.670657653808593750e+02
1.000000000000000000e+03 0.000000000000000000e+00 1.138342571258544922e+01 8.772702026367187500e+01 4.062929382324218750e+02 0.000000000000000000e+00 1.138342571258544922e+01 8.772702026367187500e+01 4.062929382324218750e+02
2.000000000000000000e+03 0.000000000000000000e+00 1.861835098266601562e+01 5.752079010009765625e+01 3.778272705078125000e+02 0.000000000000000000e+00 1.861835098266601562e+01 5.752079010009765625e+01 3.778272705078125000e+02
3.000000000000000000e+03 0.000000000000000000e+00 2.678636932373046875e+01 4.535266113281250000e+01 3.224411010742187500e+02 0.000000000000000000e+00 2.678636932373046875e+01 4.535266113281250000e+01 3.224411010742187500e+02
4.000000000000000000e+03 0.000000000000000000e+00 2.412582015991210938e+01 3.212545013427734375e+01 2.790231018066406250e+02 0.000000000000000000e+00 2.412582015991210938e+01 3.212545013427734375e+01 2.790231018066406250e+02
5.000000000000000000e+03 0.000000000000000000e+00 1.852121353149414062e+01 2.850736618041992188e+01 2.275540466308593750e+02 0.000000000000000000e+00 1.852121353149414062e+01 2.850736618041992188e+01 2.275540466308593750e+02
6.000000000000000000e+03 0.000000000000000000e+00 2.424661636352539062e+01 2.628761291503906250e+01 1.863230133056640625e+02 0.000000000000000000e+00 2.424661636352539062e+01 2.628761291503906250e+01 1.863230133056640625e+02
7.000000000000000000e+03 0.000000000000000000e+00 2.647747039794921875e+01 2.388316535949707031e+01 1.560366210937500000e+02 0.000000000000000000e+00 2.647747039794921875e+01 2.388316535949707031e+01 1.560366210937500000e+02
8.000000000000000000e+03 0.000000000000000000e+00 2.568467330932617188e+01 2.179705047607421875e+01 1.272843551635742188e+02 0.000000000000000000e+00 2.568467330932617188e+01 2.179705047607421875e+01 1.272843551635742188e+02
9.000000000000000000e+03 0.000000000000000000e+00 2.265553855895996094e+01 1.972340774536132812e+01 1.018386840820312500e+02 0.000000000000000000e+00 2.265553855895996094e+01 1.972340774536132812e+01 1.018386840820312500e+02
1.000000000000000000e+04 0.000000000000000000e+00 1.882056427001953125e+01 1.738439941406250000e+01 8.311239624023437500e+01 0.000000000000000000e+00 1.882056427001953125e+01 1.738439941406250000e+01 8.311239624023437500e+01
1.100000000000000000e+04 0.000000000000000000e+00 1.542648506164550781e+01 1.344639873504638672e+01 6.364592742919921875e+01 0.000000000000000000e+00 1.542648506164550781e+01 1.344639873504638672e+01 6.364592742919921875e+01
1.200000000000000000e+04 0.000000000000000000e+00 1.056382560729980469e+01 8.575919151306152344e+00 4.538518905639648438e+01 0.000000000000000000e+00 1.056382560729980469e+01 8.575919151306152344e+00 4.538518905639648438e+01
1.300000000000000000e+04 0.000000000000000000e+00 5.306102275848388672e+00 4.083400249481201172e+00 3.239222717285156250e+01 0.000000000000000000e+00 5.306102275848388672e+00 4.083400249481201172e+00 3.239222717285156250e+01
1.400000000000000000e+04 0.000000000000000000e+00 2.565070629119873047e+00 2.157972097396850586e+00 2.398596954345703125e+01 0.000000000000000000e+00 2.565070629119873047e+00 2.157972097396850586e+00 2.398596954345703125e+01
1.500000000000000000e+04 0.000000000000000000e+00 1.347204923629760742e+00 1.529135704040527344e+00 1.889141464233398438e+01 0.000000000000000000e+00 1.347204923629760742e+00 1.529135704040527344e+00 1.889141464233398438e+01
1.600000000000000000e+04 0.000000000000000000e+00 7.301737070083618164e-01 1.234055280685424805e+00 1.541147804260253906e+01 0.000000000000000000e+00 7.301737070083618164e-01 1.234055280685424805e+00 1.541147804260253906e+01
1.700000000000000000e+04 0.000000000000000000e+00 3.611899018287658691e-01 1.017611265182495117e+00 1.262941265106201172e+01 0.000000000000000000e+00 3.611899018287658691e-01 1.017611265182495117e+00 1.262941265106201172e+01
1.800000000000000000e+04 0.000000000000000000e+00 1.667594909667968750e-01 8.062299489974975586e-01 1.018448352813720703e+01 0.000000000000000000e+00 1.667594909667968750e-01 8.062299489974975586e-01 1.018448352813720703e+01
1.900000000000000000e+04 0.000000000000000000e+00 9.224131703376770020e-02 6.117789149284362793e-01 8.341458320617675781e+00 0.000000000000000000e+00 9.224131703376770020e-02 6.117789149284362793e-01 8.341458320617675781e+00
2.000000000000000000e+04 0.000000000000000000e+00 6.104944646358489990e-02 4.467537999153137207e-01 6.914780139923095703e+00 0.000000000000000000e+00 6.104944646358489990e-02 4.467537999153137207e-01 6.914780139923095703e+00
