# step, loss_train, loss_test, metrics_test
0.000000000000000000e+00 2.322164250000000000e+06 9.088134155273437500e+02 2.012073242187500000e+04 5.332016601562500000e+02 2.322164250000000000e+06 9.088134155273437500e+02 2.012073242187500000e+04 5.332016601562500000e+02
1.000000000000000000e+03 1.332625732421875000e+02 4.272389602661132812e+01 2.363006591796875000e+02 9.520529937744140625e+01 1.332625732421875000e+02 4.272389602661132812e+01 2.363006591796875000e+02 9.520529937744140625e+01
2.000000000000000000e+03 5.848165130615234375e+01 3.280055236816406250e+01 2.167204475402832031e+01 9.255287170410156250e+01 5.848165130615234375e+01 3.280055236816406250e+01 2.167204475402832031e+01 9.255287170410156250e+01
3.000000000000000000e+03 2.991689872741699219e+01 2.242089271545410156e+01 8.916040420532226562e+00 9.323004913330078125e+01 2.991689872741699219e+01 2.242089271545410156e+01 8.916040420532226562e+00 9.323004913330078125e+01
4.000000000000000000e+03 1.792279624938964844e+01 1.337985420227050781e+01 3.041450023651123047e+00 9.400065612792968750e+01 1.792279624938964844e+01 1.337985420227050781e+01 3.041450023651123047e+00 9.400065612792968750e+01
5.000000000000000000e+03 1.474705982208251953e+01 9.701772689819335938e+00 2.426961660385131836e+00 9.376882171630859375e+01 1.474705982208251953e+01 9.701772689819335938e+00 2.426961660385131836e+00 9.376882171630859375e+01
6.000000000000000000e+03 8.518494606018066406e+00 5.819573402404785156e+00 5.874863862991333008e-01 9.351781463623046875e+01 8.518494606018066406e+00 5.819573402404785156e+00 5.874863862991333008e-01 9.351781463623046875e+01
7.000000000000000000e+03 6.413983345031738281e+00 4.532179355621337891e+00 5.580432415008544922e-01 9.306764984130859375e+01 6.413983345031738281e+00 4.532179355621337891e+00 5.580432415008544922e-01 9.306764984130859375e+01
8.000000000000000000e+03 8.430808067321777344e+00 3.923730373382568359e+00 1.040057945251464844e+01 9.344839477539062500e+01 8.430808067321777344e+00 3.923730373382568359e+00 1.040057945251464844e+01 9.344839477539062500e+01
9.000000000000000000e+03 4.337556838989257812e+00 2.913879871368408203e+00 3.659364223480224609e+00 9.210061645507812500e+01 4.337556838989257812e+00 2.913879871368408203e+00 3.659364223480224609e+00 9.210061645507812500e+01
1.000000000000000000e+04 3.435662269592285156e+00 1.894086003303527832e+00 8.189572393894195557e-02 9.146139526367187500e+01 3.435662269592285156e+00 1.894086003303527832e+00 8.189572393894195557e-02 9.146139526367187500e+01
1.100000000000000000e+04 3.351254463195800781e+00 9.084854125976562500e-01 1.863830089569091797e-01 9.076467132568359375e+01 3.351254463195800781e+00 9.084854125976562500e-01 1.863830089569091797e-01 9.076467132568359375e+01
1.200000000000000000e+04 3.562882900238037109e+00 4.486971497535705566e-01 2.844499051570892334e-01 8.869951629638671875e+01 3.562882900238037109e+00 4.486971497535705566e-01 2.844499051570892334e-01 8.869951629638671875e+01
1.300000000000000000e+04 3.679912805557250977e+00 1.290521174669265747e-01 1.288332939147949219e+00 8.539097595214843750e+01 3.679912805557250977e+00 1.290521174669265747e-01 1.288332939147949219e+00 8.539097595214843750e+01
1.400000000000000000e+04 8.013215065002441406e+00 2.333812713623046875e+01 1.994664072990417480e+00 9.681931304931640625e+01 8.013215065002441406e+00 2.333812713623046875e+01 1.994664072990417480e+00 9.681931304931640625e+01
1.500000000000000000e+04 6.963520526885986328e+00 7.144183158874511719e+00 5.647913813591003418e-01 9.420912170410156250e+01 6.963520526885986328e+00 7.144183158874511719e+00 5.647913813591003418e-01 9.420912170410156250e+01
1.600000000000000000e+04 1.486721515655517578e+01 1.194823646545410156e+01 6.122790813446044922e+00 9.752348327636718750e+01 1.486721515655517578e+01 1.194823646545410156e+01 6.122790813446044922e+00 9.752348327636718750e+01
1.700000000000000000e+04 3.855042934417724609e+00 1.601662755012512207e+00 1.471237987279891968e-01 9.290903472900390625e+01 3.855042934417724609e+00 1.601662755012512207e+00 1.471237987279891968e-01 9.290903472900390625e+01
1.800000000000000000e+04 4.287554740905761719e+00 1.564828515052795410e+00 2.601251006126403809e-01 9.341740417480468750e+01 4.287554740905761719e+00 1.564828515052795410e+00 2.601251006126403809e-01 9.341740417480468750e+01
1.900000000000000000e+04 2.946672439575195312e+00 1.155601382255554199e+00 6.094256639480590820e-01 9.296620941162109375e+01 2.946672439575195312e+00 1.155601382255554199e+00 6.094256639480590820e-01 9.296620941162109375e+01
2.000000000000000000e+04 3.140717506408691406e+00 3.746701478958129883e-01 4.214021861553192139e-01 9.298697662353515625e+01 3.140717506408691406e+00 3.746701478958129883e-01 4.214021861553192139e-01 9.298697662353515625e+01
