# step, loss_train, loss_test, metrics_test
0.000000000000000000e+00 1.139860234375000000e+05 1.934885864257812500e+02 3.344703515625000000e+04 4.372012329101562500e+02 1.139860234375000000e+05 1.934885864257812500e+02 3.344703515625000000e+04 4.372012329101562500e+02
1.000000000000000000e+03 2.267921447753906250e+02 2.536392593383789062e+01 1.952942504882812500e+02 4.033244323730468750e+02 2.267921447753906250e+02 2.536392593383789062e+01 1.952942504882812500e+02 4.033244323730468750e+02
2.000000000000000000e+03 1.460579528808593750e+02 1.839856147766113281e+01 3.311837387084960938e+01 4.084249267578125000e+02 1.460579528808593750e+02 1.839856147766113281e+01 3.311837387084960938e+01 4.084249267578125000e+02
3.000000000000000000e+03 8.483267211914062500e+01 3.014627265930175781e+01 1.080271148681640625e+01 3.994435729980468750e+02 8.483267211914062500e+01 3.014627265930175781e+01 1.080271148681640625e+01 3.994435729980468750e+02
4.000000000000000000e+03 4.550419235229492188e+01 2.270535659790039062e+01 4.405639171600341797e+00 3.960280761718750000e+02 4.550419235229492188e+01 2.270535659790039062e+01 4.405639171600341797e+00 3.960280761718750000e+02
5.000000000000000000e+03 1.512013549804687500e+02 3.322388458251953125e+01 7.720726013183593750e+01 4.014769897460937500e+02 1.512013549804687500e+02 3.322388458251953125e+01 7.720726013183593750e+01 4.014769897460937500e+02
6.000000000000000000e+03 2.567056465148925781e+01 1.632788848876953125e+01 3.527938842773437500e+01 3.850794067382812500e+02 2.567056465148925781e+01 1.632788848876953125e+01 3.527938842773437500e+01 3.850794067382812500e+02
7.000000000000000000e+03 1.743332099914550781e+01 1.257234477996826172e+01 1.254823303222656250e+01 3.781908569335937500e+02 1.743332099914550781e+01 1.257234477996826172e+01 1.254823303222656250e+01 3.781908569335937500e+02
8.000000000000000000e+03 1.245085525512695312e+01 1.039495182037353516e+01 2.652024984359741211e+00 3.729126586914062500e+02 1.245085525512695312e+01 1.039495182037353516e+01 2.652024984359741211e+00 3.729126586914062500e+02
9.000000000000000000e+03 1.116788196563720703e+01 1.481670665740966797e+01 9.930952453613281250e+01 3.748807678222656250e+02 1.116788196563720703e+01 1.481670665740966797e+01 9.930952453613281250e+01 3.748807678222656250e+02
1.000000000000000000e+04 4.722381619200000000e+10 4.466395840000000000e+08 3.295730278400000000e+10 7.005639680000000000e+08 4.722381619200000000e+10 4.466395840000000000e+08 3.295730278400000000e+10 7.005639680000000000e+08
1.100000000000000000e+04 1.694706688000000000e+10 8.629544000000000000e+07 1.174364672000000000e+10 1.489324800000000000e+08 1.694706688000000000e+10 8.629544000000000000e+07 1.174364672000000000e+10 1.489324800000000000e+08
1.200000000000000000e+04 7.587418624000000000e+09 3.384743600000000000e+07 5.613382144000000000e+09 5.642862800000000000e+07 7.587418624000000000e+09 3.384743600000000000e+07 5.613382144000000000e+09 5.642862800000000000e+07
1.300000000000000000e+04 3.020685312000000000e+09 1.304131200000000000e+07 2.130706944000000000e+09 2.193328400000000000e+07 3.020685312000000000e+09 1.304131200000000000e+07 2.130706944000000000e+09 2.193328400000000000e+07
1.400000000000000000e+04 1.447790720000000000e+09 3.857642500000000000e+06 5.994352000000000000e+08 7.704491500000000000e+06 1.447790720000000000e+09 3.857642500000000000e+06 5.994352000000000000e+08 7.704491500000000000e+06
1.500000000000000000e+04 1.022929728000000000e+09 2.014429375000000000e+06 1.917365600000000000e+08 3.724963000000000000e+06 1.022929728000000000e+09 2.014429375000000000e+06 1.917365600000000000e+08 3.724963000000000000e+06
1.600000000000000000e+04 7.796874880000000000e+08 1.185046500000000000e+06 1.271424720000000000e+08 3.017184500000000000e+06 7.796874880000000000e+08 1.185046500000000000e+06 1.271424720000000000e+08 3.017184500000000000e+06
1.700000000000000000e+04 6.451232000000000000e+08 1.448844250000000000e+06 8.884052000000000000e+07 1.933251750000000000e+06 6.451232000000000000e+08 1.448844250000000000e+06 8.884052000000000000e+07 1.933251750000000000e+06
1.800000000000000000e+04 6.120096640000000000e+08 1.277515375000000000e+06 5.599095200000000000e+07 1.009220062500000000e+06 6.120096640000000000e+08 1.277515375000000000e+06 5.599095200000000000e+07 1.009220062500000000e+06
1.900000000000000000e+04 2.643072800000000000e+08 7.537476250000000000e+05 9.925956000000000000e+06 5.240860625000000000e+05 2.643072800000000000e+08 7.537476250000000000e+05 9.925956000000000000e+06 5.240860625000000000e+05
2.000000000000000000e+04 7.598199040000000000e+08 4.497250625000000000e+05 6.740203200000000000e+07 5.475138750000000000e+05 7.598199040000000000e+08 4.497250625000000000e+05 6.740203200000000000e+07 5.475138750000000000e+05
