# step, loss_train, loss_test, metrics_test
0.000000000000000000e+00 6.496462674476788379e-07 1.518620777130126953e+01 3.574129394531250000e+03 2.036564941406250000e+02 6.496462674476788379e-07 1.518620777130126953e+01 3.574129394531250000e+03 2.036564941406250000e+02
1.000000000000000000e+03 1.167196512222290039e+00 1.755396080017089844e+01 7.108790874481201172e-01 1.891846771240234375e+02 1.167196512222290039e+00 1.755396080017089844e+01 7.108790874481201172e-01 1.891846771240234375e+02
2.000000000000000000e+03 2.780007123947143555e+00 1.152786827087402344e+01 2.170166730880737305e+00 1.654106445312500000e+02 2.780007123947143555e+00 1.152786827087402344e+01 2.170166730880737305e+00 1.654106445312500000e+02
3.000000000000000000e+03 2.686189651489257812e+00 5.211484432220458984e+00 4.397606551647186279e-01 1.488916015625000000e+02 2.686189651489257812e+00 5.211484432220458984e+00 4.397606551647186279e-01 1.488916015625000000e+02
4.000000000000000000e+03 4.388501167297363281e+00 4.540913581848144531e+00 2.546842694282531738e-01 1.174746246337890625e+02 4.388501167297363281e+00 4.540913581848144531e+00 2.546842694282531738e-01 1.174746246337890625e+02
5.000000000000000000e+03 4.315072631835937500e+01 4.779222106933593750e+01 4.552956848144531250e+02 1.057633438110351562e+02 4.315072631835937500e+01 4.779222106933593750e+01 4.552956848144531250e+02 1.057633438110351562e+02
6.000000000000000000e+03 1.481028270721435547e+01 3.156448125839233398e+00 2.021829986572265625e+01 9.620530700683593750e+01 1.481028270721435547e+01 3.156448125839233398e+00 2.021829986572265625e+01 9.620530700683593750e+01
7.000000000000000000e+03 7.860651493072509766e+00 9.762424826622009277e-01 9.031553268432617188e-01 4.013570785522460938e+01 7.860651493072509766e+00 9.762424826622009277e-01 9.031553268432617188e-01 4.013570785522460938e+01
8.000000000000000000e+03 5.188827991485595703e+00 1.977867335081100464e-01 2.737177908420562744e-01 2.289501571655273438e+01 5.188827991485595703e+00 1.977867335081100464e-01 2.737177908420562744e-01 2.289501571655273438e+01
9.000000000000000000e+03 7.048799514770507812e+00 1.771755665540695190e-01 1.780865669250488281e+00 1.799365043640136719e+01 7.048799514770507812e+00 1.771755665540695190e-01 1.780865669250488281e+00 1.799365043640136719e+01
1.000000000000000000e+04 3.114421844482421875e+00 4.386235773563385010e-02 3.560924828052520752e-01 8.471871376037597656e+00 3.114421844482421875e+00 4.386235773563385010e-02 3.560924828052520752e-01 8.471871376037597656e+00
1.100000000000000000e+04 2.641876697540283203e+00 2.842759713530540466e-02 3.907193243503570557e-01 8.623317718505859375e+00 2.641876697540283203e+00 2.842759713530540466e-02 3.907193243503570557e-01 8.623317718505859375e+00
1.200000000000000000e+04 2.062043428421020508e+00 2.815943211317062378e-02 1.578277349472045898e-01 4.717914581298828125e+00 2.062043428421020508e+00 2.815943211317062378e-02 1.578277349472045898e-01 4.717914581298828125e+00
1.300000000000000000e+04 2.410124301910400391e+00 1.300285756587982178e-02 1.276261359453201294e-01 2.874496698379516602e+00 2.410124301910400391e+00 1.300285756587982178e-02 1.276261359453201294e-01 2.874496698379516602e+00
1.400000000000000000e+04 7.052493286132812500e+01 9.741003513336181641e-01 3.436463117599487305e+00 4.695899963378906250e+00 7.052493286132812500e+01 9.741003513336181641e-01 3.436463117599487305e+00 4.695899963378906250e+00
1.500000000000000000e+04 2.516232013702392578e+00 2.694770134985446930e-02 3.918419480323791504e-01 3.322943925857543945e+00 2.516232013702392578e+00 2.694770134985446930e-02 3.918419480323791504e-01 3.322943925857543945e+00
1.600000000000000000e+04 2.357922554016113281e+00 1.211873535066843033e-02 6.170138716697692871e-01 1.734941840171813965e+00 2.357922554016113281e+00 1.211873535066843033e-02 6.170138716697692871e-01 1.734941840171813965e+00
1.700000000000000000e+04 2.103365421295166016e+00 6.529823690652847290e-02 1.332637816667556763e-01 2.876183271408081055e+00 2.103365421295166016e+00 6.529823690652847290e-02 1.332637816667556763e-01 2.876183271408081055e+00
1.800000000000000000e+04 6.814973449707031250e+01 1.310223788022994995e-01 5.523535728454589844e+00 2.171894073486328125e+00 6.814973449707031250e+01 1.310223788022994995e-01 5.523535728454589844e+00 2.171894073486328125e+00
1.900000000000000000e+04 1.779054760932922363e+00 8.834588341414928436e-03 7.385954260826110840e-01 2.665776014328002930e+00 1.779054760932922363e+00 8.834588341414928436e-03 7.385954260826110840e-01 2.665776014328002930e+00
2.000000000000000000e+04 3.050201416015625000e+01 2.363354921340942383e+00 1.315620422363281250e+02 1.620501637458801270e+00 3.050201416015625000e+01 2.363354921340942383e+00 1.315620422363281250e+02 1.620501637458801270e+00
