# step, loss_train, loss_test, metrics_test
0.000000000000000000e+00 9.924926757812500000e+03 2.152984428405761719e+01 7.871083374023437500e+02 1.931227264404296875e+02 9.924926757812500000e+03 2.152984428405761719e+01 7.871083374023437500e+02 1.931227264404296875e+02
1.000000000000000000e+03 3.735480880737304688e+01 3.696194458007812500e+01 9.120151519775390625e+01 2.083552856445312500e+02 3.735480880737304688e+01 3.696194458007812500e+01 9.120151519775390625e+01 2.083552856445312500e+02
2.000000000000000000e+03 9.204276084899902344e+00 4.626953125000000000e+01 9.489635467529296875e+00 2.076366271972656250e+02 9.204276084899902344e+00 4.626953125000000000e+01 9.489635467529296875e+00 2.076366271972656250e+02
3.000000000000000000e+03 5.136112689971923828e+00 4.363876342773437500e+01 5.873416900634765625e+00 2.021545104980468750e+02 5.136112689971923828e+00 4.363876342773437500e+01 5.873416900634765625e+00 2.021545104980468750e+02
4.000000000000000000e+03 3.879254341125488281e+00 3.876285934448242188e+01 3.998799085617065430e+00 1.985141754150390625e+02 3.879254341125488281e+00 3.876285934448242188e+01 3.998799085617065430e+00 1.985141754150390625e+02
5.000000000000000000e+03 3.505541324615478516e+00 3.271710205078125000e+01 2.812402963638305664e+00 1.958425750732421875e+02 3.505541324615478516e+00 3.271710205078125000e+01 2.812402963638305664e+00 1.958425750732421875e+02
6.000000000000000000e+03 6.177302837371826172e+00 2.584688758850097656e+01 2.259377241134643555e+00 1.937399597167968750e+02 6.177302837371826172e+00 2.584688758850097656e+01 2.259377241134643555e+00 1.937399597167968750e+02
7.000000000000000000e+03 3.504411458969116211e+00 1.910012245178222656e+01 1.614567518234252930e+00 1.917571105957031250e+02 3.504411458969116211e+00 1.910012245178222656e+01 1.614567518234252930e+00 1.917571105957031250e+02
8.000000000000000000e+03 3.350717782974243164e+00 1.292762947082519531e+01 1.241922736167907715e+00 1.895579528808593750e+02 3.350717782974243164e+00 1.292762947082519531e+01 1.241922736167907715e+00 1.895579528808593750e+02
9.000000000000000000e+03 1.356614685058593750e+01 9.203440666198730469e+00 1.383736252784729004e+00 1.871722412109375000e+02 1.356614685058593750e+01 9.203440666198730469e+00 1.383736252784729004e+00 1.871722412109375000e+02
1.000000000000000000e+04 2.691930055618286133e+00 8.409339904785156250e+00 6.700579524040222168e-01 1.848784637451171875e+02 2.691930055618286133e+00 8.409339904785156250e+00 6.700579524040222168e-01 1.848784637451171875e+02
1.100000000000000000e+04 2.371346235275268555e+00 8.174133300781250000e+00 5.898884534835815430e-01 1.829101562500000000e+02 2.371346235275268555e+00 8.174133300781250000e+00 5.898884534835815430e-01 1.829101562500000000e+02
1.200000000000000000e+04 2.252995729446411133e+00 8.117223739624023438e+00 5.681988000869750977e-01 1.811958312988281250e+02 2.252995729446411133e+00 8.117223739624023438e+00 5.681988000869750977e-01 1.811958312988281250e+02
1.300000000000000000e+04 2.767309427261352539e+00 7.923807144165039062e+00 6.791560053825378418e-01 1.796021728515625000e+02 2.767309427261352539e+00 7.923807144165039062e+00 6.791560053825378418e-01 1.796021728515625000e+02
1.400000000000000000e+04 2.148711204528808594e+00 7.933299064636230469e+00 6.365488767623901367e-01 1.779165039062500000e+02 2.148711204528808594e+00 7.933299064636230469e+00 6.365488767623901367e-01 1.779165039062500000e+02
1.500000000000000000e+04 2.315683364868164062e+00 7.854285240173339844e+00 6.764610409736633301e-01 1.760364532470703125e+02 2.315683364868164062e+00 7.854285240173339844e+00 6.764610409736633301e-01 1.760364532470703125e+02
1.600000000000000000e+04 2.572756052017211914e+00 7.765817642211914062e+00 6.918892860412597656e-01 1.737961578369140625e+02 2.572756052017211914e+00 7.765817642211914062e+00 6.918892860412597656e-01 1.737961578369140625e+02
1.700000000000000000e+04 2.908166170120239258e+00 7.702615261077880859e+00 7.108125090599060059e-01 1.708801422119140625e+02 2.908166170120239258e+00 7.702615261077880859e+00 7.108125090599060059e-01 1.708801422119140625e+02
1.800000000000000000e+04 3.629528522491455078e+00 7.544052600860595703e+00 7.629792094230651855e-01 1.673050079345703125e+02 3.629528522491455078e+00 7.544052600860595703e+00 7.629792094230651855e-01 1.673050079345703125e+02
1.900000000000000000e+04 4.762182712554931641e+00 7.413352966308593750e+00 8.233860135078430176e-01 1.627756042480468750e+02 4.762182712554931641e+00 7.413352966308593750e+00 8.233860135078430176e-01 1.627756042480468750e+02
2.000000000000000000e+04 6.059661865234375000e+00 7.325045108795166016e+00 8.974264264106750488e-01 1.571204071044921875e+02 6.059661865234375000e+00 7.325045108795166016e+00 8.974264264106750488e-01 1.571204071044921875e+02
