# step, loss_train, loss_test, metrics_test
0.000000000000000000e+00 8.059003420157750952e-08 2.889861679077148438e+01 6.045050292968750000e+03 4.295246582031250000e+02 8.059003420157750952e-08 2.889861679077148438e+01 6.045050292968750000e+03 4.295246582031250000e+02
1.000000000000000000e+03 7.334835459005262237e-07 2.352989006042480469e+01 2.827141357421875000e+03 4.242220458984375000e+02 7.334835459005262237e-07 2.352989006042480469e+01 2.827141357421875000e+03 4.242220458984375000e+02
2.000000000000000000e+03 2.837638930941466242e-06 2.495683097839355469e+01 2.818390380859375000e+03 4.252334594726562500e+02 2.837638930941466242e-06 2.495683097839355469e+01 2.818390380859375000e+03 4.252334594726562500e+02
3.000000000000000000e+03 2.057319215964525938e-04 2.495521736145019531e+01 2.814779296875000000e+03 4.252386169433593750e+02 2.057319215964525938e-04 2.495521736145019531e+01 2.814779296875000000e+03 4.252386169433593750e+02
4.000000000000000000e+03 1.015375182032585144e-02 2.492824554443359375e+01 2.785441894531250000e+03 4.252627258300781250e+02 1.015375182032585144e-02 2.492824554443359375e+01 2.785441894531250000e+03 4.252627258300781250e+02
5.000000000000000000e+03 1.017470005899667740e-02 2.441957664489746094e+01 2.479520996093750000e+03 4.254632873535156250e+02 1.017470005899667740e-02 2.441957664489746094e+01 2.479520996093750000e+03 4.254632873535156250e+02
6.000000000000000000e+03 1.692925453186035156e+00 2.931176948547363281e+01 1.468364257812500000e+03 4.338028564453125000e+02 1.692925453186035156e+00 2.931176948547363281e+01 1.468364257812500000e+03 4.338028564453125000e+02
7.000000000000000000e+03 5.507196426391601562e+00 3.596244812011718750e+01 1.097137329101562500e+03 4.474755554199218750e+02 5.507196426391601562e+00 3.596244812011718750e+01 1.097137329101562500e+03 4.474755554199218750e+02
8.000000000000000000e+03 7.630385398864746094e+00 3.772641372680664062e+01 9.853857421875000000e+02 4.530097045898437500e+02 7.630385398864746094e+00 3.772641372680664062e+01 9.853857421875000000e+02 4.530097045898437500e+02
9.000000000000000000e+03 7.175381660461425781e+00 4.106060028076171875e+01 8.491289062500000000e+02 4.589125366210937500e+02 7.175381660461425781e+00 4.106060028076171875e+01 8.491289062500000000e+02 4.589125366210937500e+02
1.000000000000000000e+04 1.371219062805175781e+01 4.398423385620117188e+01 6.751432495117187500e+02 4.648964843750000000e+02 1.371219062805175781e+01 4.398423385620117188e+01 6.751432495117187500e+02 4.648964843750000000e+02
1.100000000000000000e+04 2.650593757629394531e+00 5.062258148193359375e+01 2.757537841796875000e+02 4.734176635742187500e+02 2.650593757629394531e+00 5.062258148193359375e+01 2.757537841796875000e+02 4.734176635742187500e+02
1.200000000000000000e+04 1.448516726493835449e+00 5.198645401000976562e+01 1.789648895263671875e+02 4.670868225097656250e+02 1.448516726493835449e+00 5.198645401000976562e+01 1.789648895263671875e+02 4.670868225097656250e+02
1.300000000000000000e+04 1.496661067008972168e+00 5.229656600952148438e+01 1.147243194580078125e+02 4.587932739257812500e+02 1.496661067008972168e+00 5.229656600952148438e+01 1.147243194580078125e+02 4.587932739257812500e+02
1.400000000000000000e+04 1.544682383537292480e+00 5.248775482177734375e+01 6.567809295654296875e+01 4.500685729980468750e+02 1.544682383537292480e+00 5.248775482177734375e+01 6.567809295654296875e+01 4.500685729980468750e+02
1.500000000000000000e+04 1.336374640464782715e+00 5.197471237182617188e+01 3.089854621887207031e+01 4.410243530273437500e+02 1.336374640464782715e+00 5.197471237182617188e+01 3.089854621887207031e+01 4.410243530273437500e+02
1.600000000000000000e+04 9.618478417396545410e-01 5.023423767089843750e+01 1.394579315185546875e+01 4.306827392578125000e+02 9.618478417396545410e-01 5.023423767089843750e+01 1.394579315185546875e+01 4.306827392578125000e+02
1.700000000000000000e+04 6.683843731880187988e-01 4.825264358520507812e+01 7.058005809783935547e+00 4.194925231933593750e+02 6.683843731880187988e-01 4.825264358520507812e+01 7.058005809783935547e+00 4.194925231933593750e+02
1.800000000000000000e+04 4.812007546424865723e-01 4.609303283691406250e+01 4.262420177459716797e+00 4.080175781250000000e+02 4.812007546424865723e-01 4.609303283691406250e+01 4.262420177459716797e+00 4.080175781250000000e+02
1.900000000000000000e+04 5.172163248062133789e-01 4.176195526123046875e+01 3.099276781082153320e+00 3.961841125488281250e+02 5.172163248062133789e-01 4.176195526123046875e+01 3.099276781082153320e+00 3.961841125488281250e+02
2.000000000000000000e+04 6.965709924697875977e-01 3.621833801269531250e+01 2.284826278686523438e+00 3.873947143554687500e+02 6.965709924697875977e-01 3.621833801269531250e+01 2.284826278686523438e+00 3.873947143554687500e+02
