# step, loss_train, loss_test, metrics_test
0.000000000000000000e+00 1.248720092773437500e+02 3.518375015258789062e+01 2.658284667968750000e+03 3.577433471679687500e+02 1.248720092773437500e+02 3.518375015258789062e+01 2.658284667968750000e+03 3.577433471679687500e+02
1.000000000000000000e+03 9.815099334716796875e+01 2.527166557312011719e+01 2.319067993164062500e+02 3.410423278808593750e+02 9.815099334716796875e+01 2.527166557312011719e+01 2.319067993164062500e+02 3.410423278808593750e+02
2.000000000000000000e+03 6.092601394653320312e+01 2.411020278930664062e+01 1.151290130615234375e+01 3.327817687988281250e+02 6.092601394653320312e+01 2.411020278930664062e+01 1.151290130615234375e+01 3.327817687988281250e+02
3.000000000000000000e+03 2.850130462646484375e+01 1.800121688842773438e+01 2.480841398239135742e+00 3.139808349609375000e+02 2.850130462646484375e+01 1.800121688842773438e+01 2.480841398239135742e+00 3.139808349609375000e+02
4.000000000000000000e+03 1.944042015075683594e+01 1.322573471069335938e+01 9.391567707061767578e-01 2.941556701660156250e+02 1.944042015075683594e+01 1.322573471069335938e+01 9.391567707061767578e-01 2.941556701660156250e+02
5.000000000000000000e+03 1.698451042175292969e+01 8.937032699584960938e+00 6.585544943809509277e-01 2.714349060058593750e+02 1.698451042175292969e+01 8.937032699584960938e+00 6.585544943809509277e-01 2.714349060058593750e+02
6.000000000000000000e+03 2.720120620727539062e+01 5.707157135009765625e+00 6.482400298118591309e-01 2.102991180419921875e+02 2.720120620727539062e+01 5.707157135009765625e+00 6.482400298118591309e-01 2.102991180419921875e+02
7.000000000000000000e+03 4.224681091308593750e+01 4.726943492889404297e+00 9.039927124977111816e-01 1.347375335693359375e+02 4.224681091308593750e+01 4.726943492889404297e+00 9.039927124977111816e-01 1.347375335693359375e+02
8.000000000000000000e+03 5.031501770019531250e+01 3.195046424865722656e+00 3.038505017757415771e-01 5.619005584716796875e+01 5.031501770019531250e+01 3.195046424865722656e+00 3.038505017757415771e-01 5.619005584716796875e+01
9.000000000000000000e+03 3.935427856445312500e+01 1.140076518058776855e+00 4.626045525074005127e-01 2.429321670532226562e+01 3.935427856445312500e+01 1.140076518058776855e+00 4.626045525074005127e-01 2.429321670532226562e+01
1.000000000000000000e+04 2.796525955200195312e+01 5.552248954772949219e-01 1.544942557811737061e-01 1.474358272552490234e+01 2.796525955200195312e+01 5.552248954772949219e-01 1.544942557811737061e-01 1.474358272552490234e+01
1.100000000000000000e+04 2.329419136047363281e+01 4.052465558052062988e-01 1.190544486045837402e+00 1.085457229614257812e+01 2.329419136047363281e+01 4.052465558052062988e-01 1.190544486045837402e+00 1.085457229614257812e+01
1.200000000000000000e+04 2.112656974792480469e+01 2.761512696743011475e-01 8.680513501167297363e-02 8.773088455200195312e+00 2.112656974792480469e+01 2.761512696743011475e-01 8.680513501167297363e-02 8.773088455200195312e+00
1.300000000000000000e+04 1.694634056091308594e+01 2.026505619287490845e-01 2.490227073431015015e-01 6.986854076385498047e+00 1.694634056091308594e+01 2.026505619287490845e-01 2.490227073431015015e-01 6.986854076385498047e+00
1.400000000000000000e+04 1.394685840606689453e+01 1.217261999845504761e-01 5.691332221031188965e-01 5.289606571197509766e+00 1.394685840606689453e+01 1.217261999845504761e-01 5.691332221031188965e-01 5.289606571197509766e+00
1.500000000000000000e+04 1.296076488494873047e+01 1.155785396695137024e-01 3.154622614383697510e-01 4.335692882537841797e+00 1.296076488494873047e+01 1.155785396695137024e-01 3.154622614383697510e-01 4.335692882537841797e+00
1.600000000000000000e+04 1.063018608093261719e+01 7.266061007976531982e-02 4.075526595115661621e-01 3.580419301986694336e+00 1.063018608093261719e+01 7.266061007976531982e-02 4.075526595115661621e-01 3.580419301986694336e+00
1.700000000000000000e+04 9.530375480651855469e+00 5.458064749836921692e-02 3.781955838203430176e-01 3.016252756118774414e+00 9.530375480651855469e+00 5.458064749836921692e-02 3.781955838203430176e-01 3.016252756118774414e+00
1.800000000000000000e+04 1.047994136810302734e+01 8.302216231822967529e-02 1.615078002214431763e-01 2.913243532180786133e+00 1.047994136810302734e+01 8.302216231822967529e-02 1.615078002214431763e-01 2.913243532180786133e+00
1.900000000000000000e+04 7.427722454071044922e+00 3.499319031834602356e-02 3.622566163539886475e-01 2.346263647079467773e+00 7.427722454071044922e+00 3.499319031834602356e-02 3.622566163539886475e-01 2.346263647079467773e+00
2.000000000000000000e+04 6.248628139495849609e+00 3.067070245742797852e-02 3.366463184356689453e-01 2.093621730804443359e+00 6.248628139495849609e+00 3.067070245742797852e-02 3.366463184356689453e-01 2.093621730804443359e+00
