# step, loss_train, loss_test, metrics_test
0.000000000000000000e+00 0.000000000000000000e+00 2.817167663574218750e+01 2.698291503906250000e+03 4.251680603027343750e+02 0.000000000000000000e+00 2.817167663574218750e+01 2.698291503906250000e+03 4.251680603027343750e+02
1.000000000000000000e+03 0.000000000000000000e+00 1.351213264465332031e+01 1.425876220703125000e+03 4.133740234375000000e+02 0.000000000000000000e+00 1.351213264465332031e+01 1.425876220703125000e+03 4.133740234375000000e+02
2.000000000000000000e+03 0.000000000000000000e+00 1.489331912994384766e+01 1.134009643554687500e+03 4.146532897949218750e+02 0.000000000000000000e+00 1.489331912994384766e+01 1.134009643554687500e+03 4.146532897949218750e+02
3.000000000000000000e+03 0.000000000000000000e+00 1.661989784240722656e+01 1.013985473632812500e+03 4.161029968261718750e+02 0.000000000000000000e+00 1.661989784240722656e+01 1.013985473632812500e+03 4.161029968261718750e+02
4.000000000000000000e+03 0.000000000000000000e+00 1.831100654602050781e+01 9.379707641601562500e+02 4.173432006835937500e+02 0.000000000000000000e+00 1.831100654602050781e+01 9.379707641601562500e+02 4.173432006835937500e+02
5.000000000000000000e+03 0.000000000000000000e+00 1.990470886230468750e+01 8.834242553710937500e+02 4.181393432617187500e+02 0.000000000000000000e+00 1.990470886230468750e+01 8.834242553710937500e+02 4.181393432617187500e+02
6.000000000000000000e+03 0.000000000000000000e+00 2.111133575439453125e+01 8.327234497070312500e+02 4.182288513183593750e+02 0.000000000000000000e+00 2.111133575439453125e+01 8.327234497070312500e+02 4.182288513183593750e+02
7.000000000000000000e+03 0.000000000000000000e+00 2.207849693298339844e+01 7.771151733398437500e+02 4.179660034179687500e+02 0.000000000000000000e+00 2.207849693298339844e+01 7.771151733398437500e+02 4.179660034179687500e+02
8.000000000000000000e+03 0.000000000000000000e+00 2.311999130249023438e+01 7.155620727539062500e+02 4.177959899902343750e+02 0.000000000000000000e+00 2.311999130249023438e+01 7.155620727539062500e+02 4.177959899902343750e+02
9.000000000000000000e+03 0.000000000000000000e+00 2.439787292480468750e+01 6.482319335937500000e+02 4.180535888671875000e+02 0.000000000000000000e+00 2.439787292480468750e+01 6.482319335937500000e+02 4.180535888671875000e+02
1.000000000000000000e+04 0.000000000000000000e+00 2.594931411743164062e+01 5.753142089843750000e+02 4.190574951171875000e+02 0.000000000000000000e+00 2.594931411743164062e+01 5.753142089843750000e+02 4.190574951171875000e+02
1.100000000000000000e+04 0.000000000000000000e+00 2.759472846984863281e+01 4.975236511230468750e+02 4.211141357421875000e+02 0.000000000000000000e+00 2.759472846984863281e+01 4.975236511230468750e+02 4.211141357421875000e+02
1.200000000000000000e+04 0.000000000000000000e+00 2.915379524230957031e+01 4.141178283691406250e+02 4.242625122070312500e+02 0.000000000000000000e+00 2.915379524230957031e+01 4.141178283691406250e+02 4.242625122070312500e+02
1.300000000000000000e+04 0.000000000000000000e+00 3.078664016723632812e+01 3.293456726074218750e+02 4.277500610351562500e+02 0.000000000000000000e+00 3.078664016723632812e+01 3.293456726074218750e+02 4.277500610351562500e+02
1.400000000000000000e+04 0.000000000000000000e+00 3.248289489746093750e+01 2.497948455810546875e+02 4.303742065429687500e+02 0.000000000000000000e+00 3.248289489746093750e+01 2.497948455810546875e+02 4.303742065429687500e+02
1.500000000000000000e+04 0.000000000000000000e+00 3.414418792724609375e+01 1.796530303955078125e+02 4.310066223144531250e+02 0.000000000000000000e+00 3.414418792724609375e+01 1.796530303955078125e+02 4.310066223144531250e+02
1.600000000000000000e+04 0.000000000000000000e+00 3.603572463989257812e+01 1.207129058837890625e+02 4.298651428222656250e+02 0.000000000000000000e+00 3.603572463989257812e+01 1.207129058837890625e+02 4.298651428222656250e+02
1.700000000000000000e+04 0.000000000000000000e+00 3.851150131225585938e+01 7.390496826171875000e+01 4.272279052734375000e+02 0.000000000000000000e+00 3.851150131225585938e+01 7.390496826171875000e+01 4.272279052734375000e+02
1.800000000000000000e+04 0.000000000000000000e+00 4.155056381225585938e+01 3.988562774658203125e+01 4.231107177734375000e+02 0.000000000000000000e+00 4.155056381225585938e+01 3.988562774658203125e+01 4.231107177734375000e+02
1.900000000000000000e+04 0.000000000000000000e+00 4.494490814208984375e+01 1.840794944763183594e+01 4.182852478027343750e+02 0.000000000000000000e+00 4.494490814208984375e+01 1.840794944763183594e+01 4.182852478027343750e+02
2.000000000000000000e+04 0.000000000000000000e+00 4.816282272338867188e+01 7.961308956146240234e+00 4.132266845703125000e+02 0.000000000000000000e+00 4.816282272338867188e+01 7.961308956146240234e+00 4.132266845703125000e+02
