# step, loss_train, loss_test, metrics_test
0.000000000000000000e+00 1.046157226562500000e+04 3.412627029418945312e+01 1.294843994140625000e+03 4.812012023925781250e+02 1.046157226562500000e+04 3.412627029418945312e+01 1.294843994140625000e+03 4.812012023925781250e+02
1.000000000000000000e+03 1.121458374023437500e+03 2.941983222961425781e+01 1.066318725585937500e+03 4.595816040039062500e+02 1.121458374023437500e+03 2.941983222961425781e+01 1.066318725585937500e+03 4.595816040039062500e+02
2.000000000000000000e+03 3.342604370117187500e+02 2.253559303283691406e+01 7.900570678710937500e+02 4.453986206054687500e+02 3.342604370117187500e+02 2.253559303283691406e+01 7.900570678710937500e+02 4.453986206054687500e+02
3.000000000000000000e+03 1.294255218505859375e+02 1.781875228881835938e+01 5.846141967773437500e+02 4.363239746093750000e+02 1.294255218505859375e+02 1.781875228881835938e+01 5.846141967773437500e+02 4.363239746093750000e+02
4.000000000000000000e+03 4.797726058959960938e+01 1.551082992553710938e+01 4.497677307128906250e+02 4.312326660156250000e+02 4.797726058959960938e+01 1.551082992553710938e+01 4.497677307128906250e+02 4.312326660156250000e+02
5.000000000000000000e+03 2.304111862182617188e+01 1.502074432373046875e+01 3.670773620605468750e+02 4.290941772460937500e+02 2.304111862182617188e+01 1.502074432373046875e+01 3.670773620605468750e+02 4.290941772460937500e+02
6.000000000000000000e+03 1.742726707458496094e+01 1.575201606750488281e+01 3.244855041503906250e+02 4.292219238281250000e+02 1.742726707458496094e+01 1.575201606750488281e+01 3.244855041503906250e+02 4.292219238281250000e+02
7.000000000000000000e+03 1.367759513854980469e+01 1.701234626770019531e+01 3.059806823730468750e+02 4.305644226074218750e+02 1.367759513854980469e+01 1.701234626770019531e+01 3.059806823730468750e+02 4.305644226074218750e+02
8.000000000000000000e+03 1.089403820037841797e+01 1.799606895446777344e+01 2.948629760742187500e+02 4.318577270507812500e+02 1.089403820037841797e+01 1.799606895446777344e+01 2.948629760742187500e+02 4.318577270507812500e+02
9.000000000000000000e+03 9.116705894470214844e+00 1.865619277954101562e+01 2.845171813964843750e+02 4.328693847656250000e+02 9.116705894470214844e+00 1.865619277954101562e+01 2.845171813964843750e+02 4.328693847656250000e+02
1.000000000000000000e+04 7.960208892822265625e+00 1.918811607360839844e+01 2.742651367187500000e+02 4.337890625000000000e+02 7.960208892822265625e+00 1.918811607360839844e+01 2.742651367187500000e+02 4.337890625000000000e+02
1.100000000000000000e+04 7.243385791778564453e+00 1.968749427795410156e+01 2.636398010253906250e+02 4.347221679687500000e+02 7.243385791778564453e+00 1.968749427795410156e+01 2.636398010253906250e+02 4.347221679687500000e+02
1.200000000000000000e+04 7.151169776916503906e+00 2.026165771484375000e+01 2.515210266113281250e+02 4.357976989746093750e+02 7.151169776916503906e+00 2.026165771484375000e+01 2.515210266113281250e+02 4.357976989746093750e+02
1.300000000000000000e+04 7.639591217041015625e+00 2.085501289367675781e+01 2.367382659912109375e+02 4.368238525390625000e+02 7.639591217041015625e+00 2.085501289367675781e+01 2.367382659912109375e+02 4.368238525390625000e+02
1.400000000000000000e+04 9.135455131530761719e+00 2.129857444763183594e+01 2.203266754150390625e+02 4.367141418457031250e+02 9.135455131530761719e+00 2.129857444763183594e+01 2.203266754150390625e+02 4.367141418457031250e+02
1.500000000000000000e+04 1.358213424682617188e+01 2.194741249084472656e+01 1.952787475585937500e+02 4.340454711914062500e+02 1.358213424682617188e+01 2.194741249084472656e+01 1.952787475585937500e+02 4.340454711914062500e+02
1.600000000000000000e+04 2.153089714050292969e+01 2.499849128723144531e+01 1.519091339111328125e+02 4.262549438476562500e+02 2.153089714050292969e+01 2.499849128723144531e+01 1.519091339111328125e+02 4.262549438476562500e+02
1.700000000000000000e+04 2.631013488769531250e+01 3.549539184570312500e+01 9.325353240966796875e+01 4.122695922851562500e+02 2.631013488769531250e+01 3.549539184570312500e+01 9.325353240966796875e+01 4.122695922851562500e+02
1.800000000000000000e+04 2.377383422851562500e+01 4.591534042358398438e+01 5.342031097412109375e+01 4.031858825683593750e+02 2.377383422851562500e+01 4.591534042358398438e+01 5.342031097412109375e+01 4.031858825683593750e+02
1.900000000000000000e+04 1.930793190002441406e+01 4.993109130859375000e+01 3.357938003540039062e+01 3.977048034667968750e+02 1.930793190002441406e+01 4.993109130859375000e+01 3.357938003540039062e+01 3.977048034667968750e+02
2.000000000000000000e+04 1.393153762817382812e+01 4.959685134887695312e+01 2.393001747131347656e+01 3.934238586425781250e+02 1.393153762817382812e+01 4.959685134887695312e+01 2.393001747131347656e+01 3.934238586425781250e+02
