# step, loss_train, loss_test, metrics_test
0.000000000000000000e+00 1.736347377300262451e-02 9.111268997192382812e+00 3.128130798339843750e+02 1.540795288085937500e+02 1.736347377300262451e-02 9.111268997192382812e+00 3.128130798339843750e+02 1.540795288085937500e+02
1.000000000000000000e+03 1.216338872909545898e+00 1.415031147003173828e+01 1.317809600830078125e+02 1.564349060058593750e+02 1.216338872909545898e+00 1.415031147003173828e+01 1.317809600830078125e+02 1.564349060058593750e+02
2.000000000000000000e+03 5.603090524673461914e-01 2.955765533447265625e+01 4.438185214996337891e+00 1.467561950683593750e+02 5.603090524673461914e-01 2.955765533447265625e+01 4.438185214996337891e+00 1.467561950683593750e+02
3.000000000000000000e+03 2.729215621948242188e-01 2.757138061523437500e+01 5.677916526794433594e+00 1.439578704833984375e+02 2.729215621948242188e-01 2.757138061523437500e+01 5.677916526794433594e+00 1.439578704833984375e+02
4.000000000000000000e+03 2.128170728683471680e-01 2.522599792480468750e+01 6.780500411987304688e+00 1.423495788574218750e+02 2.128170728683471680e-01 2.522599792480468750e+01 6.780500411987304688e+00 1.423495788574218750e+02
5.000000000000000000e+03 2.416817396879196167e-01 2.311604690551757812e+01 5.132837772369384766e+00 1.421444702148437500e+02 2.416817396879196167e-01 2.311604690551757812e+01 5.132837772369384766e+00 1.421444702148437500e+02
6.000000000000000000e+03 2.608844041824340820e-01 1.887180137634277344e+01 2.565978527069091797e+00 1.427199554443359375e+02 2.608844041824340820e-01 1.887180137634277344e+01 2.565978527069091797e+00 1.427199554443359375e+02
7.000000000000000000e+03 4.505245685577392578e-01 1.289786052703857422e+01 1.728652596473693848e+00 1.438406677246093750e+02 4.505245685577392578e-01 1.289786052703857422e+01 1.728652596473693848e+00 1.438406677246093750e+02
8.000000000000000000e+03 4.441433250904083252e-01 7.350709915161132812e+00 1.083302259445190430e+00 1.427079925537109375e+02 4.441433250904083252e-01 7.350709915161132812e+00 1.083302259445190430e+00 1.427079925537109375e+02
9.000000000000000000e+03 5.160483717918395996e-01 5.031236648559570312e+00 9.326342940330505371e-01 1.400875244140625000e+02 5.160483717918395996e-01 5.031236648559570312e+00 9.326342940330505371e-01 1.400875244140625000e+02
1.000000000000000000e+04 4.627486169338226318e-01 4.584102153778076172e+00 9.503542780876159668e-01 1.384248352050781250e+02 4.627486169338226318e-01 4.584102153778076172e+00 9.503542780876159668e-01 1.384248352050781250e+02
1.100000000000000000e+04 5.040208697319030762e-01 4.463316440582275391e+00 7.426320314407348633e-01 1.368415222167968750e+02 5.040208697319030762e-01 4.463316440582275391e+00 7.426320314407348633e-01 1.368415222167968750e+02
1.200000000000000000e+04 7.519005537033081055e-01 4.205954074859619141e+00 7.360041141510009766e-01 1.335634155273437500e+02 7.519005537033081055e-01 4.205954074859619141e+00 7.360041141510009766e-01 1.335634155273437500e+02
1.300000000000000000e+04 1.449751257896423340e+00 3.885639190673828125e+00 9.785889983177185059e-01 1.227094573974609375e+02 1.449751257896423340e+00 3.885639190673828125e+00 9.785889983177185059e-01 1.227094573974609375e+02
1.400000000000000000e+04 2.636756420135498047e+00 5.938975811004638672e+00 1.342883467674255371e+00 9.623360443115234375e+01 2.636756420135498047e+00 5.938975811004638672e+00 1.342883467674255371e+00 9.623360443115234375e+01
1.500000000000000000e+04 3.537717580795288086e+00 7.967174530029296875e+00 3.918321847915649414e+00 6.127779006958007812e+01 3.537717580795288086e+00 7.967174530029296875e+00 3.918321847915649414e+00 6.127779006958007812e+01
1.600000000000000000e+04 5.226542949676513672e+00 7.763795375823974609e+00 6.765047073364257812e+00 3.560805130004882812e+01 5.226542949676513672e+00 7.763795375823974609e+00 6.765047073364257812e+00 3.560805130004882812e+01
1.700000000000000000e+04 5.989928722381591797e+00 7.076032638549804688e+00 8.126815795898437500e+00 2.213678741455078125e+01 5.989928722381591797e+00 7.076032638549804688e+00 8.126815795898437500e+00 2.213678741455078125e+01
1.800000000000000000e+04 5.034366607666015625e+00 6.375889778137207031e+00 7.241999626159667969e+00 1.503831005096435547e+01 5.034366607666015625e+00 6.375889778137207031e+00 7.241999626159667969e+00 1.503831005096435547e+01
1.900000000000000000e+04 4.439137458801269531e+00 5.661500930786132812e+00 6.202700614929199219e+00 1.073928451538085938e+01 4.439137458801269531e+00 5.661500930786132812e+00 6.202700614929199219e+00 1.073928451538085938e+01
2.000000000000000000e+04 4.029927253723144531e+00 4.972766399383544922e+00 4.857169151306152344e+00 8.150274276733398438e+00 4.029927253723144531e+00 4.972766399383544922e+00 4.857169151306152344e+00 8.150274276733398438e+00
