# step, loss_train, loss_test, metrics_test
0.000000000000000000e+00 2.337311172485351562e+01 2.376185035705566406e+01 5.293581542968750000e+03 1.972558746337890625e+02 2.337311172485351562e+01 2.376185035705566406e+01 5.293581542968750000e+03 1.972558746337890625e+02
1.000000000000000000e+03 0.000000000000000000e+00 4.046630477905273438e+01 2.851423095703125000e+03 2.051643829345703125e+02 0.000000000000000000e+00 4.046630477905273438e+01 2.851423095703125000e+03 2.051643829345703125e+02
2.000000000000000000e+03 0.000000000000000000e+00 2.284408378601074219e+01 2.065512451171875000e+03 1.955600128173828125e+02 0.000000000000000000e+00 2.284408378601074219e+01 2.065512451171875000e+03 1.955600128173828125e+02
3.000000000000000000e+03 0.000000000000000000e+00 1.632125854492187500e+01 1.918667236328125000e+03 1.920491485595703125e+02 0.000000000000000000e+00 1.632125854492187500e+01 1.918667236328125000e+03 1.920491485595703125e+02
4.000000000000000000e+03 0.000000000000000000e+00 1.513571834564208984e+01 1.914049804687500000e+03 1.914178009033203125e+02 0.000000000000000000e+00 1.513571834564208984e+01 1.914049804687500000e+03 1.914178009033203125e+02
5.000000000000000000e+03 0.000000000000000000e+00 1.506154346466064453e+01 1.914137451171875000e+03 1.913784332275390625e+02 0.000000000000000000e+00 1.506154346466064453e+01 1.914137451171875000e+03 1.913784332275390625e+02
6.000000000000000000e+03 0.000000000000000000e+00 1.506095504760742188e+01 1.914138671875000000e+03 1.913780975341796875e+02 0.000000000000000000e+00 1.506095504760742188e+01 1.914138671875000000e+03 1.913780975341796875e+02
7.000000000000000000e+03 0.000000000000000000e+00 1.506092071533203125e+01 1.914138671875000000e+03 1.913780975341796875e+02 0.000000000000000000e+00 1.506092071533203125e+01 1.914138671875000000e+03 1.913780975341796875e+02
8.000000000000000000e+03 0.000000000000000000e+00 1.506090068817138672e+01 1.914138671875000000e+03 1.913780822753906250e+02 0.000000000000000000e+00 1.506090068817138672e+01 1.914138671875000000e+03 1.913780822753906250e+02
9.000000000000000000e+03 0.000000000000000000e+00 1.506088924407958984e+01 1.914138671875000000e+03 1.913780822753906250e+02 0.000000000000000000e+00 1.506088924407958984e+01 1.914138671875000000e+03 1.913780822753906250e+02
1.000000000000000000e+04 0.000000000000000000e+00 1.506088066101074219e+01 1.914138671875000000e+03 1.913780670166015625e+02 0.000000000000000000e+00 1.506088066101074219e+01 1.914138671875000000e+03 1.913780670166015625e+02
1.100000000000000000e+04 0.000000000000000000e+00 1.506087493896484375e+01 1.914138671875000000e+03 1.913780670166015625e+02 0.000000000000000000e+00 1.506087493896484375e+01 1.914138671875000000e+03 1.913780670166015625e+02
1.200000000000000000e+04 0.000000000000000000e+00 1.506087207794189453e+01 1.914138671875000000e+03 1.913780670166015625e+02 0.000000000000000000e+00 1.506087207794189453e+01 1.914138671875000000e+03 1.913780670166015625e+02
1.300000000000000000e+04 0.000000000000000000e+00 1.506087207794189453e+01 1.914138671875000000e+03 1.913780822753906250e+02 0.000000000000000000e+00 1.506087207794189453e+01 1.914138671875000000e+03 1.913780822753906250e+02
1.400000000000000000e+04 0.000000000000000000e+00 1.506087207794189453e+01 1.914138671875000000e+03 1.913780822753906250e+02 0.000000000000000000e+00 1.506087207794189453e+01 1.914138671875000000e+03 1.913780822753906250e+02
1.500000000000000000e+04 0.000000000000000000e+00 1.506086826324462891e+01 1.914138671875000000e+03 1.913780822753906250e+02 0.000000000000000000e+00 1.506086826324462891e+01 1.914138671875000000e+03 1.913780822753906250e+02
1.600000000000000000e+04 0.000000000000000000e+00 1.506086826324462891e+01 1.914138671875000000e+03 1.913780822753906250e+02 0.000000000000000000e+00 1.506086826324462891e+01 1.914138671875000000e+03 1.913780822753906250e+02
1.700000000000000000e+04 0.000000000000000000e+00 1.506086826324462891e+01 1.914138671875000000e+03 1.913780822753906250e+02 0.000000000000000000e+00 1.506086826324462891e+01 1.914138671875000000e+03 1.913780822753906250e+02
1.800000000000000000e+04 0.000000000000000000e+00 1.506086826324462891e+01 1.914138671875000000e+03 1.913780822753906250e+02 0.000000000000000000e+00 1.506086826324462891e+01 1.914138671875000000e+03 1.913780822753906250e+02
1.900000000000000000e+04 0.000000000000000000e+00 1.506086826324462891e+01 1.914138671875000000e+03 1.913780822753906250e+02 0.000000000000000000e+00 1.506086826324462891e+01 1.914138671875000000e+03 1.913780822753906250e+02
2.000000000000000000e+04 0.000000000000000000e+00 1.506086826324462891e+01 1.914138671875000000e+03 1.913780822753906250e+02 0.000000000000000000e+00 1.506086826324462891e+01 1.914138671875000000e+03 1.913780822753906250e+02
