# step, loss_train, loss_test, metrics_test
0.000000000000000000e+00 9.350445000000000000e+06 7.147171875000000000e+03 1.834607125000000000e+06 1.227534790039062500e+03 9.350445000000000000e+06 7.147171875000000000e+03 1.834607125000000000e+06 1.227534790039062500e+03
1.000000000000000000e+03 1.013347656250000000e+04 3.220316696166992188e+01 5.666560058593750000e+02 7.499301910400390625e+01 1.013347656250000000e+04 3.220316696166992188e+01 5.666560058593750000e+02 7.499301910400390625e+01
2.000000000000000000e+03 2.543062500000000000e+03 3.416467285156250000e+01 3.305590515136718750e+02 7.514996337890625000e+01 2.543062500000000000e+03 3.416467285156250000e+01 3.305590515136718750e+02 7.514996337890625000e+01
3.000000000000000000e+03 1.388737060546875000e+03 2.597478485107421875e+01 1.905514068603515625e+02 7.414027404785156250e+01 1.388737060546875000e+03 2.597478485107421875e+01 1.905514068603515625e+02 7.414027404785156250e+01
4.000000000000000000e+03 6.295983886718750000e+02 2.631969833374023438e+01 1.633046569824218750e+02 7.430963134765625000e+01 6.295983886718750000e+02 2.631969833374023438e+01 1.633046569824218750e+02 7.430963134765625000e+01
5.000000000000000000e+03 4.683812255859375000e+02 2.404659843444824219e+01 1.094277420043945312e+02 7.331926727294921875e+01 4.683812255859375000e+02 2.404659843444824219e+01 1.094277420043945312e+02 7.331926727294921875e+01
6.000000000000000000e+03 3.484344177246093750e+02 2.640752983093261719e+01 7.206255340576171875e+01 7.337979888916015625e+01 3.484344177246093750e+02 2.640752983093261719e+01 7.206255340576171875e+01 7.337979888916015625e+01
7.000000000000000000e+03 2.985458984375000000e+02 2.944613265991210938e+01 5.922707366943359375e+01 7.246102905273437500e+01 2.985458984375000000e+02 2.944613265991210938e+01 5.922707366943359375e+01 7.246102905273437500e+01
8.000000000000000000e+03 1.538776550292968750e+02 2.430716133117675781e+01 1.574094390869140625e+01 7.209391021728515625e+01 1.538776550292968750e+02 2.430716133117675781e+01 1.574094390869140625e+01 7.209391021728515625e+01
9.000000000000000000e+03 1.098099517822265625e+02 1.920111465454101562e+01 7.348384380340576172e+00 7.087641906738281250e+01 1.098099517822265625e+02 1.920111465454101562e+01 7.348384380340576172e+00 7.087641906738281250e+01
1.000000000000000000e+04 6.876940917968750000e+01 1.354917240142822266e+01 3.194959402084350586e+00 6.974160766601562500e+01 6.876940917968750000e+01 1.354917240142822266e+01 3.194959402084350586e+00 6.974160766601562500e+01
1.100000000000000000e+04 4.589004516601562500e+01 9.225691795349121094e+00 1.425513029098510742e+00 6.889852905273437500e+01 4.589004516601562500e+01 9.225691795349121094e+00 1.425513029098510742e+00 6.889852905273437500e+01
1.200000000000000000e+04 3.177868843078613281e+01 6.828775882720947266e+00 1.520500302314758301e+00 6.839788055419921875e+01 3.177868843078613281e+01 6.828775882720947266e+00 1.520500302314758301e+00 6.839788055419921875e+01
1.300000000000000000e+04 2.653737640380859375e+01 5.439490795135498047e+00 5.656539797782897949e-01 6.790450286865234375e+01 2.653737640380859375e+01 5.439490795135498047e+00 5.656539797782897949e-01 6.790450286865234375e+01
1.400000000000000000e+04 2.018269157409667969e+01 4.368947982788085938e+00 2.169049024581909180e+00 6.736652374267578125e+01 2.018269157409667969e+01 4.368947982788085938e+00 2.169049024581909180e+00 6.736652374267578125e+01
1.500000000000000000e+04 1.523209095001220703e+01 3.702016830444335938e+00 1.979520559310913086e+00 6.709831237792968750e+01 1.523209095001220703e+01 3.702016830444335938e+00 1.979520559310913086e+00 6.709831237792968750e+01
1.600000000000000000e+04 9.241231918334960938e+00 3.502472162246704102e+00 4.317708313465118408e-01 6.673506927490234375e+01 9.241231918334960938e+00 3.502472162246704102e+00 4.317708313465118408e-01 6.673506927490234375e+01
1.700000000000000000e+04 9.590402603149414062e+00 2.901649713516235352e+00 2.603131294250488281e+00 6.623435211181640625e+01 9.590402603149414062e+00 2.901649713516235352e+00 2.603131294250488281e+00 6.623435211181640625e+01
1.800000000000000000e+04 1.166004562377929688e+01 2.953467845916748047e+00 4.283427238464355469e+00 6.582078552246093750e+01 1.166004562377929688e+01 2.953467845916748047e+00 4.283427238464355469e+00 6.582078552246093750e+01
1.900000000000000000e+04 6.324899196624755859e+00 2.635300397872924805e+00 1.785844922065734863e+00 6.558741760253906250e+01 6.324899196624755859e+00 2.635300397872924805e+00 1.785844922065734863e+00 6.558741760253906250e+01
2.000000000000000000e+04 5.257435798645019531e+00 2.332000732421875000e+00 2.013388395309448242e+00 6.487451171875000000e+01 5.257435798645019531e+00 2.332000732421875000e+00 2.013388395309448242e+00 6.487451171875000000e+01
