# step, loss_train, loss_test, metrics_test
0.000000000000000000e+00 0.000000000000000000e+00 1.111356430053710938e+02 4.993262481689453125e+01 4.674176635742187500e+02 0.000000000000000000e+00 1.111356430053710938e+02 4.993262481689453125e+01 4.674176635742187500e+02
1.000000000000000000e+03 0.000000000000000000e+00 2.444560432434082031e+01 4.981327056884765625e+01 1.372042694091796875e+02 0.000000000000000000e+00 2.444560432434082031e+01 4.981327056884765625e+01 1.372042694091796875e+02
2.000000000000000000e+03 0.000000000000000000e+00 1.734810829162597656e+01 1.710819053649902344e+01 4.245357055664062500e+02 0.000000000000000000e+00 1.734810829162597656e+01 1.710819053649902344e+01 4.245357055664062500e+02
3.000000000000000000e+03 0.000000000000000000e+00 1.737901115417480469e+01 1.705974006652832031e+01 4.245566101074218750e+02 0.000000000000000000e+00 1.737901115417480469e+01 1.705974006652832031e+01 4.245566101074218750e+02
4.000000000000000000e+03 0.000000000000000000e+00 2.518648529052734375e+01 1.483970069885253906e+01 4.298984985351562500e+02 0.000000000000000000e+00 2.518648529052734375e+01 1.483970069885253906e+01 4.298984985351562500e+02
5.000000000000000000e+03 0.000000000000000000e+00 1.737895393371582031e+01 1.705983543395996094e+01 4.245565795898437500e+02 0.000000000000000000e+00 1.737895393371582031e+01 1.705983543395996094e+01 4.245565795898437500e+02
6.000000000000000000e+03 0.000000000000000000e+00 1.738119506835937500e+01 1.705632400512695312e+01 4.245578613281250000e+02 0.000000000000000000e+00 1.738119506835937500e+01 1.705632400512695312e+01 4.245578613281250000e+02
7.000000000000000000e+03 0.000000000000000000e+00 1.738651657104492188e+01 1.704803466796875000e+01 4.245609130859375000e+02 0.000000000000000000e+00 1.738651657104492188e+01 1.704803466796875000e+01 4.245609130859375000e+02
8.000000000000000000e+03 0.000000000000000000e+00 1.737893295288085938e+01 1.705986595153808594e+01 4.245565185546875000e+02 0.000000000000000000e+00 1.737893295288085938e+01 1.705986595153808594e+01 4.245565185546875000e+02
9.000000000000000000e+03 0.000000000000000000e+00 1.737899780273437500e+01 1.705977249145507812e+01 4.245566101074218750e+02 0.000000000000000000e+00 1.737899780273437500e+01 1.705977249145507812e+01 4.245566101074218750e+02
1.000000000000000000e+04 0.000000000000000000e+00 1.722019386291503906e+01 1.956285858154296875e+01 4.246663818359375000e+02 0.000000000000000000e+00 1.722019386291503906e+01 1.956285858154296875e+01 4.246663818359375000e+02
1.100000000000000000e+04 0.000000000000000000e+00 1.737928771972656250e+01 1.705931472778320312e+01 4.245567321777343750e+02 0.000000000000000000e+00 1.737928771972656250e+01 1.705931472778320312e+01 4.245567321777343750e+02
1.200000000000000000e+04 0.000000000000000000e+00 1.779502105712890625e+01 1.656008338928222656e+01 4.248073425292968750e+02 0.000000000000000000e+00 1.779502105712890625e+01 1.656008338928222656e+01 4.248073425292968750e+02
1.300000000000000000e+04 0.000000000000000000e+00 1.739985847473144531e+01 1.702758789062500000e+01 4.245685424804687500e+02 0.000000000000000000e+00 1.739985847473144531e+01 1.702758789062500000e+01 4.245685424804687500e+02
1.400000000000000000e+04 0.000000000000000000e+00 1.737908935546875000e+01 1.705962944030761719e+01 4.245566406250000000e+02 0.000000000000000000e+00 1.737908935546875000e+01 1.705962944030761719e+01 4.245566406250000000e+02
1.500000000000000000e+04 0.000000000000000000e+00 1.789107513427734375e+01 1.647278785705566406e+01 4.248677368164062500e+02 0.000000000000000000e+00 1.789107513427734375e+01 1.647278785705566406e+01 4.248677368164062500e+02
1.600000000000000000e+04 0.000000000000000000e+00 1.735503578186035156e+01 1.709818077087402344e+01 4.245429992675781250e+02 0.000000000000000000e+00 1.735503578186035156e+01 1.709818077087402344e+01 4.245429992675781250e+02
1.700000000000000000e+04 0.000000000000000000e+00 1.753706169128417969e+01 1.683939552307128906e+01 4.246491699218750000e+02 0.000000000000000000e+00 1.753706169128417969e+01 1.683939552307128906e+01 4.246491699218750000e+02
1.800000000000000000e+04 0.000000000000000000e+00 1.941811943054199219e+01 2.309440994262695312e+01 4.265397338867187500e+02 0.000000000000000000e+00 1.941811943054199219e+01 2.309440994262695312e+01 4.265397338867187500e+02
1.900000000000000000e+04 0.000000000000000000e+00 1.737570190429687500e+01 1.706495666503906250e+01 4.245547485351562500e+02 0.000000000000000000e+00 1.737570190429687500e+01 1.706495666503906250e+01 4.245547485351562500e+02
2.000000000000000000e+04 0.000000000000000000e+00 1.737875366210937500e+01 1.706015586853027344e+01 4.245564270019531250e+02 0.000000000000000000e+00 1.737875366210937500e+01 1.706015586853027344e+01 4.245564270019531250e+02
