# step, loss_train, loss_test, metrics_test
0.000000000000000000e+00 1.697781085968017578e+00 3.933806991577148438e+01 4.444450683593750000e+03 4.421454467773437500e+02 1.697781085968017578e+00 3.933806991577148438e+01 4.444450683593750000e+03 4.421454467773437500e+02
1.000000000000000000e+03 9.492229461669921875e+01 4.646568298339843750e+01 1.185142211914062500e+02 3.922212219238281250e+02 9.492229461669921875e+01 4.646568298339843750e+01 1.185142211914062500e+02 3.922212219238281250e+02
2.000000000000000000e+03 2.370611667633056641e+00 1.772771263122558594e+01 7.234467029571533203e+00 3.681949462890625000e+02 2.370611667633056641e+00 1.772771263122558594e+01 7.234467029571533203e+00 3.681949462890625000e+02
3.000000000000000000e+03 1.916187882423400879e+00 1.046624469757080078e+01 5.754932403564453125e+00 3.595542907714843750e+02 1.916187882423400879e+00 1.046624469757080078e+01 5.754932403564453125e+00 3.595542907714843750e+02
4.000000000000000000e+03 1.915997862815856934e+00 1.007162475585937500e+01 3.208945274353027344e+00 3.458972778320312500e+02 1.915997862815856934e+00 1.007162475585937500e+01 3.208945274353027344e+00 3.458972778320312500e+02
5.000000000000000000e+03 1.532691597938537598e+00 8.777989387512207031e+00 6.817742824554443359e+00 3.353387451171875000e+02 1.532691597938537598e+00 8.777989387512207031e+00 6.817742824554443359e+00 3.353387451171875000e+02
6.000000000000000000e+03 2.518329858779907227e+00 7.657220363616943359e+00 3.746987819671630859e+00 3.254836120605468750e+02 2.518329858779907227e+00 7.657220363616943359e+00 3.746987819671630859e+00 3.254836120605468750e+02
7.000000000000000000e+03 1.164765655994415283e-02 8.744451522827148438e+00 1.523086309432983398e+00 3.096681823730468750e+02 1.164765655994415283e-02 8.744451522827148438e+00 1.523086309432983398e+00 3.096681823730468750e+02
8.000000000000000000e+03 3.000549226999282837e-02 7.871890544891357422e+00 3.061328172683715820e+00 2.959364929199218750e+02 3.000549226999282837e-02 7.871890544891357422e+00 3.061328172683715820e+00 2.959364929199218750e+02
9.000000000000000000e+03 1.008616089820861816e-01 7.217161655426025391e+00 2.328191518783569336e+00 2.858543090820312500e+02 1.008616089820861816e-01 7.217161655426025391e+00 2.328191518783569336e+00 2.858543090820312500e+02
1.000000000000000000e+04 1.186814084649085999e-01 5.498419761657714844e+00 4.261394023895263672e+00 2.741511230468750000e+02 1.186814084649085999e-01 5.498419761657714844e+00 4.261394023895263672e+00 2.741511230468750000e+02
1.100000000000000000e+04 4.125784337520599365e-02 5.150974273681640625e+00 3.278409481048583984e+00 2.637281188964843750e+02 4.125784337520599365e-02 5.150974273681640625e+00 3.278409481048583984e+00 2.637281188964843750e+02
1.200000000000000000e+04 1.166647821664810181e-01 5.208224773406982422e+00 3.320140123367309570e+00 2.533589477539062500e+02 1.166647821664810181e-01 5.208224773406982422e+00 3.320140123367309570e+00 2.533589477539062500e+02
1.300000000000000000e+04 1.569895893335342407e-01 5.429697513580322266e+00 4.642813682556152344e+00 2.447588653564453125e+02 1.569895893335342407e-01 5.429697513580322266e+00 4.642813682556152344e+00 2.447588653564453125e+02
1.400000000000000000e+04 3.632598161697387695e+00 5.679305076599121094e+00 5.733503341674804688e+00 2.304163055419921875e+02 3.632598161697387695e+00 5.679305076599121094e+00 5.733503341674804688e+00 2.304163055419921875e+02
1.500000000000000000e+04 2.197293788194656372e-01 4.907655715942382812e+00 1.476885437965393066e+00 2.182937622070312500e+02 2.197293788194656372e-01 4.907655715942382812e+00 1.476885437965393066e+00 2.182937622070312500e+02
1.600000000000000000e+04 6.863048076629638672e-01 4.188974380493164062e+00 2.805972862243652344e+01 2.095636901855468750e+02 6.863048076629638672e-01 4.188974380493164062e+00 2.805972862243652344e+01 2.095636901855468750e+02
1.700000000000000000e+04 1.109579652547836304e-01 3.830840349197387695e+00 4.097684383392333984e+00 2.000465087890625000e+02 1.109579652547836304e-01 3.830840349197387695e+00 4.097684383392333984e+00 2.000465087890625000e+02
1.800000000000000000e+04 6.745438277721405029e-02 4.147360324859619141e+00 6.113897323608398438e+00 1.947412719726562500e+02 6.745438277721405029e-02 4.147360324859619141e+00 6.113897323608398438e+00 1.947412719726562500e+02
1.900000000000000000e+04 4.328325018286705017e-02 4.251321315765380859e+00 1.038418006896972656e+01 2.014848937988281250e+02 4.328325018286705017e-02 4.251321315765380859e+00 1.038418006896972656e+01 2.014848937988281250e+02
2.000000000000000000e+04 4.585460424423217773e-01 3.773066282272338867e+00 3.774016857147216797e+00 2.043677825927734375e+02 4.585460424423217773e-01 3.773066282272338867e+00 3.774016857147216797e+00 2.043677825927734375e+02
