# step, loss_train, loss_test, metrics_test
0.000000000000000000e+00 1.290200352668762207e-01 2.226368141174316406e+01 7.426799316406250000e+03 4.373967361450195312e+01 1.290200352668762207e-01 2.226368141174316406e+01 7.426799316406250000e+03 4.373967361450195312e+01
1.000000000000000000e+03 0.000000000000000000e+00 6.405227661132812500e+01 1.555755664062500000e+04 4.940679550170898438e+01 0.000000000000000000e+00 6.405227661132812500e+01 1.555755664062500000e+04 4.940679550170898438e+01
2.000000000000000000e+03 0.000000000000000000e+00 6.324687194824218750e+01 1.541228710937500000e+04 4.929864883422851562e+01 0.000000000000000000e+00 6.324687194824218750e+01 1.541228710937500000e+04 4.929864883422851562e+01
3.000000000000000000e+03 0.000000000000000000e+00 6.182842254638671875e+01 1.515583300781250000e+04 4.910815429687500000e+01 0.000000000000000000e+00 6.182842254638671875e+01 1.515583300781250000e+04 4.910815429687500000e+01
4.000000000000000000e+03 0.000000000000000000e+00 5.949921035766601562e+01 1.473293750000000000e+04 4.879526138305664062e+01 0.000000000000000000e+00 5.949921035766601562e+01 1.473293750000000000e+04 4.879526138305664062e+01
5.000000000000000000e+03 0.000000000000000000e+00 5.582244110107421875e+01 1.406055761718750000e+04 4.830112457275390625e+01 0.000000000000000000e+00 5.582244110107421875e+01 1.406055761718750000e+04 4.830112457275390625e+01
6.000000000000000000e+03 0.000000000000000000e+00 5.025618743896484375e+01 1.302991894531250000e+04 4.755245590209960938e+01 0.000000000000000000e+00 5.025618743896484375e+01 1.302991894531250000e+04 4.755245590209960938e+01
7.000000000000000000e+03 0.000000000000000000e+00 4.233236694335937500e+01 1.153026269531250000e+04 4.648517990112304688e+01 0.000000000000000000e+00 4.233236694335937500e+01 1.153026269531250000e+04 4.648517990112304688e+01
8.000000000000000000e+03 0.000000000000000000e+00 3.213484573364257812e+01 9.520810546875000000e+03 4.510795593261718750e+01 0.000000000000000000e+00 3.213484573364257812e+01 9.520810546875000000e+03 4.510795593261718750e+01
9.000000000000000000e+03 0.000000000000000000e+00 2.110527801513671875e+01 7.165297851562500000e+03 4.360989761352539062e+01 0.000000000000000000e+00 2.110527801513671875e+01 7.165297851562500000e+03 4.360989761352539062e+01
1.000000000000000000e+04 0.000000000000000000e+00 1.247537231445312500e+01 4.942901367187500000e+03 4.242011260986328125e+01 0.000000000000000000e+00 1.247537231445312500e+01 4.942901367187500000e+03 4.242011260986328125e+01
1.100000000000000000e+04 0.000000000000000000e+00 9.480837821960449219e+00 3.464708740234375000e+03 4.197438812255859375e+01 0.000000000000000000e+00 9.480837821960449219e+00 3.464708740234375000e+03 4.197438812255859375e+01
1.200000000000000000e+04 0.000000000000000000e+00 1.133568000793457031e+01 2.900078125000000000e+03 4.218162918090820312e+01 0.000000000000000000e+00 1.133568000793457031e+01 2.900078125000000000e+03 4.218162918090820312e+01
1.300000000000000000e+04 0.000000000000000000e+00 1.353911972045898438e+01 2.808639892578125000e+03 4.245476531982421875e+01 0.000000000000000000e+00 1.353911972045898438e+01 2.808639892578125000e+03 4.245476531982421875e+01
1.400000000000000000e+04 0.000000000000000000e+00 1.416395568847656250e+01 2.804356201171875000e+03 4.253322601318359375e+01 0.000000000000000000e+00 1.416395568847656250e+01 2.804356201171875000e+03 4.253322601318359375e+01
1.500000000000000000e+04 0.000000000000000000e+00 1.420985984802246094e+01 2.804288085937500000e+03 4.253899765014648438e+01 0.000000000000000000e+00 1.420985984802246094e+01 2.804288085937500000e+03 4.253899765014648438e+01
1.600000000000000000e+04 0.000000000000000000e+00 1.421027946472167969e+01 2.804287841796875000e+03 4.253905868530273438e+01 0.000000000000000000e+00 1.421027946472167969e+01 2.804287841796875000e+03 4.253905868530273438e+01
1.700000000000000000e+04 0.000000000000000000e+00 1.421030998229980469e+01 2.804287597656250000e+03 4.253905868530273438e+01 0.000000000000000000e+00 1.421030998229980469e+01 2.804287597656250000e+03 4.253905868530273438e+01
1.800000000000000000e+04 0.000000000000000000e+00 1.421033191680908203e+01 2.804287841796875000e+03 4.253906250000000000e+01 0.000000000000000000e+00 1.421033191680908203e+01 2.804287841796875000e+03 4.253906250000000000e+01
1.900000000000000000e+04 0.000000000000000000e+00 1.421034049987792969e+01 2.804287597656250000e+03 4.253906250000000000e+01 0.000000000000000000e+00 1.421034049987792969e+01 2.804287597656250000e+03 4.253906250000000000e+01
2.000000000000000000e+04 0.000000000000000000e+00 1.421035099029541016e+01 2.804287841796875000e+03 4.253906250000000000e+01 0.000000000000000000e+00 1.421035099029541016e+01 2.804287841796875000e+03 4.253906250000000000e+01
