# step, loss_train, loss_test, metrics_test
0.000000000000000000e+00 0.000000000000000000e+00 4.737983322143554688e+01 1.345129516601562500e+03 4.474331970214843750e+02 0.000000000000000000e+00 4.737983322143554688e+01 1.345129516601562500e+03 4.474331970214843750e+02
1.000000000000000000e+03 0.000000000000000000e+00 2.376976776123046875e+01 4.762781677246093750e+02 4.216900329589843750e+02 0.000000000000000000e+00 2.376976776123046875e+01 4.762781677246093750e+02 4.216900329589843750e+02
2.000000000000000000e+03 0.000000000000000000e+00 2.376321029663085938e+01 4.762893676757812500e+02 4.288927612304687500e+02 0.000000000000000000e+00 2.376321029663085938e+01 4.762893676757812500e+02 4.288927612304687500e+02
3.000000000000000000e+03 0.000000000000000000e+00 2.579827880859375000e+01 4.748029785156250000e+02 4.303323669433593750e+02 0.000000000000000000e+00 2.579827880859375000e+01 4.748029785156250000e+02 4.303323669433593750e+02
4.000000000000000000e+03 0.000000000000000000e+00 2.376322174072265625e+01 4.762892761230468750e+02 4.288926696777343750e+02 0.000000000000000000e+00 2.376322174072265625e+01 4.762892761230468750e+02 4.288926696777343750e+02
5.000000000000000000e+03 0.000000000000000000e+00 2.376321792602539062e+01 4.762892761230468750e+02 4.288926696777343750e+02 0.000000000000000000e+00 2.376321792602539062e+01 4.762892761230468750e+02 4.288926696777343750e+02
6.000000000000000000e+03 0.000000000000000000e+00 2.376551246643066406e+01 4.762853698730468750e+02 4.288942565917968750e+02 0.000000000000000000e+00 2.376551246643066406e+01 4.762853698730468750e+02 4.288942565917968750e+02
7.000000000000000000e+03 0.000000000000000000e+00 2.376318550109863281e+01 4.762893066406250000e+02 4.288926086425781250e+02 0.000000000000000000e+00 2.376318550109863281e+01 4.762893066406250000e+02 4.288926086425781250e+02
8.000000000000000000e+03 0.000000000000000000e+00 2.376305389404296875e+01 4.762895507812500000e+02 4.288924865722656250e+02 0.000000000000000000e+00 2.376305389404296875e+01 4.762895507812500000e+02 4.288924865722656250e+02
9.000000000000000000e+03 0.000000000000000000e+00 2.376318359375000000e+01 4.762893676757812500e+02 4.288926086425781250e+02 0.000000000000000000e+00 2.376318359375000000e+01 4.762893676757812500e+02 4.288926086425781250e+02
1.000000000000000000e+04 0.000000000000000000e+00 2.376320266723632812e+01 4.762892761230468750e+02 4.288926086425781250e+02 0.000000000000000000e+00 2.376320266723632812e+01 4.762892761230468750e+02 4.288926086425781250e+02
1.100000000000000000e+04 0.000000000000000000e+00 2.376320075988769531e+01 4.762893066406250000e+02 4.288926086425781250e+02 0.000000000000000000e+00 2.376320075988769531e+01 4.762893066406250000e+02 4.288926086425781250e+02
1.200000000000000000e+04 0.000000000000000000e+00 2.296508216857910156e+01 4.780216369628906250e+02 4.283312072753906250e+02 0.000000000000000000e+00 2.296508216857910156e+01 4.780216369628906250e+02 4.283312072753906250e+02
1.300000000000000000e+04 0.000000000000000000e+00 2.127853202819824219e+01 4.847291564941406250e+02 4.271532897949218750e+02 0.000000000000000000e+00 2.127853202819824219e+01 4.847291564941406250e+02 4.271532897949218750e+02
1.400000000000000000e+04 0.000000000000000000e+00 2.177610397338867188e+01 4.822356567382812500e+02 4.274993896484375000e+02 0.000000000000000000e+00 2.177610397338867188e+01 4.822356567382812500e+02 4.274993896484375000e+02
1.500000000000000000e+04 0.000000000000000000e+00 2.371538162231445312e+01 4.763720703125000000e+02 4.288589477539062500e+02 0.000000000000000000e+00 2.371538162231445312e+01 4.763720703125000000e+02 4.288589477539062500e+02
1.600000000000000000e+04 0.000000000000000000e+00 2.376677513122558594e+01 4.762832641601562500e+02 4.288952331542968750e+02 0.000000000000000000e+00 2.376677513122558594e+01 4.762832641601562500e+02 4.288952331542968750e+02
1.700000000000000000e+04 0.000000000000000000e+00 2.376322746276855469e+01 4.762892761230468750e+02 4.288926696777343750e+02 0.000000000000000000e+00 2.376322746276855469e+01 4.762892761230468750e+02 4.288926696777343750e+02
1.800000000000000000e+04 0.000000000000000000e+00 2.376322746276855469e+01 4.762892761230468750e+02 4.288926696777343750e+02 0.000000000000000000e+00 2.376322746276855469e+01 4.762892761230468750e+02 4.288926696777343750e+02
1.900000000000000000e+04 0.000000000000000000e+00 2.376322746276855469e+01 4.762892761230468750e+02 4.288926696777343750e+02 0.000000000000000000e+00 2.376322746276855469e+01 4.762892761230468750e+02 4.288926696777343750e+02
2.000000000000000000e+04 0.000000000000000000e+00 2.376330184936523438e+01 4.762891235351562500e+02 4.288927001953125000e+02 0.000000000000000000e+00 2.376330184936523438e+01 4.762891235351562500e+02 4.288927001953125000e+02
