# step, loss_train, loss_test, metrics_test
0.000000000000000000e+00 0.000000000000000000e+00 8.823207855224609375e+00 3.122063232421875000e+03 1.494685058593750000e+02 0.000000000000000000e+00 8.823207855224609375e+00 3.122063232421875000e+03 1.494685058593750000e+02
1.000000000000000000e+03 0.000000000000000000e+00 1.617559432983398438e+01 2.140441406250000000e+03 1.447076721191406250e+02 0.000000000000000000e+00 1.617559432983398438e+01 2.140441406250000000e+03 1.447076721191406250e+02
2.000000000000000000e+03 0.000000000000000000e+00 1.600577926635742188e+01 2.148770019531250000e+03 1.453712615966796875e+02 0.000000000000000000e+00 1.600577926635742188e+01 2.148770019531250000e+03 1.453712615966796875e+02
3.000000000000000000e+03 0.000000000000000000e+00 4.820218276977539062e+01 9.262166992187500000e+03 1.621967620849609375e+02 0.000000000000000000e+00 4.820218276977539062e+01 9.262166992187500000e+03 1.621967620849609375e+02
4.000000000000000000e+03 0.000000000000000000e+00 1.437072849273681641e+01 2.153988037109375000e+03 1.449004211425781250e+02 0.000000000000000000e+00 1.437072849273681641e+01 2.153988037109375000e+03 1.449004211425781250e+02
5.000000000000000000e+03 0.000000000000000000e+00 1.511779308319091797e+01 2.181993164062500000e+03 1.453762512207031250e+02 0.000000000000000000e+00 1.511779308319091797e+01 2.181993164062500000e+03 1.453762512207031250e+02
6.000000000000000000e+03 0.000000000000000000e+00 1.587624645233154297e+01 2.189690185546875000e+03 1.456354980468750000e+02 0.000000000000000000e+00 1.587624645233154297e+01 2.189690185546875000e+03 1.456354980468750000e+02
7.000000000000000000e+03 0.000000000000000000e+00 1.511310482025146484e+01 2.181994873046875000e+03 1.453539428710937500e+02 0.000000000000000000e+00 1.511310482025146484e+01 2.181994873046875000e+03 1.453539428710937500e+02
8.000000000000000000e+03 0.000000000000000000e+00 1.506716918945312500e+01 2.181994384765625000e+03 1.453853912353515625e+02 0.000000000000000000e+00 1.506716918945312500e+01 2.181994384765625000e+03 1.453853912353515625e+02
9.000000000000000000e+03 0.000000000000000000e+00 1.509207820892333984e+01 2.181970703125000000e+03 1.451836395263671875e+02 0.000000000000000000e+00 1.509207820892333984e+01 2.181970703125000000e+03 1.451836395263671875e+02
1.000000000000000000e+04 0.000000000000000000e+00 1.396534061431884766e+01 2.581772216796875000e+03 1.465075988769531250e+02 0.000000000000000000e+00 1.396534061431884766e+01 2.581772216796875000e+03 1.465075988769531250e+02
1.100000000000000000e+04 0.000000000000000000e+00 1.397253894805908203e+01 2.581761474609375000e+03 1.465107727050781250e+02 0.000000000000000000e+00 1.397253894805908203e+01 2.581761474609375000e+03 1.465107727050781250e+02
1.200000000000000000e+04 0.000000000000000000e+00 1.397388362884521484e+01 2.581759521484375000e+03 1.465113525390625000e+02 0.000000000000000000e+00 1.397388362884521484e+01 2.581759521484375000e+03 1.465113525390625000e+02
1.300000000000000000e+04 0.000000000000000000e+00 1.394625091552734375e+01 2.581804931640625000e+03 1.464991912841796875e+02 0.000000000000000000e+00 1.394625091552734375e+01 2.581804931640625000e+03 1.464991912841796875e+02
1.400000000000000000e+04 0.000000000000000000e+00 1.397388935089111328e+01 2.581759521484375000e+03 1.465113525390625000e+02 0.000000000000000000e+00 1.397388935089111328e+01 2.581759521484375000e+03 1.465113525390625000e+02
1.500000000000000000e+04 0.000000000000000000e+00 1.397388935089111328e+01 2.581759521484375000e+03 1.465113525390625000e+02 0.000000000000000000e+00 1.397388935089111328e+01 2.581759521484375000e+03 1.465113525390625000e+02
1.600000000000000000e+04 0.000000000000000000e+00 1.397420501708984375e+01 2.581759033203125000e+03 1.465114898681640625e+02 0.000000000000000000e+00 1.397420501708984375e+01 2.581759033203125000e+03 1.465114898681640625e+02
1.700000000000000000e+04 0.000000000000000000e+00 1.397388076782226562e+01 2.581759277343750000e+03 1.465113525390625000e+02 0.000000000000000000e+00 1.397388076782226562e+01 2.581759277343750000e+03 1.465113525390625000e+02
1.800000000000000000e+04 0.000000000000000000e+00 1.397388648986816406e+01 2.581759521484375000e+03 1.465113525390625000e+02 0.000000000000000000e+00 1.397388648986816406e+01 2.581759521484375000e+03 1.465113525390625000e+02
1.900000000000000000e+04 0.000000000000000000e+00 1.397388648986816406e+01 2.581759521484375000e+03 1.465113525390625000e+02 0.000000000000000000e+00 1.397388648986816406e+01 2.581759521484375000e+03 1.465113525390625000e+02
2.000000000000000000e+04 0.000000000000000000e+00 1.397389411926269531e+01 2.581759521484375000e+03 1.465113677978515625e+02 0.000000000000000000e+00 1.397389411926269531e+01 2.581759521484375000e+03 1.465113677978515625e+02
