# step, loss_train, loss_test, metrics_test
0.000000000000000000e+00 1.660591064453125000e+03 2.864690971374511719e+01 1.384196875000000000e+04 9.433171844482421875e+01 1.660591064453125000e+03 2.864690971374511719e+01 1.384196875000000000e+04 9.433171844482421875e+01
1.000000000000000000e+03 2.357910387217998505e-03 1.420093441009521484e+01 2.789461669921875000e+03 8.744130706787109375e+01 2.357910387217998505e-03 1.420093441009521484e+01 2.789461669921875000e+03 8.744130706787109375e+01
2.000000000000000000e+03 2.078402787446975708e-03 1.420093154907226562e+01 2.789461669921875000e+03 8.744126892089843750e+01 2.078402787446975708e-03 1.420093154907226562e+01 2.789461669921875000e+03 8.744126892089843750e+01
3.000000000000000000e+03 1.796418451704084873e-03 1.420093154907226562e+01 2.789461669921875000e+03 8.744119262695312500e+01 1.796418451704084873e-03 1.420093154907226562e+01 2.789461669921875000e+03 8.744119262695312500e+01
4.000000000000000000e+03 1.543107675388455391e-03 1.420093154907226562e+01 2.789461669921875000e+03 8.744107055664062500e+01 1.543107675388455391e-03 1.420093154907226562e+01 2.789461669921875000e+03 8.744107055664062500e+01
5.000000000000000000e+03 1.212725997902452946e-03 1.420092487335205078e+01 2.789461669921875000e+03 8.744086456298828125e+01 1.212725997902452946e-03 1.420092487335205078e+01 2.789461669921875000e+03 8.744086456298828125e+01
6.000000000000000000e+03 8.701522601768374443e-04 1.420093441009521484e+01 2.789461669921875000e+03 8.744060516357421875e+01 8.701522601768374443e-04 1.420093441009521484e+01 2.789461669921875000e+03 8.744060516357421875e+01
7.000000000000000000e+03 5.875434726476669312e-04 1.420090198516845703e+01 2.789461669921875000e+03 8.744029998779296875e+01 5.875434726476669312e-04 1.420090198516845703e+01 2.789461669921875000e+03 8.744029998779296875e+01
8.000000000000000000e+03 1.640861504711210728e-03 1.441416740417480469e+01 2.789521728515625000e+03 8.749538421630859375e+01 1.640861504711210728e-03 1.441416740417480469e+01 2.789521728515625000e+03 8.749538421630859375e+01
9.000000000000000000e+03 5.435780622065067291e-04 1.420091342926025391e+01 2.789461669921875000e+03 8.743981170654296875e+01 5.435780622065067291e-04 1.420091342926025391e+01 2.789461669921875000e+03 8.743981170654296875e+01
1.000000000000000000e+04 9.419551352038979530e-04 2.321014648437500000e+03 3.521312187500000000e+05 7.179532470703125000e+02 9.419551352038979530e-04 2.321014648437500000e+03 3.521312187500000000e+05 7.179532470703125000e+02
1.100000000000000000e+04 2.569705538917332888e-04 1.420094966888427734e+01 2.789461669921875000e+03 8.743936157226562500e+01 2.569705538917332888e-04 1.420094966888427734e+01 2.789461669921875000e+03 8.743936157226562500e+01
1.200000000000000000e+04 1.217817407450638711e-04 1.420087242126464844e+01 2.789461669921875000e+03 8.743920135498046875e+01 1.217817407450638711e-04 1.420087242126464844e+01 2.789461669921875000e+03 8.743920135498046875e+01
1.300000000000000000e+04 2.651579279699944891e-06 1.420098304748535156e+01 2.789461181640625000e+03 8.743919372558593750e+01 2.651579279699944891e-06 1.420098304748535156e+01 2.789461181640625000e+03 8.743919372558593750e+01
1.400000000000000000e+04 1.130543523686355911e-06 1.420097160339355469e+01 2.789461181640625000e+03 8.743909454345703125e+01 1.130543523686355911e-06 1.420097160339355469e+01 2.789461181640625000e+03 8.743909454345703125e+01
1.500000000000000000e+04 8.775704145591589622e-07 1.420101737976074219e+01 2.789461181640625000e+03 8.743905639648437500e+01 8.775704145591589622e-07 1.420101737976074219e+01 2.789461181640625000e+03 8.743905639648437500e+01
1.600000000000000000e+04 6.253271294553996995e-06 1.420098781585693359e+01 2.789461669921875000e+03 8.743902587890625000e+01 6.253271294553996995e-06 1.420098781585693359e+01 2.789461669921875000e+03 8.743902587890625000e+01
1.700000000000000000e+04 4.679297035181662068e-06 1.420092105865478516e+01 2.789461669921875000e+03 8.743899536132812500e+01 4.679297035181662068e-06 1.420092105865478516e+01 2.789461669921875000e+03 8.743899536132812500e+01
1.800000000000000000e+04 6.875312465126626194e-06 1.420091819763183594e+01 2.789461669921875000e+03 8.743898010253906250e+01 6.875312465126626194e-06 1.420091819763183594e+01 2.789461669921875000e+03 8.743898010253906250e+01
1.900000000000000000e+04 4.162314439781766851e-07 1.420178794860839844e+01 2.789460449218750000e+03 8.743919372558593750e+01 4.162314439781766851e-07 1.420178794860839844e+01 2.789460449218750000e+03 8.743919372558593750e+01
2.000000000000000000e+04 2.679271347005851567e-07 1.420092487335205078e+01 2.789461669921875000e+03 8.743896484375000000e+01 2.679271347005851567e-07 1.420092487335205078e+01 2.789461669921875000e+03 8.743896484375000000e+01
