# step, loss_train, loss_test, metrics_test
0.000000000000000000e+00 0.000000000000000000e+00 1.111356430053710938e+02 9.986524963378906250e+01 4.674176635742187500e+02 0.000000000000000000e+00 1.111356430053710938e+02 9.986524963378906250e+01 4.674176635742187500e+02
1.000000000000000000e+03 0.000000000000000000e+00 4.117365646362304688e+01 6.151656723022460938e+01 2.111992340087890625e+02 0.000000000000000000e+00 4.117365646362304688e+01 6.151656723022460938e+01 2.111992340087890625e+02
2.000000000000000000e+03 0.000000000000000000e+00 3.989626312255859375e+01 6.479367828369140625e+01 2.143723754882812500e+02 0.000000000000000000e+00 3.989626312255859375e+01 6.479367828369140625e+01 2.143723754882812500e+02
3.000000000000000000e+03 0.000000000000000000e+00 1.798708534240722656e+01 3.278449630737304688e+01 4.249286499023437500e+02 0.000000000000000000e+00 1.798708534240722656e+01 3.278449630737304688e+01 4.249286499023437500e+02
4.000000000000000000e+03 0.000000000000000000e+00 1.796978950500488281e+01 3.281261825561523438e+01 4.249177246093750000e+02 0.000000000000000000e+00 1.796978950500488281e+01 3.281261825561523438e+01 4.249177246093750000e+02
5.000000000000000000e+03 0.000000000000000000e+00 1.781871986389160156e+01 3.307572555541992188e+01 4.248222045898437500e+02 0.000000000000000000e+00 1.781871986389160156e+01 3.307572555541992188e+01 4.248222045898437500e+02
6.000000000000000000e+03 0.000000000000000000e+00 1.796956825256347656e+01 3.281297683715820312e+01 4.249175109863281250e+02 0.000000000000000000e+00 1.796956825256347656e+01 3.281297683715820312e+01 4.249175109863281250e+02
7.000000000000000000e+03 0.000000000000000000e+00 1.812910842895507812e+01 3.256688308715820312e+01 4.250197753906250000e+02 0.000000000000000000e+00 1.812910842895507812e+01 3.256688308715820312e+01 4.250197753906250000e+02
8.000000000000000000e+03 0.000000000000000000e+00 1.796128273010253906e+01 3.282658386230468750e+01 4.249122924804687500e+02 0.000000000000000000e+00 1.796128273010253906e+01 3.282658386230468750e+01 4.249122924804687500e+02
9.000000000000000000e+03 0.000000000000000000e+00 1.796993637084960938e+01 3.281237411499023438e+01 4.249177551269531250e+02 0.000000000000000000e+00 1.796993637084960938e+01 3.281237411499023438e+01 4.249177551269531250e+02
1.000000000000000000e+04 0.000000000000000000e+00 1.818190956115722656e+01 3.249143600463867188e+01 4.250539245605468750e+02 0.000000000000000000e+00 1.818190956115722656e+01 3.249143600463867188e+01 4.250539245605468750e+02
1.100000000000000000e+04 0.000000000000000000e+00 1.785189628601074219e+01 3.301504135131835938e+01 4.248429870605468750e+02 0.000000000000000000e+00 1.785189628601074219e+01 3.301504135131835938e+01 4.248429870605468750e+02
1.200000000000000000e+04 0.000000000000000000e+00 1.804810714721679688e+01 3.268821334838867188e+01 4.249677429199218750e+02 0.000000000000000000e+00 1.804810714721679688e+01 3.268821334838867188e+01 4.249677429199218750e+02
1.300000000000000000e+04 0.000000000000000000e+00 1.792189598083496094e+01 3.289250183105468750e+01 4.248872070312500000e+02 0.000000000000000000e+00 1.792189598083496094e+01 3.289250183105468750e+01 4.248872070312500000e+02
1.400000000000000000e+04 0.000000000000000000e+00 1.796942329406738281e+01 3.281321334838867188e+01 4.249174194335937500e+02 0.000000000000000000e+00 1.796942329406738281e+01 3.281321334838867188e+01 4.249174194335937500e+02
1.500000000000000000e+04 0.000000000000000000e+00 1.765777015686035156e+01 3.339830398559570312e+01 4.247223205566406250e+02 0.000000000000000000e+00 1.765777015686035156e+01 3.339830398559570312e+01 4.247223205566406250e+02
1.600000000000000000e+04 0.000000000000000000e+00 1.796807861328125000e+01 3.281541824340820312e+01 4.249165344238281250e+02 0.000000000000000000e+00 1.796807861328125000e+01 3.281541824340820312e+01 4.249165344238281250e+02
1.700000000000000000e+04 0.000000000000000000e+00 1.779455375671386719e+01 3.312107086181640625e+01 4.248070983886718750e+02 0.000000000000000000e+00 1.779455375671386719e+01 3.312107086181640625e+01 4.248070983886718750e+02
1.800000000000000000e+04 0.000000000000000000e+00 1.818272590637207031e+01 3.249029159545898438e+01 4.250544128417968750e+02 0.000000000000000000e+00 1.818272590637207031e+01 3.249029159545898438e+01 4.250544128417968750e+02
1.900000000000000000e+04 0.000000000000000000e+00 1.801881217956542969e+01 3.273388290405273438e+01 4.249489746093750000e+02 0.000000000000000000e+00 1.801881217956542969e+01 3.273388290405273438e+01 4.249489746093750000e+02
2.000000000000000000e+04 0.000000000000000000e+00 1.796918869018554688e+01 3.281359863281250000e+01 4.249172973632812500e+02 0.000000000000000000e+00 1.796918869018554688e+01 3.281359863281250000e+01 4.249172973632812500e+02
