# step, loss_train, loss_test, metrics_test
0.000000000000000000e+00 0.000000000000000000e+00 2.352360725402832031e+01 2.220385742187500000e+03 0.000000000000000000e+00 0.000000000000000000e+00 2.352360725402832031e+01 2.220385742187500000e+03 0.000000000000000000e+00
1.000000000000000000e+03 0.000000000000000000e+00 1.467247009277343750e+01 8.310083007812500000e+02 0.000000000000000000e+00 0.000000000000000000e+00 1.467247009277343750e+01 8.310083007812500000e+02 0.000000000000000000e+00
2.000000000000000000e+03 0.000000000000000000e+00 1.467247009277343750e+01 8.310083007812500000e+02 0.000000000000000000e+00 0.000000000000000000e+00 1.467247009277343750e+01 8.310083007812500000e+02 0.000000000000000000e+00
3.000000000000000000e+03 0.000000000000000000e+00 1.467247009277343750e+01 8.310083007812500000e+02 0.000000000000000000e+00 0.000000000000000000e+00 1.467247009277343750e+01 8.310083007812500000e+02 0.000000000000000000e+00
4.000000000000000000e+03 0.000000000000000000e+00 1.467247200012207031e+01 8.310083618164062500e+02 0.000000000000000000e+00 0.000000000000000000e+00 1.467247200012207031e+01 8.310083618164062500e+02 0.000000000000000000e+00
5.000000000000000000e+03 0.000000000000000000e+00 1.467150783538818359e+01 8.310093994140625000e+02 0.000000000000000000e+00 0.000000000000000000e+00 1.467150783538818359e+01 8.310093994140625000e+02 0.000000000000000000e+00
6.000000000000000000e+03 0.000000000000000000e+00 1.467238521575927734e+01 8.310084228515625000e+02 0.000000000000000000e+00 0.000000000000000000e+00 1.467238521575927734e+01 8.310084228515625000e+02 0.000000000000000000e+00
7.000000000000000000e+03 0.000000000000000000e+00 1.468892002105712891e+01 8.309923706054687500e+02 0.000000000000000000e+00 0.000000000000000000e+00 1.468892002105712891e+01 8.309923706054687500e+02 0.000000000000000000e+00
8.000000000000000000e+03 0.000000000000000000e+00 1.468223667144775391e+01 8.309987792968750000e+02 0.000000000000000000e+00 0.000000000000000000e+00 1.468223667144775391e+01 8.309987792968750000e+02 0.000000000000000000e+00
9.000000000000000000e+03 0.000000000000000000e+00 1.467241287231445312e+01 8.310083618164062500e+02 0.000000000000000000e+00 0.000000000000000000e+00 1.467241287231445312e+01 8.310083618164062500e+02 0.000000000000000000e+00
1.000000000000000000e+04 0.000000000000000000e+00 1.467257118225097656e+01 8.310081787109375000e+02 0.000000000000000000e+00 0.000000000000000000e+00 1.467257118225097656e+01 8.310081787109375000e+02 0.000000000000000000e+00
1.100000000000000000e+04 0.000000000000000000e+00 1.467238235473632812e+01 8.310084228515625000e+02 0.000000000000000000e+00 0.000000000000000000e+00 1.467238235473632812e+01 8.310084228515625000e+02 0.000000000000000000e+00
1.200000000000000000e+04 0.000000000000000000e+00 1.467250633239746094e+01 8.310083618164062500e+02 0.000000000000000000e+00 0.000000000000000000e+00 1.467250633239746094e+01 8.310083618164062500e+02 0.000000000000000000e+00
1.300000000000000000e+04 0.000000000000000000e+00 1.467245006561279297e+01 8.310083618164062500e+02 0.000000000000000000e+00 0.000000000000000000e+00 1.467245006561279297e+01 8.310083618164062500e+02 0.000000000000000000e+00
1.400000000000000000e+04 0.000000000000000000e+00 1.467244434356689453e+01 8.310083618164062500e+02 0.000000000000000000e+00 0.000000000000000000e+00 1.467244434356689453e+01 8.310083618164062500e+02 0.000000000000000000e+00
1.500000000000000000e+04 0.000000000000000000e+00 1.467222118377685547e+01 8.310085449218750000e+02 0.000000000000000000e+00 0.000000000000000000e+00 1.467222118377685547e+01 8.310085449218750000e+02 0.000000000000000000e+00
1.600000000000000000e+04 0.000000000000000000e+00 1.467247009277343750e+01 8.310083007812500000e+02 0.000000000000000000e+00 0.000000000000000000e+00 1.467247009277343750e+01 8.310083007812500000e+02 0.000000000000000000e+00
1.700000000000000000e+04 0.000000000000000000e+00 1.443709659576416016e+01 8.313640136718750000e+02 0.000000000000000000e+00 0.000000000000000000e+00 1.443709659576416016e+01 8.313640136718750000e+02 0.000000000000000000e+00
1.800000000000000000e+04 0.000000000000000000e+00 1.490026950836181641e+01 8.308878784179687500e+02 0.000000000000000000e+00 0.000000000000000000e+00 1.490026950836181641e+01 8.308878784179687500e+02 0.000000000000000000e+00
1.900000000000000000e+04 0.000000000000000000e+00 1.468583106994628906e+01 8.309953613281250000e+02 0.000000000000000000e+00 0.000000000000000000e+00 1.468583106994628906e+01 8.309953613281250000e+02 0.000000000000000000e+00
2.000000000000000000e+04 0.000000000000000000e+00 1.457810592651367188e+01 8.311217651367187500e+02 0.000000000000000000e+00 0.000000000000000000e+00 1.457810592651367188e+01 8.311217651367187500e+02 0.000000000000000000e+00
