# step, loss_train, loss_test, metrics_test
0.000000000000000000e+00 4.704113464355468750e+02 1.842743492126464844e+01 7.365162109375000000e+03 3.740925292968750000e+02 4.704113464355468750e+02 1.842743492126464844e+01 7.365162109375000000e+03 3.740925292968750000e+02
1.000000000000000000e+03 4.396535754203796387e-01 3.080941390991210938e+01 9.804511070251464844e-01 3.317145080566406250e+02 4.396535754203796387e-01 3.080941390991210938e+01 9.804511070251464844e-01 3.317145080566406250e+02
2.000000000000000000e+03 2.796430587768554688e-01 2.516902542114257812e+01 1.004959821701049805e+00 3.241437072753906250e+02 2.796430587768554688e-01 2.516902542114257812e+01 1.004959821701049805e+00 3.241437072753906250e+02
3.000000000000000000e+03 7.602804899215698242e-01 1.816081237792968750e+01 5.466117858886718750e+00 3.165982971191406250e+02 7.602804899215698242e-01 1.816081237792968750e+01 5.466117858886718750e+00 3.165982971191406250e+02
4.000000000000000000e+03 2.103118181228637695e+00 2.009214973449707031e+01 6.428732395172119141e+00 2.619398803710937500e+02 2.103118181228637695e+00 2.009214973449707031e+01 6.428732395172119141e+00 2.619398803710937500e+02
5.000000000000000000e+03 2.030430412292480469e+01 1.086238288879394531e+01 1.002919578552246094e+01 1.412510375976562500e+02 2.030430412292480469e+01 1.086238288879394531e+01 1.002919578552246094e+01 1.412510375976562500e+02
6.000000000000000000e+03 6.626311779022216797e+00 7.893537044525146484e+00 5.677380084991455078e+00 8.615448760986328125e+01 6.626311779022216797e+00 7.893537044525146484e+00 5.677380084991455078e+00 8.615448760986328125e+01
7.000000000000000000e+03 9.552286148071289062e+00 4.979854106903076172e+00 3.090155839920043945e+00 3.255285263061523438e+01 9.552286148071289062e+00 4.979854106903076172e+00 3.090155839920043945e+00 3.255285263061523438e+01
8.000000000000000000e+03 6.477172374725341797e+00 3.811124086380004883e+00 2.540060520172119141e+00 1.834157371520996094e+01 6.477172374725341797e+00 3.811124086380004883e+00 2.540060520172119141e+00 1.834157371520996094e+01
9.000000000000000000e+03 4.860480785369873047e+00 2.847578287124633789e+00 1.912060976028442383e+00 9.161964416503906250e+00 4.860480785369873047e+00 2.847578287124633789e+00 1.912060976028442383e+00 9.161964416503906250e+00
1.000000000000000000e+04 2.505503177642822266e+00 2.621516466140747070e+00 1.513785243034362793e+00 1.054298400878906250e+01 2.505503177642822266e+00 2.621516466140747070e+00 1.513785243034362793e+00 1.054298400878906250e+01
1.100000000000000000e+04 1.963296651840209961e+00 2.259439229965209961e+00 1.338671326637268066e+00 6.845190525054931641e+00 1.963296651840209961e+00 2.259439229965209961e+00 1.338671326637268066e+00 6.845190525054931641e+00
1.200000000000000000e+04 2.312977313995361328e+00 2.713701725006103516e+00 1.100424647331237793e+00 1.169793319702148438e+01 2.312977313995361328e+00 2.713701725006103516e+00 1.100424647331237793e+00 1.169793319702148438e+01
1.300000000000000000e+04 1.227262139320373535e+00 1.911273241043090820e+00 9.098778963088989258e-01 5.483222007751464844e+00 1.227262139320373535e+00 1.911273241043090820e+00 9.098778963088989258e-01 5.483222007751464844e+00
1.400000000000000000e+04 9.954769611358642578e-01 1.938232421875000000e+00 7.501127123832702637e-01 5.950829505920410156e+00 9.954769611358642578e-01 1.938232421875000000e+00 7.501127123832702637e-01 5.950829505920410156e+00
1.500000000000000000e+04 8.611117601394653320e-01 1.785434126853942871e+00 6.028053760528564453e-01 5.662456989288330078e+00 8.611117601394653320e-01 1.785434126853942871e+00 6.028053760528564453e-01 5.662456989288330078e+00
1.600000000000000000e+04 1.193236231803894043e+00 2.030712604522705078e+00 6.957833766937255859e-01 8.088225364685058594e+00 1.193236231803894043e+00 2.030712604522705078e+00 6.957833766937255859e-01 8.088225364685058594e+00
1.700000000000000000e+04 3.181884384155273438e+01 1.675417065620422363e+00 1.233489990234375000e+01 1.072486019134521484e+01 3.181884384155273438e+01 1.675417065620422363e+00 1.233489990234375000e+01 1.072486019134521484e+01
1.800000000000000000e+04 6.209810972213745117e-01 1.580530166625976562e+00 3.370073139667510986e-01 5.052720546722412109e+00 6.209810972213745117e-01 1.580530166625976562e+00 3.370073139667510986e-01 5.052720546722412109e+00
1.900000000000000000e+04 4.435556411743164062e+00 1.262444376945495605e+00 1.126894712448120117e+00 3.124173641204833984e+00 4.435556411743164062e+00 1.262444376945495605e+00 1.126894712448120117e+00 3.124173641204833984e+00
2.000000000000000000e+04 5.649330019950866699e-01 1.273526310920715332e+00 2.311468422412872314e-01 3.389636993408203125e+00 5.649330019950866699e-01 1.273526310920715332e+00 2.311468422412872314e-01 3.389636993408203125e+00
