# step, loss_train, loss_test, metrics_test
0.000000000000000000e+00 7.674606875000000000e+05 1.232322788238525391e+01 2.818557421875000000e+04 3.664761352539062500e+02 7.674606875000000000e+05 1.232322788238525391e+01 2.818557421875000000e+04 3.664761352539062500e+02
1.000000000000000000e+03 1.861385917663574219e+01 9.785100221633911133e-01 7.702476806640625000e+02 2.695364990234375000e+02 1.861385917663574219e+01 9.785100221633911133e-01 7.702476806640625000e+02 2.695364990234375000e+02
2.000000000000000000e+03 3.314133834838867188e+01 1.448359966278076172e+00 3.081638793945312500e+02 2.872145080566406250e+02 3.314133834838867188e+01 1.448359966278076172e+00 3.081638793945312500e+02 2.872145080566406250e+02
3.000000000000000000e+03 6.679827690124511719e+00 1.427852988243103027e+00 2.998966369628906250e+02 2.860170593261718750e+02 6.679827690124511719e+00 1.427852988243103027e+00 2.998966369628906250e+02 2.860170593261718750e+02
4.000000000000000000e+03 1.556740093231201172e+01 1.364042282104492188e+00 2.949757385253906250e+02 2.816351013183593750e+02 1.556740093231201172e+01 1.364042282104492188e+00 2.949757385253906250e+02 2.816351013183593750e+02
5.000000000000000000e+03 8.314556121826171875e+00 8.889844417572021484e-01 3.004035644531250000e+02 2.639736328125000000e+02 8.314556121826171875e+00 8.889844417572021484e-01 3.004035644531250000e+02 2.639736328125000000e+02
6.000000000000000000e+03 3.743373394012451172e+00 4.303837418556213379e-01 3.027421264648437500e+02 2.436204833984375000e+02 3.743373394012451172e+00 4.303837418556213379e-01 3.027421264648437500e+02 2.436204833984375000e+02
7.000000000000000000e+03 1.788664054870605469e+01 8.618732690811157227e-01 8.333703613281250000e+01 2.431942749023437500e+02 1.788664054870605469e+01 8.618732690811157227e-01 8.333703613281250000e+01 2.431942749023437500e+02
8.000000000000000000e+03 3.278279444202780724e-03 5.169160366058349609e-01 1.498722412109375000e+03 2.622063598632812500e+02 3.278279444202780724e-03 5.169160366058349609e-01 1.498722412109375000e+03 2.622063598632812500e+02
9.000000000000000000e+03 1.424106055303298035e-09 5.221024751663208008e-01 1.498592773437500000e+03 2.623171081542968750e+02 1.424106055303298035e-09 5.221024751663208008e-01 1.498592773437500000e+03 2.623171081542968750e+02
1.000000000000000000e+04 1.685647954552393912e-09 5.214656591415405273e-01 1.498606323242187500e+03 2.623036499023437500e+02 1.685647954552393912e-09 5.214656591415405273e-01 1.498606323242187500e+03 2.623036499023437500e+02
1.100000000000000000e+04 2.213603744749548241e-09 5.216341614723205566e-01 1.498602294921875000e+03 2.623072509765625000e+02 2.213603744749548241e-09 5.216341614723205566e-01 1.498602294921875000e+03 2.623072509765625000e+02
1.200000000000000000e+04 2.779279917319854576e-09 1.029949903488159180e+00 1.830047607421875000e+03 2.732185974121093750e+02 2.779279917319854576e-09 1.029949903488159180e+00 1.830047607421875000e+03 2.732185974121093750e+02
1.300000000000000000e+04 2.197983794971491989e-09 5.249987244606018066e-01 1.498564575195312500e+03 2.623782653808593750e+02 2.197983794971491989e-09 5.249987244606018066e-01 1.498564575195312500e+03 2.623782653808593750e+02
1.400000000000000000e+04 8.323403299925757892e-09 5.211244821548461914e-01 1.498614013671875000e+03 2.622964477539062500e+02 8.323403299925757892e-09 5.211244821548461914e-01 1.498614013671875000e+03 2.622964477539062500e+02
1.500000000000000000e+04 1.351348656049690747e-14 5.214657187461853027e-01 1.498606323242187500e+03 2.623036804199218750e+02 1.351348656049690747e-14 5.214657187461853027e-01 1.498606323242187500e+03 2.623036804199218750e+02
1.600000000000000000e+04 4.585175690735923681e-15 5.213015079498291016e-01 1.498610229492187500e+03 2.623002014160156250e+02 4.585175690735923681e-15 5.213015079498291016e-01 1.498610229492187500e+03 2.623002014160156250e+02
1.700000000000000000e+04 1.443901595679739514e-15 5.214543938636779785e-01 1.498606689453125000e+03 2.623034362792968750e+02 1.443901595679739514e-15 5.214543938636779785e-01 1.498606689453125000e+03 2.623034362792968750e+02
1.800000000000000000e+04 4.966715858475110896e-16 5.214987993240356445e-01 1.498605590820312500e+03 2.623043823242187500e+02 4.966715858475110896e-16 5.214987993240356445e-01 1.498605590820312500e+03 2.623043823242187500e+02
1.900000000000000000e+04 1.363707824956152570e-16 5.204432010650634766e-01 1.498632080078125000e+03 2.622821044921875000e+02 1.363707824956152570e-16 5.204432010650634766e-01 1.498632080078125000e+03 2.622821044921875000e+02
2.000000000000000000e+04 2.303839619281051153e-17 5.231614112854003906e-01 1.498577392578125000e+03 2.623394775390625000e+02 2.303839619281051153e-17 5.231614112854003906e-01 1.498577392578125000e+03 2.623394775390625000e+02
