# step, loss_train, loss_test, metrics_test
0.000000000000000000e+00 8.956632031250000000e+04 7.797766113281250000e+01 7.903850585937500000e+03 6.241995239257812500e+02 8.956632031250000000e+04 7.797766113281250000e+01 7.903850585937500000e+03 6.241995239257812500e+02
1.000000000000000000e+03 1.317114160156250000e+04 1.112469406127929688e+02 6.368415527343750000e+03 5.647185058593750000e+02 1.317114160156250000e+04 1.112469406127929688e+02 6.368415527343750000e+03 5.647185058593750000e+02
2.000000000000000000e+03 4.885037109375000000e+03 1.106595535278320312e+02 4.511668945312500000e+03 5.287730712890625000e+02 4.885037109375000000e+03 1.106595535278320312e+02 4.511668945312500000e+03 5.287730712890625000e+02
3.000000000000000000e+03 2.656677246093750000e+03 8.108118438720703125e+01 3.028906982421875000e+03 4.920276184082031250e+02 2.656677246093750000e+03 8.108118438720703125e+01 3.028906982421875000e+03 4.920276184082031250e+02
4.000000000000000000e+03 1.965487182617187500e+03 5.507000732421875000e+01 2.017348876953125000e+03 4.662702026367187500e+02 1.965487182617187500e+03 5.507000732421875000e+01 2.017348876953125000e+03 4.662702026367187500e+02
5.000000000000000000e+03 1.263415161132812500e+03 3.736956405639648438e+01 1.348602661132812500e+03 4.502162170410156250e+02 1.263415161132812500e+03 3.736956405639648438e+01 1.348602661132812500e+03 4.502162170410156250e+02
6.000000000000000000e+03 8.154740600585937500e+02 2.867393302917480469e+01 1.009693115234375000e+03 4.434971313476562500e+02 8.154740600585937500e+02 2.867393302917480469e+01 1.009693115234375000e+03 4.434971313476562500e+02
7.000000000000000000e+03 5.769253540039062500e+02 2.686624145507812500e+01 8.620861816406250000e+02 4.424248046875000000e+02 5.769253540039062500e+02 2.686624145507812500e+01 8.620861816406250000e+02 4.424248046875000000e+02
8.000000000000000000e+03 4.405376281738281250e+02 2.670553207397460938e+01 8.260084838867187500e+02 4.427162780761718750e+02 4.405376281738281250e+02 2.670553207397460938e+01 8.260084838867187500e+02 4.427162780761718750e+02
9.000000000000000000e+03 4.569500427246093750e+02 2.700457191467285156e+01 8.011837158203125000e+02 4.423433837890625000e+02 4.569500427246093750e+02 2.700457191467285156e+01 8.011837158203125000e+02 4.423433837890625000e+02
1.000000000000000000e+04 2.851442565917968750e+02 2.764471435546875000e+01 8.033658447265625000e+02 4.407502136230468750e+02 2.851442565917968750e+02 2.764471435546875000e+01 8.033658447265625000e+02 4.407502136230468750e+02
1.100000000000000000e+04 1.880491790771484375e+02 2.605109214782714844e+01 7.756224975585937500e+02 4.388278503417968750e+02 1.880491790771484375e+02 2.605109214782714844e+01 7.756224975585937500e+02 4.388278503417968750e+02
1.200000000000000000e+04 1.276293640136718750e+02 2.457857894897460938e+01 7.558579101562500000e+02 4.370347290039062500e+02 1.276293640136718750e+02 2.457857894897460938e+01 7.558579101562500000e+02 4.370347290039062500e+02
1.300000000000000000e+04 9.535258483886718750e+01 2.424359703063964844e+01 7.241452636718750000e+02 4.361137695312500000e+02 9.535258483886718750e+01 2.424359703063964844e+01 7.241452636718750000e+02 4.361137695312500000e+02
1.400000000000000000e+04 7.761389160156250000e+01 2.375442504882812500e+01 7.069385986328125000e+02 4.350682067871093750e+02 7.761389160156250000e+01 2.375442504882812500e+01 7.069385986328125000e+02 4.350682067871093750e+02
1.500000000000000000e+04 7.048691558837890625e+01 2.399189376831054688e+01 6.895741577148437500e+02 4.347500000000000000e+02 7.048691558837890625e+01 2.399189376831054688e+01 6.895741577148437500e+02 4.347500000000000000e+02
1.600000000000000000e+04 5.544824600219726562e+01 2.445136070251464844e+01 6.551756591796875000e+02 4.345804138183593750e+02 5.544824600219726562e+01 2.445136070251464844e+01 6.551756591796875000e+02 4.345804138183593750e+02
1.700000000000000000e+04 5.729958343505859375e+01 2.486228942871093750e+01 6.273502807617187500e+02 4.338051757812500000e+02 5.729958343505859375e+01 2.486228942871093750e+01 6.273502807617187500e+02 4.338051757812500000e+02
1.800000000000000000e+04 5.884413528442382812e+01 2.543654823303222656e+01 5.834434814453125000e+02 4.333315429687500000e+02 5.884413528442382812e+01 2.543654823303222656e+01 5.834434814453125000e+02 4.333315429687500000e+02
1.900000000000000000e+04 5.669475936889648438e+01 2.634507179260253906e+01 5.403488769531250000e+02 4.334758605957031250e+02 5.669475936889648438e+01 2.634507179260253906e+01 5.403488769531250000e+02 4.334758605957031250e+02
2.000000000000000000e+04 5.773830032348632812e+01 2.722922325134277344e+01 4.975253295898437500e+02 4.334772949218750000e+02 5.773830032348632812e+01 2.722922325134277344e+01 4.975253295898437500e+02 4.334772949218750000e+02
