# step, loss_train, loss_test, metrics_test
0.000000000000000000e+00 0.000000000000000000e+00 1.297792510986328125e+02 4.272885546875000000e+04 3.541434631347656250e+02 0.000000000000000000e+00 1.297792510986328125e+02 4.272885546875000000e+04 3.541434631347656250e+02
1.000000000000000000e+03 0.000000000000000000e+00 1.477081966400146484e+01 2.433440917968750000e+03 2.575496826171875000e+02 0.000000000000000000e+00 1.477081966400146484e+01 2.433440917968750000e+03 2.575496826171875000e+02
2.000000000000000000e+03 0.000000000000000000e+00 1.327532577514648438e+01 2.452055908203125000e+03 2.564640502929687500e+02 0.000000000000000000e+00 1.327532577514648438e+01 2.452055908203125000e+03 2.564640502929687500e+02
3.000000000000000000e+03 0.000000000000000000e+00 1.391723823547363281e+01 2.439677001953125000e+03 2.569154663085937500e+02 0.000000000000000000e+00 1.391723823547363281e+01 2.439677001953125000e+03 2.569154663085937500e+02
4.000000000000000000e+03 0.000000000000000000e+00 1.477068138122558594e+01 2.433438964843750000e+03 2.575490722656250000e+02 0.000000000000000000e+00 1.477068138122558594e+01 2.433438964843750000e+03 2.575490722656250000e+02
5.000000000000000000e+03 0.000000000000000000e+00 1.029885292053222656e+01 2.731887207031250000e+03 2.543809814453125000e+02 0.000000000000000000e+00 1.029885292053222656e+01 2.731887207031250000e+03 2.543809814453125000e+02
6.000000000000000000e+03 0.000000000000000000e+00 2.333281898498535156e+01 2.667830810546875000e+03 2.638765258789062500e+02 0.000000000000000000e+00 2.333281898498535156e+01 2.667830810546875000e+03 2.638765258789062500e+02
7.000000000000000000e+03 0.000000000000000000e+00 1.475993824005126953e+01 2.433458251953125000e+03 2.575411987304687500e+02 0.000000000000000000e+00 1.475993824005126953e+01 2.433458251953125000e+03 2.575411987304687500e+02
8.000000000000000000e+03 0.000000000000000000e+00 1.477443027496337891e+01 2.433432617187500000e+03 2.575517883300781250e+02 0.000000000000000000e+00 1.477443027496337891e+01 2.433432617187500000e+03 2.575517883300781250e+02
9.000000000000000000e+03 0.000000000000000000e+00 1.476950550079345703e+01 2.433440917968750000e+03 2.575482177734375000e+02 0.000000000000000000e+00 1.476950550079345703e+01 2.433440917968750000e+03 2.575482177734375000e+02
1.000000000000000000e+04 0.000000000000000000e+00 1.470110797882080078e+01 2.433588378906250000e+03 2.574983215332031250e+02 0.000000000000000000e+00 1.470110797882080078e+01 2.433588378906250000e+03 2.574983215332031250e+02
1.100000000000000000e+04 0.000000000000000000e+00 1.476487541198730469e+01 2.433449218750000000e+03 2.575448303222656250e+02 0.000000000000000000e+00 1.476487541198730469e+01 2.433449218750000000e+03 2.575448303222656250e+02
1.200000000000000000e+04 0.000000000000000000e+00 1.477047538757324219e+01 2.433438964843750000e+03 2.575489196777343750e+02 0.000000000000000000e+00 1.477047538757324219e+01 2.433438964843750000e+03 2.575489196777343750e+02
1.300000000000000000e+04 0.000000000000000000e+00 1.169606876373291016e+01 2.526793701171875000e+03 2.553345184326171875e+02 0.000000000000000000e+00 1.169606876373291016e+01 2.526793701171875000e+03 2.553345184326171875e+02
1.400000000000000000e+04 0.000000000000000000e+00 1.477051734924316406e+01 2.433438964843750000e+03 2.575489196777343750e+02 0.000000000000000000e+00 1.477051734924316406e+01 2.433438964843750000e+03 2.575489196777343750e+02
1.500000000000000000e+04 0.000000000000000000e+00 5.051558203125000000e+04 5.719773000000000000e+06 8.054814375000000000e+05 0.000000000000000000e+00 5.051558203125000000e+04 5.719773000000000000e+06 8.054814375000000000e+05
1.600000000000000000e+04 0.000000000000000000e+00 1.867856979370117188e+01 2.493651367187500000e+03 2.605953063964843750e+02 0.000000000000000000e+00 1.867856979370117188e+01 2.493651367187500000e+03 2.605953063964843750e+02
1.700000000000000000e+04 0.000000000000000000e+00 1.478604316711425781e+01 2.433413574218750000e+03 2.562057495117187500e+02 0.000000000000000000e+00 1.478604316711425781e+01 2.433413574218750000e+03 2.562057495117187500e+02
1.800000000000000000e+04 0.000000000000000000e+00 1.478534030914306641e+01 2.433414794921875000e+03 2.562053527832031250e+02 0.000000000000000000e+00 1.478534030914306641e+01 2.433414794921875000e+03 2.562053527832031250e+02
1.900000000000000000e+04 0.000000000000000000e+00 1.478503894805908203e+01 2.433415283203125000e+03 2.562052001953125000e+02 0.000000000000000000e+00 1.478503894805908203e+01 2.433415283203125000e+03 2.562052001953125000e+02
2.000000000000000000e+04 0.000000000000000000e+00 1.478483963012695312e+01 2.433415527343750000e+03 2.562050781250000000e+02 0.000000000000000000e+00 1.478483963012695312e+01 2.433415527343750000e+03 2.562050781250000000e+02
