# step, loss_train, loss_test, metrics_test
0.000000000000000000e+00 4.027624511718750000e+02 2.090752410888671875e+01 5.245667724609375000e+02 2.864192810058593750e+02 4.027624511718750000e+02 2.090752410888671875e+01 5.245667724609375000e+02 2.864192810058593750e+02
1.000000000000000000e+03 4.849253594875335693e-01 2.381786918640136719e+01 3.448774814605712891e+00 2.497263031005859375e+02 4.849253594875335693e-01 2.381786918640136719e+01 3.448774814605712891e+00 2.497263031005859375e+02
2.000000000000000000e+03 4.437404870986938477e-01 1.730441093444824219e+01 2.217682361602783203e+00 2.488662719726562500e+02 4.437404870986938477e-01 1.730441093444824219e+01 2.217682361602783203e+00 2.488662719726562500e+02
3.000000000000000000e+03 3.553015291690826416e-01 1.259329414367675781e+01 1.504055500030517578e+00 2.427097015380859375e+02 3.553015291690826416e-01 1.259329414367675781e+01 1.504055500030517578e+00 2.427097015380859375e+02
4.000000000000000000e+03 7.898501157760620117e-01 1.584867763519287109e+01 1.873045802116394043e+00 2.225742797851562500e+02 7.898501157760620117e-01 1.584867763519287109e+01 1.873045802116394043e+00 2.225742797851562500e+02
5.000000000000000000e+03 8.516556739807128906e+00 8.518197059631347656e+00 1.238535690307617188e+01 9.175479125976562500e+01 8.516556739807128906e+00 8.518197059631347656e+00 1.238535690307617188e+01 9.175479125976562500e+01
6.000000000000000000e+03 6.628022670745849609e+00 7.108406066894531250e+00 1.187078857421875000e+01 2.281978225708007812e+01 6.628022670745849609e+00 7.108406066894531250e+00 1.187078857421875000e+01 2.281978225708007812e+01
7.000000000000000000e+03 8.490955352783203125e+00 5.367983818054199219e+00 6.502837181091308594e+00 1.158595943450927734e+01 8.490955352783203125e+00 5.367983818054199219e+00 6.502837181091308594e+00 1.158595943450927734e+01
8.000000000000000000e+03 4.536743164062500000e+00 3.894352197647094727e+00 3.414101600646972656e+00 8.196059226989746094e+00 4.536743164062500000e+00 3.894352197647094727e+00 3.414101600646972656e+00 8.196059226989746094e+00
9.000000000000000000e+03 3.717971086502075195e+00 2.980500459671020508e+00 1.955762147903442383e+00 6.377469539642333984e+00 3.717971086502075195e+00 2.980500459671020508e+00 1.955762147903442383e+00 6.377469539642333984e+00
1.000000000000000000e+04 2.739826440811157227e+00 2.377107381820678711e+00 1.133075356483459473e+00 5.378611087799072266e+00 2.739826440811157227e+00 2.377107381820678711e+00 1.133075356483459473e+00 5.378611087799072266e+00
1.100000000000000000e+04 2.254490613937377930e+00 2.003761291503906250e+00 7.019905447959899902e-01 4.768159389495849609e+00 2.254490613937377930e+00 2.003761291503906250e+00 7.019905447959899902e-01 4.768159389495849609e+00
1.200000000000000000e+04 1.932644248008728027e+00 1.768292903900146484e+00 4.722741842269897461e-01 4.337667465209960938e+00 1.932644248008728027e+00 1.768292903900146484e+00 4.722741842269897461e-01 4.337667465209960938e+00
1.300000000000000000e+04 2.861363410949707031e+01 1.631181597709655762e+00 7.214193940162658691e-01 4.060864925384521484e+00 2.861363410949707031e+01 1.631181597709655762e+00 7.214193940162658691e-01 4.060864925384521484e+00
1.400000000000000000e+04 4.169045448303222656e+00 1.494015693664550781e+00 3.268766105175018311e-01 3.813613653182983398e+00 4.169045448303222656e+00 1.494015693664550781e+00 3.268766105175018311e-01 3.813613653182983398e+00
1.500000000000000000e+04 1.186718821525573730e+00 1.415244460105895996e+00 2.258802652359008789e-01 3.617669343948364258e+00 1.186718821525573730e+00 1.415244460105895996e+00 2.258802652359008789e-01 3.617669343948364258e+00
1.600000000000000000e+04 1.037654042243957520e+00 1.353321194648742676e+00 1.997541189193725586e-01 3.462693691253662109e+00 1.037654042243957520e+00 1.353321194648742676e+00 1.997541189193725586e-01 3.462693691253662109e+00
1.700000000000000000e+04 5.676209926605224609e+00 1.282354116439819336e+00 1.900421530008316040e-01 3.317761182785034180e+00 5.676209926605224609e+00 1.282354116439819336e+00 1.900421530008316040e-01 3.317761182785034180e+00
1.800000000000000000e+04 1.061497879028320312e+01 1.252225279808044434e+00 3.651516735553741455e-01 3.160572528839111328e+00 1.061497879028320312e+01 1.252225279808044434e+00 3.651516735553741455e-01 3.160572528839111328e+00
1.900000000000000000e+04 7.373798489570617676e-01 1.229797601699829102e+00 1.680662930011749268e-01 3.089912176132202148e+00 7.373798489570617676e-01 1.229797601699829102e+00 1.680662930011749268e-01 3.089912176132202148e+00
2.000000000000000000e+04 3.986609697341918945e+00 1.193918347358703613e+00 2.471218705177307129e-01 2.979167699813842773e+00 3.986609697341918945e+00 1.193918347358703613e+00 2.471218705177307129e-01 2.979167699813842773e+00
