# step, loss_train, loss_test, metrics_test
0.000000000000000000e+00 7.453621093750000000e+03 1.945375213623046875e+02 5.497495117187500000e+03 4.040619201660156250e+02 7.453621093750000000e+03 1.945375213623046875e+02 5.497495117187500000e+03 4.040619201660156250e+02
1.000000000000000000e+03 7.373627471923828125e+01 7.306921482086181641e+00 2.993187904357910156e+01 3.225325012207031250e+01 7.373627471923828125e+01 7.306921482086181641e+00 2.993187904357910156e+01 3.225325012207031250e+01
2.000000000000000000e+03 1.556560802459716797e+01 1.436929106712341309e+00 4.412496566772460938e+00 1.644771194458007812e+01 1.556560802459716797e+01 1.436929106712341309e+00 4.412496566772460938e+00 1.644771194458007812e+01
3.000000000000000000e+03 7.439376831054687500e+00 8.079684376716613770e-01 4.945402145385742188e+00 1.248898792266845703e+01 7.439376831054687500e+00 8.079684376716613770e-01 4.945402145385742188e+00 1.248898792266845703e+01
4.000000000000000000e+03 4.688744068145751953e+00 6.559078693389892578e-01 4.406346321105957031e+00 1.019890022277832031e+01 4.688744068145751953e+00 6.559078693389892578e-01 4.406346321105957031e+00 1.019890022277832031e+01
5.000000000000000000e+03 3.588634729385375977e+00 6.019682288169860840e-01 3.923240661621093750e+00 8.574077606201171875e+00 3.588634729385375977e+00 6.019682288169860840e-01 3.923240661621093750e+00 8.574077606201171875e+00
6.000000000000000000e+03 2.980956315994262695e+00 5.873398780822753906e-01 3.466690301895141602e+00 7.380242824554443359e+00 2.980956315994262695e+00 5.873398780822753906e-01 3.466690301895141602e+00 7.380242824554443359e+00
7.000000000000000000e+03 2.605437040328979492e+00 5.489845275878906250e-01 3.116597890853881836e+00 6.343132972717285156e+00 2.605437040328979492e+00 5.489845275878906250e-01 3.116597890853881836e+00 6.343132972717285156e+00
8.000000000000000000e+03 2.266510725021362305e+00 5.956714749336242676e-01 3.140562772750854492e+00 5.736015796661376953e+00 2.266510725021362305e+00 5.956714749336242676e-01 3.140562772750854492e+00 5.736015796661376953e+00
9.000000000000000000e+03 2.020601511001586914e+00 4.757615625858306885e-01 2.499312162399291992e+00 4.832568168640136719e+00 2.020601511001586914e+00 4.757615625858306885e-01 2.499312162399291992e+00 4.832568168640136719e+00
1.000000000000000000e+04 1.802604198455810547e+00 4.410566687583923340e-01 2.235871315002441406e+00 4.187943935394287109e+00 1.802604198455810547e+00 4.410566687583923340e-01 2.235871315002441406e+00 4.187943935394287109e+00
1.100000000000000000e+04 1.649703621864318848e+00 4.217271208763122559e-01 1.974189758300781250e+00 3.634091615676879883e+00 1.649703621864318848e+00 4.217271208763122559e-01 1.974189758300781250e+00 3.634091615676879883e+00
1.200000000000000000e+04 1.573463559150695801e+00 3.714646995067596436e-01 1.737735509872436523e+00 3.118256568908691406e+00 1.573463559150695801e+00 3.714646995067596436e-01 1.737735509872436523e+00 3.118256568908691406e+00
1.300000000000000000e+04 1.535555481910705566e+00 3.330835402011871338e-01 1.512188434600830078e+00 2.699247121810913086e+00 1.535555481910705566e+00 3.330835402011871338e-01 1.512188434600830078e+00 2.699247121810913086e+00
1.400000000000000000e+04 1.530842185020446777e+00 2.670838534832000732e-01 1.615184307098388672e+00 2.316046476364135742e+00 1.530842185020446777e+00 2.670838534832000732e-01 1.615184307098388672e+00 2.316046476364135742e+00
1.500000000000000000e+04 1.504125833511352539e+00 2.568294405937194824e-01 1.159933567047119141e+00 2.053708076477050781e+00 1.504125833511352539e+00 2.568294405937194824e-01 1.159933567047119141e+00 2.053708076477050781e+00
1.600000000000000000e+04 1.479071140289306641e+00 2.285823225975036621e-01 1.025725126266479492e+00 1.816757559776306152e+00 1.479071140289306641e+00 2.285823225975036621e-01 1.025725126266479492e+00 1.816757559776306152e+00
1.700000000000000000e+04 1.439244985580444336e+00 2.262842208147048950e-01 9.922216534614562988e-01 1.650226831436157227e+00 1.439244985580444336e+00 2.262842208147048950e-01 9.922216534614562988e-01 1.650226831436157227e+00
1.800000000000000000e+04 1.405135512351989746e+00 1.815619766712188721e-01 8.261734247207641602e-01 1.443882226943969727e+00 1.405135512351989746e+00 1.815619766712188721e-01 8.261734247207641602e-01 1.443882226943969727e+00
1.900000000000000000e+04 1.362026691436767578e+00 1.612881720066070557e-01 7.515197992324829102e-01 1.297129154205322266e+00 1.362026691436767578e+00 1.612881720066070557e-01 7.515197992324829102e-01 1.297129154205322266e+00
2.000000000000000000e+04 1.401876807212829590e+00 1.712404489517211914e-01 3.503039836883544922e+00 1.231825113296508789e+00 1.401876807212829590e+00 1.712404489517211914e-01 3.503039836883544922e+00 1.231825113296508789e+00
