# step, loss_train, loss_test, metrics_test
0.000000000000000000e+00 8.056781616210937500e+02 2.004250183105468750e+02 1.065778732299804688e+02 3.526047897338867188e+01 8.056781616210937500e+02 2.004250183105468750e+02 1.065778732299804688e+02 3.526047897338867188e+01
1.000000000000000000e+03 2.446365356445312500e-01 6.613631546497344971e-02 1.009154543280601501e-01 2.517118752002716064e-01 2.446365356445312500e-01 6.613631546497344971e-02 1.009154543280601501e-01 2.517118752002716064e-01
2.000000000000000000e+03 8.577515184879302979e-02 1.171579025685787201e-02 1.737983524799346924e-02 8.199013769626617432e-02 8.577515184879302979e-02 1.171579025685787201e-02 1.737983524799346924e-02 8.199013769626617432e-02
3.000000000000000000e+03 3.787712380290031433e-02 4.793638829141855240e-03 2.968522487208247185e-03 4.323759302496910095e-02 3.787712380290031433e-02 4.793638829141855240e-03 2.968522487208247185e-03 4.323759302496910095e-02
4.000000000000000000e+03 2.263229154050350189e-02 2.560626249760389328e-03 1.164394780062139034e-03 3.064316511154174805e-02 2.263229154050350189e-02 2.560626249760389328e-03 1.164394780062139034e-03 3.064316511154174805e-02
5.000000000000000000e+03 1.546921208500862122e-02 1.666320487856864929e-03 8.052583434619009495e-04 2.298760227859020233e-02 1.546921208500862122e-02 1.666320487856864929e-03 8.052583434619009495e-04 2.298760227859020233e-02
6.000000000000000000e+03 1.135272998362779617e-02 1.125426031649112701e-03 5.907311569899320602e-04 1.722220145165920258e-02 1.135272998362779617e-02 1.125426031649112701e-03 5.907311569899320602e-04 1.722220145165920258e-02
7.000000000000000000e+03 9.794319979846477509e-03 1.027008052915334702e-03 7.544762338511645794e-04 1.276719663292169571e-02 9.794319979846477509e-03 1.027008052915334702e-03 7.544762338511645794e-04 1.276719663292169571e-02
8.000000000000000000e+03 2.156691066920757294e-02 9.153485298156738281e-03 2.791955834254622459e-03 9.984192438423633575e-03 2.156691066920757294e-02 9.153485298156738281e-03 2.791955834254622459e-03 9.984192438423633575e-03
9.000000000000000000e+03 4.228500276803970337e-02 1.979015022516250610e-02 4.592048935592174530e-03 8.030711673200130463e-03 4.228500276803970337e-02 1.979015022516250610e-02 4.592048935592174530e-03 8.030711673200130463e-03
1.000000000000000000e+04 6.029488053172826767e-03 4.202712734695523977e-04 3.886917605996131897e-03 5.282056517899036407e-03 6.029488053172826767e-03 4.202712734695523977e-04 3.886917605996131897e-03 5.282056517899036407e-03
1.100000000000000000e+04 5.869113374501466751e-03 5.504715372808277607e-04 1.652730628848075867e-02 4.583364352583885193e-03 5.869113374501466751e-03 5.504715372808277607e-04 1.652730628848075867e-02 4.583364352583885193e-03
1.200000000000000000e+04 4.137077368795871735e-03 2.426934515824541450e-04 7.655109948245808482e-05 3.398142522200942039e-03 4.137077368795871735e-03 2.426934515824541450e-04 7.655109948245808482e-05 3.398142522200942039e-03
1.300000000000000000e+04 4.807851277291774750e-03 1.247755717486143112e-03 1.817267388105392456e-03 3.014071844518184662e-03 4.807851277291774750e-03 1.247755717486143112e-03 1.817267388105392456e-03 3.014071844518184662e-03
1.400000000000000000e+04 5.515022203326225281e-03 1.568745501572266221e-04 1.164795644581317902e-02 2.715161070227622986e-03 5.515022203326225281e-03 1.568745501572266221e-04 1.164795644581317902e-02 2.715161070227622986e-03
1.500000000000000000e+04 9.127427637577056885e-02 4.006166756153106689e-02 1.126865972764790058e-03 2.607517875730991364e-03 9.127427637577056885e-02 4.006166756153106689e-02 1.126865972764790058e-03 2.607517875730991364e-03
1.600000000000000000e+04 2.487629093229770660e-02 1.997166499495506287e-02 1.494796760380268097e-02 2.791738370433449745e-03 2.487629093229770660e-02 1.997166499495506287e-02 1.494796760380268097e-02 2.791738370433449745e-03
1.700000000000000000e+04 2.517145359888672829e-03 9.074612898984923959e-05 1.763980981195345521e-05 1.871277694590389729e-03 2.517145359888672829e-03 9.074612898984923959e-05 1.763980981195345521e-05 1.871277694590389729e-03
1.800000000000000000e+04 2.412106841802597046e-03 1.048235717462375760e-04 2.441419746901374310e-05 1.743869273923337460e-03 2.412106841802597046e-03 1.048235717462375760e-04 2.441419746901374310e-05 1.743869273923337460e-03
1.900000000000000000e+04 2.653062343597412109e-03 1.434372272342443466e-03 1.511679310351610184e-02 1.947861630469560623e-03 2.653062343597412109e-03 1.434372272342443466e-03 1.511679310351610184e-02 1.947861630469560623e-03
2.000000000000000000e+04 2.009406685829162598e-03 1.495287724537774920e-04 3.626230754889547825e-04 1.547890948131680489e-03 2.009406685829162598e-03 1.495287724537774920e-04 3.626230754889547825e-04 1.547890948131680489e-03
