# step, loss_train, loss_test, metrics_test
0.000000000000000000e+00 1.235492871093750000e+04 1.945375213623046875e+02 5.497495117187500000e+03 4.040619201660156250e+02 1.235492871093750000e+04 1.945375213623046875e+02 5.497495117187500000e+03 4.040619201660156250e+02
1.000000000000000000e+03 1.182966537475585938e+02 2.783774414062500000e+02 4.173303985595703125e+01 1.850495910644531250e+02 1.182966537475585938e+02 2.783774414062500000e+02 4.173303985595703125e+01 1.850495910644531250e+02
2.000000000000000000e+03 1.307780933380126953e+01 2.171683788299560547e+00 2.993776082992553711e+00 2.213805580139160156e+01 1.307780933380126953e+01 2.171683788299560547e+00 2.993776082992553711e+00 2.213805580139160156e+01
3.000000000000000000e+03 5.409022331237792969e+00 1.602437734603881836e+00 1.814063072204589844e+00 1.854987525939941406e+01 5.409022331237792969e+00 1.602437734603881836e+00 1.814063072204589844e+00 1.854987525939941406e+01
4.000000000000000000e+03 2.385099887847900391e+00 7.631174325942993164e-01 1.895995378494262695e+00 1.357561397552490234e+01 2.385099887847900391e+00 7.631174325942993164e-01 1.895995378494262695e+00 1.357561397552490234e+01
5.000000000000000000e+03 1.497473716735839844e+00 2.575542926788330078e-01 1.515282273292541504e+00 6.560222625732421875e+00 1.497473716735839844e+00 2.575542926788330078e-01 1.515282273292541504e+00 6.560222625732421875e+00
6.000000000000000000e+03 1.036423921585083008e+00 3.088205456733703613e-01 1.001988768577575684e+00 3.292522668838500977e+00 1.036423921585083008e+00 3.088205456733703613e-01 1.001988768577575684e+00 3.292522668838500977e+00
7.000000000000000000e+03 9.082291126251220703e-01 3.141709566116333008e-01 7.359113097190856934e-01 2.174680471420288086e+00 9.082291126251220703e-01 3.141709566116333008e-01 7.359113097190856934e-01 2.174680471420288086e+00
8.000000000000000000e+03 7.535524368286132812e-01 2.747495770454406738e-01 5.692806243896484375e-01 1.643345594406127930e+00 7.535524368286132812e-01 2.747495770454406738e-01 5.692806243896484375e-01 1.643345594406127930e+00
9.000000000000000000e+03 6.177227497100830078e-01 2.314642816781997681e-01 4.489288628101348877e-01 1.296701431274414062e+00 6.177227497100830078e-01 2.314642816781997681e-01 4.489288628101348877e-01 1.296701431274414062e+00
1.000000000000000000e+04 4.998679459095001221e-01 1.863705217838287354e-01 3.571686148643493652e-01 1.024902105331420898e+00 4.998679459095001221e-01 1.863705217838287354e-01 3.571686148643493652e-01 1.024902105331420898e+00
1.100000000000000000e+04 4.140295386314392090e-01 1.472587138414382935e-01 2.829780280590057373e-01 8.028671145439147949e-01 4.140295386314392090e-01 1.472587138414382935e-01 2.829780280590057373e-01 8.028671145439147949e-01
1.200000000000000000e+04 3.646170496940612793e-01 1.200890764594078064e-01 2.300011366605758667e-01 6.386218070983886719e-01 3.646170496940612793e-01 1.200890764594078064e-01 2.300011366605758667e-01 6.386218070983886719e-01
1.300000000000000000e+04 3.341054320335388184e-01 9.521438926458358765e-02 2.157858014106750488e-01 5.148508548736572266e-01 3.341054320335388184e-01 9.521438926458358765e-02 2.157858014106750488e-01 5.148508548736572266e-01
1.400000000000000000e+04 2.948214709758758545e-01 8.269625157117843628e-02 1.617919951677322388e-01 4.271572232246398926e-01 2.948214709758758545e-01 8.269625157117843628e-02 1.617919951677322388e-01 4.271572232246398926e-01
1.500000000000000000e+04 2.647125124931335449e-01 6.964208185672760010e-02 1.377626210451126099e-01 3.600448071956634521e-01 2.647125124931335449e-01 6.964208185672760010e-02 1.377626210451126099e-01 3.600448071956634521e-01
1.600000000000000000e+04 2.358585298061370850e-01 5.661723017692565918e-02 1.192746385931968689e-01 3.070669174194335938e-01 2.358585298061370850e-01 5.661723017692565918e-02 1.192746385931968689e-01 3.070669174194335938e-01
1.700000000000000000e+04 2.135283052921295166e-01 4.779048264026641846e-02 1.285173445940017700e-01 2.692109346389770508e-01 2.135283052921295166e-01 4.779048264026641846e-02 1.285173445940017700e-01 2.692109346389770508e-01
1.800000000000000000e+04 1.876718699932098389e-01 3.483325988054275513e-02 8.986932039260864258e-02 2.330207675695419312e-01 1.876718699932098389e-01 3.483325988054275513e-02 8.986932039260864258e-02 2.330207675695419312e-01
1.900000000000000000e+04 1.688717901706695557e-01 2.710205502808094025e-02 7.804220914840698242e-02 2.067246139049530029e-01 1.688717901706695557e-01 2.710205502808094025e-02 7.804220914840698242e-02 2.067246139049530029e-01
2.000000000000000000e+04 1.520625650882720947e-01 2.176816016435623169e-02 6.752617657184600830e-02 1.854688823223114014e-01 1.520625650882720947e-01 2.176816016435623169e-02 6.752617657184600830e-02 1.854688823223114014e-01
