# step, loss_train, loss_test, metrics_test
0.000000000000000000e+00 6.193834838867187500e+02 2.004250183105468750e+02 6.805781250000000000e+02 3.526047897338867188e+01 6.193834838867187500e+02 2.004250183105468750e+02 6.805781250000000000e+02 3.526047897338867188e+01
1.000000000000000000e+03 3.921695351600646973e-01 5.007056891918182373e-02 1.326585412025451660e-01 4.112215638160705566e-01 3.921695351600646973e-01 5.007056891918182373e-02 1.326585412025451660e-01 4.112215638160705566e-01
2.000000000000000000e+03 1.458271741867065430e-01 1.993010006844997406e-02 2.307786419987678528e-02 1.413477510213851929e-01 1.458271741867065430e-01 1.993010006844997406e-02 2.307786419987678528e-02 1.413477510213851929e-01
3.000000000000000000e+03 8.223009854555130005e-02 8.517063222825527191e-03 7.334476802498102188e-03 6.749409437179565430e-02 8.223009854555130005e-02 8.517063222825527191e-03 7.334476802498102188e-03 6.749409437179565430e-02
4.000000000000000000e+03 5.069856345653533936e-02 5.520067643374204636e-03 1.716718077659606934e-03 3.822652995586395264e-02 5.069856345653533936e-02 5.520067643374204636e-03 1.716718077659606934e-03 3.822652995586395264e-02
5.000000000000000000e+03 3.300711885094642639e-02 4.140038974583148956e-03 7.522960077039897442e-04 2.463156171143054962e-02 3.300711885094642639e-02 4.140038974583148956e-03 7.522960077039897442e-04 2.463156171143054962e-02
6.000000000000000000e+03 2.264395914971828461e-02 3.030687570571899414e-03 5.227033980190753937e-04 1.730180718004703522e-02 2.264395914971828461e-02 3.030687570571899414e-03 5.227033980190753937e-04 1.730180718004703522e-02
7.000000000000000000e+03 1.635782048106193542e-02 2.004758454859256744e-03 3.648830752354115248e-04 1.251549087464809418e-02 1.635782048106193542e-02 2.004758454859256744e-03 3.648830752354115248e-04 1.251549087464809418e-02
8.000000000000000000e+03 1.344664860516786575e-02 1.467270310968160629e-03 3.620317729655653238e-04 9.004205465316772461e-03 1.344664860516786575e-02 1.467270310968160629e-03 3.620317729655653238e-04 9.004205465316772461e-03
9.000000000000000000e+03 1.282810606062412262e-02 1.761861378327012062e-03 2.127464301884174347e-02 6.606771610677242279e-03 1.282810606062412262e-02 1.761861378327012062e-03 2.127464301884174347e-02 6.606771610677242279e-03
1.000000000000000000e+04 8.755580522119998932e-03 4.769929801113903522e-04 1.520014484412968159e-04 5.021288059651851654e-03 8.755580522119998932e-03 4.769929801113903522e-04 1.520014484412968159e-04 5.021288059651851654e-03
1.100000000000000000e+04 7.498998194932937622e-03 3.229799331165850163e-04 1.672499201958999038e-04 3.945678938180208206e-03 7.498998194932937622e-03 3.229799331165850163e-04 1.672499201958999038e-04 3.945678938180208206e-03
1.200000000000000000e+04 6.331773940473794937e-03 2.116205287165939808e-04 7.333424582611769438e-05 3.239741548895835876e-03 6.331773940473794937e-03 2.116205287165939808e-04 7.333424582611769438e-05 3.239741548895835876e-03
1.300000000000000000e+04 5.313309375196695328e-03 1.417532475898042321e-04 5.465603680931963027e-05 2.765305340290069580e-03 5.313309375196695328e-03 1.417532475898042321e-04 5.465603680931963027e-05 2.765305340290069580e-03
1.400000000000000000e+04 4.518009256571531296e-03 9.861792932497337461e-05 4.500374780036509037e-05 2.420502714812755585e-03 4.518009256571531296e-03 9.861792932497337461e-05 4.500374780036509037e-05 2.420502714812755585e-03
1.500000000000000000e+04 3.923916257917881012e-03 7.257923425640910864e-05 5.874005364603362978e-05 2.173838904127478600e-03 3.923916257917881012e-03 7.257923425640910864e-05 5.874005364603362978e-05 2.173838904127478600e-03
1.600000000000000000e+04 3.468774957582354546e-03 5.442960537038743496e-05 1.039178809151053429e-03 1.997108338400721550e-03 3.468774957582354546e-03 5.442960537038743496e-05 1.039178809151053429e-03 1.997108338400721550e-03
1.700000000000000000e+04 3.368834732100367546e-03 8.539197733625769615e-05 1.197233330458402634e-03 1.816864358261227608e-03 3.368834732100367546e-03 8.539197733625769615e-05 1.197233330458402634e-03 1.816864358261227608e-03
1.800000000000000000e+04 2.739425050094723701e-03 7.107829151209443808e-05 1.616711262613534927e-03 1.689269905909895897e-03 2.739425050094723701e-03 7.107829151209443808e-05 1.616711262613534927e-03 1.689269905909895897e-03
1.900000000000000000e+04 2.393498318269848824e-03 3.199499042239040136e-05 9.485119371674954891e-04 1.604562858119606972e-03 2.393498318269848824e-03 3.199499042239040136e-05 9.485119371674954891e-04 1.604562858119606972e-03
2.000000000000000000e+04 2.123973565176129341e-03 2.726109050854574889e-05 1.201585982926189899e-04 1.502653933130204678e-03 2.123973565176129341e-03 2.726109050854574889e-05 1.201585982926189899e-04 1.502653933130204678e-03
