# step, loss_train, loss_test, metrics_test
0.000000000000000000e+00 6.672965087890625000e+02 2.004250183105468750e+02 1.065778732299804688e+02 3.526047897338867188e+01 6.672965087890625000e+02 2.004250183105468750e+02 1.065778732299804688e+02 3.526047897338867188e+01
1.000000000000000000e+03 2.407103329896926880e-01 3.129715099930763245e-02 1.017949581146240234e-01 1.879432648420333862e-01 2.407103329896926880e-01 3.129715099930763245e-02 1.017949581146240234e-01 1.879432648420333862e-01
2.000000000000000000e+03 7.511571049690246582e-02 8.755877614021301270e-03 2.243342250585556030e-02 6.228518113493919373e-02 7.511571049690246582e-02 8.755877614021301270e-03 2.243342250585556030e-02 6.228518113493919373e-02
3.000000000000000000e+03 3.745326027274131775e-02 4.363906104117631912e-03 6.286918185651302338e-03 3.035099245607852936e-02 3.745326027274131775e-02 4.363906104117631912e-03 6.286918185651302338e-03 3.035099245607852936e-02
4.000000000000000000e+03 2.086817659437656403e-02 3.177620936185121536e-03 2.107900101691484451e-03 1.944534480571746826e-02 2.086817659437656403e-02 3.177620936185121536e-03 2.107900101691484451e-03 1.944534480571746826e-02
5.000000000000000000e+03 1.281393691897392273e-02 2.567128976806998253e-03 1.015535905025899410e-03 1.430513523519039154e-02 1.281393691897392273e-02 2.567128976806998253e-03 1.015535905025899410e-03 1.430513523519039154e-02
6.000000000000000000e+03 2.092546969652175903e-02 3.295454196631908417e-03 3.162486478686332703e-03 1.189462468028068542e-02 2.092546969652175903e-02 3.295454196631908417e-03 3.162486478686332703e-03 1.189462468028068542e-02
7.000000000000000000e+03 6.682483945041894913e-03 1.654125517234206200e-03 2.602973254397511482e-04 8.802503347396850586e-03 6.682483945041894913e-03 1.654125517234206200e-03 2.602973254397511482e-04 8.802503347396850586e-03
8.000000000000000000e+03 2.855499088764190674e-01 4.095944017171859741e-02 2.945278771221637726e-03 1.157240010797977448e-02 2.855499088764190674e-01 4.095944017171859741e-02 2.945278771221637726e-03 1.157240010797977448e-02
9.000000000000000000e+03 4.842327907681465149e-03 9.493250399827957153e-04 4.770892846863716841e-04 5.789448507130146027e-03 4.842327907681465149e-03 9.493250399827957153e-04 4.770892846863716841e-04 5.789448507130146027e-03
1.000000000000000000e+04 4.009242635220289230e-03 7.255289237946271896e-04 1.224542647833004594e-04 4.702251870185136795e-03 4.009242635220289230e-03 7.255289237946271896e-04 1.224542647833004594e-04 4.702251870185136795e-03
1.100000000000000000e+04 3.540108213201165199e-03 5.209745722822844982e-04 1.001105774776078761e-04 3.906242549419403076e-03 3.540108213201165199e-03 5.209745722822844982e-04 1.001105774776078761e-04 3.906242549419403076e-03
1.200000000000000000e+04 3.174964571371674538e-03 3.702031099237501621e-04 7.900078344391658902e-05 3.296961542218923569e-03 3.174964571371674538e-03 3.702031099237501621e-04 7.900078344391658902e-05 3.296961542218923569e-03
1.300000000000000000e+04 3.167918184772133827e-03 3.067660727538168430e-04 1.369867241010069847e-04 2.860261127352714539e-03 3.167918184772133827e-03 3.067660727538168430e-04 1.369867241010069847e-04 2.860261127352714539e-03
1.400000000000000000e+04 2.688646316528320312e-03 2.047743619186803699e-04 5.641000825562514365e-05 2.478713635355234146e-03 2.688646316528320312e-03 2.047743619186803699e-04 5.641000825562514365e-05 2.478713635355234146e-03
1.500000000000000000e+04 2.800340531393885612e-03 1.973925245692953467e-04 8.607468917034566402e-04 2.214975422248244286e-03 2.800340531393885612e-03 1.973925245692953467e-04 8.607468917034566402e-04 2.214975422248244286e-03
1.600000000000000000e+04 5.663954839110374451e-02 5.269290413707494736e-03 9.903816506266593933e-03 2.219745889306068420e-03 5.663954839110374451e-02 5.269290413707494736e-03 9.903816506266593933e-03 2.219745889306068420e-03
1.700000000000000000e+04 2.054274547845125198e-03 8.184918260667473078e-05 8.104134030872955918e-05 1.818666467443108559e-03 2.054274547845125198e-03 8.184918260667473078e-05 8.104134030872955918e-05 1.818666467443108559e-03
1.800000000000000000e+04 1.923735253512859344e-03 6.831566133769229054e-05 6.255248445086181164e-05 1.669940305873751640e-03 1.923735253512859344e-03 6.831566133769229054e-05 6.255248445086181164e-05 1.669940305873751640e-03
1.900000000000000000e+04 6.827728822827339172e-03 5.385075928643345833e-04 1.352879102341830730e-03 1.581503427587449551e-03 6.827728822827339172e-03 5.385075928643345833e-04 1.352879102341830730e-03 1.581503427587449551e-03
2.000000000000000000e+04 1.577344257384538651e-03 3.405662937439046800e-05 2.608677641546819359e-05 1.458718208596110344e-03 1.577344257384538651e-03 3.405662937439046800e-05 2.608677641546819359e-05 1.458718208596110344e-03
