# step, loss_train, loss_test, metrics_test
0.000000000000000000e+00 2.208490429687500000e+04 1.945375213623046875e+02 5.497495117187500000e+03 4.040619201660156250e+02 2.208490429687500000e+04 1.945375213623046875e+02 5.497495117187500000e+03 4.040619201660156250e+02
1.000000000000000000e+03 6.192797241210937500e+02 1.567328033447265625e+02 1.395374908447265625e+02 7.231758117675781250e+01 6.192797241210937500e+02 1.567328033447265625e+02 1.395374908447265625e+02 7.231758117675781250e+01
2.000000000000000000e+03 2.243720817565917969e+01 2.806153488159179688e+01 8.413237571716308594e+00 2.898786926269531250e+01 2.243720817565917969e+01 2.806153488159179688e+01 8.413237571716308594e+00 2.898786926269531250e+01
3.000000000000000000e+03 6.491980552673339844e+00 6.993966102600097656e-01 1.697632789611816406e+00 1.298960971832275391e+01 6.491980552673339844e+00 6.993966102600097656e-01 1.697632789611816406e+00 1.298960971832275391e+01
4.000000000000000000e+03 2.905258655548095703e+00 7.130261659622192383e-01 8.119599223136901855e-01 1.203826999664306641e+01 2.905258655548095703e+00 7.130261659622192383e-01 8.119599223136901855e-01 1.203826999664306641e+01
5.000000000000000000e+03 1.562058329582214355e+00 5.918744206428527832e-01 9.736390709877014160e-01 1.124023628234863281e+01 1.562058329582214355e+00 5.918744206428527832e-01 9.736390709877014160e-01 1.124023628234863281e+01
6.000000000000000000e+03 1.107443571090698242e+00 3.785898983478546143e-01 1.040550470352172852e+00 1.006125736236572266e+01 1.107443571090698242e+00 3.785898983478546143e-01 1.040550470352172852e+00 1.006125736236572266e+01
7.000000000000000000e+03 9.858561158180236816e-01 2.055047452449798584e-01 1.170819044113159180e+00 8.341563224792480469e+00 9.858561158180236816e-01 2.055047452449798584e-01 1.170819044113159180e+00 8.341563224792480469e+00
8.000000000000000000e+03 8.642422556877136230e-01 1.498876363039016724e-01 1.274610161781311035e+00 6.239349842071533203e+00 8.642422556877136230e-01 1.498876363039016724e-01 1.274610161781311035e+00 6.239349842071533203e+00
9.000000000000000000e+03 5.876553058624267578e-01 1.899692267179489136e-01 1.315665125846862793e+00 4.167785167694091797e+00 5.876553058624267578e-01 1.899692267179489136e-01 1.315665125846862793e+00 4.167785167694091797e+00
1.000000000000000000e+04 3.632858395576477051e-01 2.138957232236862183e-01 1.223856091499328613e+00 2.718321323394775391e+00 3.632858395576477051e-01 2.138957232236862183e-01 1.223856091499328613e+00 2.718321323394775391e+00
1.100000000000000000e+04 3.189722001552581787e-01 1.839237213134765625e-01 1.037049531936645508e+00 1.881139755249023438e+00 3.189722001552581787e-01 1.839237213134765625e-01 1.037049531936645508e+00 1.881139755249023438e+00
1.200000000000000000e+04 3.315182328224182129e-01 1.639932394027709961e-01 8.292657136917114258e-01 1.470935344696044922e+00 3.315182328224182129e-01 1.639932394027709961e-01 8.292657136917114258e-01 1.470935344696044922e+00
1.300000000000000000e+04 3.361599445343017578e-01 1.529327481985092163e-01 6.499910354614257812e-01 1.214562654495239258e+00 3.361599445343017578e-01 1.529327481985092163e-01 6.499910354614257812e-01 1.214562654495239258e+00
1.400000000000000000e+04 1.372190356254577637e+00 2.411968559026718140e-01 1.348157286643981934e+00 1.153355479240417480e+00 1.372190356254577637e+00 2.411968559026718140e-01 1.348157286643981934e+00 1.153355479240417480e+00
1.500000000000000000e+04 3.081799447536468506e-01 1.373118609189987183e-01 3.933123052120208740e-01 8.661779761314392090e-01 3.081799447536468506e-01 1.373118609189987183e-01 3.933123052120208740e-01 8.661779761314392090e-01
1.600000000000000000e+04 2.685855925083160400e-01 1.188573911786079407e-01 3.018709719181060791e-01 7.118058204650878906e-01 2.685855925083160400e-01 1.188573911786079407e-01 3.018709719181060791e-01 7.118058204650878906e-01
1.700000000000000000e+04 2.613012492656707764e-01 1.007314026355743408e-01 2.561792433261871338e-01 5.722659230232238770e-01 2.613012492656707764e-01 1.007314026355743408e-01 2.561792433261871338e-01 5.722659230232238770e-01
1.800000000000000000e+04 2.097598761320114136e-01 9.600383043289184570e-02 1.848522424697875977e-01 4.648701548576354980e-01 2.097598761320114136e-01 9.600383043289184570e-02 1.848522424697875977e-01 4.648701548576354980e-01
1.900000000000000000e+04 1.918072104454040527e-01 8.715176582336425781e-02 1.515334397554397583e-01 3.806444704532623291e-01 1.918072104454040527e-01 8.715176582336425781e-02 1.515334397554397583e-01 3.806444704532623291e-01
2.000000000000000000e+04 1.369175791740417480e+00 8.711934089660644531e-02 1.072444796562194824e+00 3.619191646575927734e-01 1.369175791740417480e+00 8.711934089660644531e-02 1.072444796562194824e+00 3.619191646575927734e-01
