# step, loss_train, loss_test, metrics_test
0.000000000000000000e+00 1.045243530273437500e+03 2.004250183105468750e+02 6.805781250000000000e+02 3.526047897338867188e+01 1.045243530273437500e+03 2.004250183105468750e+02 6.805781250000000000e+02 3.526047897338867188e+01
1.000000000000000000e+03 4.582750499248504639e-01 4.279159381985664368e-02 2.444199323654174805e-01 4.956973791122436523e-01 4.582750499248504639e-01 4.279159381985664368e-02 2.444199323654174805e-01 4.956973791122436523e-01
2.000000000000000000e+03 1.665762066841125488e-01 1.890708319842815399e-02 3.845960646867752075e-02 1.320343166589736938e-01 1.665762066841125488e-01 1.890708319842815399e-02 3.845960646867752075e-02 1.320343166589736938e-01
3.000000000000000000e+03 8.473680168390274048e-02 1.154923904687166214e-02 1.347227860242128372e-02 6.713607907295227051e-02 8.473680168390274048e-02 1.154923904687166214e-02 1.347227860242128372e-02 6.713607907295227051e-02
4.000000000000000000e+03 5.084273591637611389e-02 7.604911923408508301e-03 5.769639741629362106e-03 3.875960409641265869e-02 5.084273591637611389e-02 7.604911923408508301e-03 5.769639741629362106e-03 3.875960409641265869e-02
5.000000000000000000e+03 3.374390304088592529e-02 5.402460228651762009e-03 2.871717792004346848e-03 2.497350797057151794e-02 3.374390304088592529e-02 5.402460228651762009e-03 2.871717792004346848e-03 2.497350797057151794e-02
6.000000000000000000e+03 2.333609946072101593e-02 4.095661453902721405e-03 1.621324568986892700e-03 1.767311617732048035e-02 2.333609946072101593e-02 4.095661453902721405e-03 1.621324568986892700e-03 1.767311617732048035e-02
7.000000000000000000e+03 1.659280806779861450e-02 3.097452688962221146e-03 9.287829743698239326e-04 1.325278822332620621e-02 1.659280806779861450e-02 3.097452688962221146e-03 9.287829743698239326e-04 1.325278822332620621e-02
8.000000000000000000e+03 1.224419474601745605e-02 2.273615449666976929e-03 5.403205286711454391e-04 1.028376445174217224e-02 1.224419474601745605e-02 2.273615449666976929e-03 5.403205286711454391e-04 1.028376445174217224e-02
9.000000000000000000e+03 9.463274851441383362e-03 1.563424826599657536e-03 2.900754916481673717e-04 8.114535361528396606e-03 9.463274851441383362e-03 1.563424826599657536e-03 2.900754916481673717e-04 8.114535361528396606e-03
1.000000000000000000e+04 1.702413707971572876e-02 1.609641010873019695e-03 7.687445264309644699e-03 6.455285940319299698e-03 1.702413707971572876e-02 1.609641010873019695e-03 7.687445264309644699e-03 6.455285940319299698e-03
1.100000000000000000e+04 6.690702401101589203e-03 6.764587014913558960e-04 3.286204300820827484e-04 5.380464252084493637e-03 6.690702401101589203e-03 6.764587014913558960e-04 3.286204300820827484e-04 5.380464252084493637e-03
1.200000000000000000e+04 2.043427526950836182e-02 1.451096264645457268e-03 3.476141020655632019e-02 4.555782768875360489e-03 2.043427526950836182e-02 1.451096264645457268e-03 3.476141020655632019e-02 4.555782768875360489e-03
1.300000000000000000e+04 5.343376658856868744e-03 2.884007990360260010e-04 8.041782304644584656e-03 3.935306798666715622e-03 5.343376658856868744e-03 2.884007990360260010e-04 8.041782304644584656e-03 3.935306798666715622e-03
1.400000000000000000e+04 4.307286348193883896e-03 2.056590747088193893e-04 7.168375304900109768e-05 3.226201981306076050e-03 4.307286348193883896e-03 2.056590747088193893e-04 7.168375304900109768e-05 3.226201981306076050e-03
1.500000000000000000e+04 3.810366149991750717e-03 1.628362515475600958e-04 5.589005741057917476e-05 2.797723980620503426e-03 3.810366149991750717e-03 1.628362515475600958e-04 5.589005741057917476e-05 2.797723980620503426e-03
1.600000000000000000e+04 3.397059859707951546e-03 1.203408246510662138e-04 5.488527676789090037e-05 2.470695646479725838e-03 3.397059859707951546e-03 1.203408246510662138e-04 5.488527676789090037e-05 2.470695646479725838e-03
1.700000000000000000e+04 3.060262650251388550e-03 9.849214984569698572e-05 3.635074244812130928e-05 2.209710888564586639e-03 3.060262650251388550e-03 9.849214984569698572e-05 3.635074244812130928e-05 2.209710888564586639e-03
1.800000000000000000e+04 4.273847211152315140e-03 1.490366557845845819e-04 6.229978054761886597e-02 2.261026995256543159e-03 4.273847211152315140e-03 1.490366557845845819e-04 6.229978054761886597e-02 2.261026995256543159e-03
1.900000000000000000e+04 5.960322450846433640e-03 2.417899959255009890e-04 1.046107262372970581e-01 2.301849424839019775e-03 5.960322450846433640e-03 2.417899959255009890e-04 1.046107262372970581e-01 2.301849424839019775e-03
2.000000000000000000e+04 4.454399924725294113e-03 3.484465414658188820e-04 9.219104796648025513e-02 2.335418248549103737e-03 4.454399924725294113e-03 3.484465414658188820e-04 9.219104796648025513e-02 2.335418248549103737e-03
