# step, loss_train, loss_test, metrics_test
0.000000000000000000e+00 1.375277709960937500e+03 2.004250183105468750e+02 1.065778732299804688e+02 3.526047897338867188e+01 1.375277709960937500e+03 2.004250183105468750e+02 1.065778732299804688e+02 3.526047897338867188e+01
1.000000000000000000e+03 3.779216706752777100e-01 2.522801607847213745e-02 1.824184358119964600e-01 3.472075164318084717e-01 3.779216706752777100e-01 2.522801607847213745e-02 1.824184358119964600e-01 3.472075164318084717e-01
2.000000000000000000e+03 1.215464770793914795e-01 1.455548219382762909e-02 5.433342605829238892e-02 9.601791948080062866e-02 1.215464770793914795e-01 1.455548219382762909e-02 5.433342605829238892e-02 9.601791948080062866e-02
3.000000000000000000e+03 5.360264703631401062e-02 7.310590706765651703e-03 1.706611178815364838e-02 4.196255654096603394e-02 5.360264703631401062e-02 7.310590706765651703e-03 1.706611178815364838e-02 4.196255654096603394e-02
4.000000000000000000e+03 2.907794341444969177e-02 4.735826980322599411e-03 6.403665058314800262e-03 2.261812798678874969e-02 2.907794341444969177e-02 4.735826980322599411e-03 6.403665058314800262e-03 2.261812798678874969e-02
5.000000000000000000e+03 1.770837418735027313e-02 3.389366902410984039e-03 3.120323177427053452e-03 1.425519399344921112e-02 1.770837418735027313e-02 3.389366902410984039e-03 3.120323177427053452e-03 1.425519399344921112e-02
6.000000000000000000e+03 1.173466257750988007e-02 2.488679951056838036e-03 1.622446347028017044e-03 1.003560610115528107e-02 1.173466257750988007e-02 2.488679951056838036e-03 1.622446347028017044e-03 1.003560610115528107e-02
7.000000000000000000e+03 8.584205061197280884e-03 1.797883422113955021e-03 9.346510632894933224e-04 7.642710581421852112e-03 8.584205061197280884e-03 1.797883422113955021e-03 9.346510632894933224e-04 7.642710581421852112e-03
8.000000000000000000e+03 1.807939261198043823e-02 2.101670252159237862e-03 1.130965654738247395e-03 6.196874193847179413e-03 1.807939261198043823e-02 2.101670252159237862e-03 1.130965654738247395e-03 6.196874193847179413e-03
9.000000000000000000e+03 5.173888988792896271e-03 7.855089497752487659e-04 2.779774949885904789e-04 5.054117180407047272e-03 5.173888988792896271e-03 7.855089497752487659e-04 2.779774949885904789e-04 5.054117180407047272e-03
1.000000000000000000e+04 4.285527393221855164e-03 5.284612998366355896e-04 1.729622308630496264e-04 4.232623148709535599e-03 4.285527393221855164e-03 5.284612998366355896e-04 1.729622308630496264e-04 4.232623148709535599e-03
1.100000000000000000e+04 3.799869678914546967e-03 3.719693340826779604e-04 1.496698096161708236e-04 3.641491755843162537e-03 3.799869678914546967e-03 3.719693340826779604e-04 1.496698096161708236e-04 3.641491755843162537e-03
1.200000000000000000e+04 2.669311314821243286e-02 1.918097957968711853e-03 4.243908333592116833e-04 3.281296696513891220e-03 2.669311314821243286e-02 1.918097957968711853e-03 4.243908333592116833e-04 3.281296696513891220e-03
1.300000000000000000e+04 2.830788493156433105e-03 2.006588329095393419e-04 8.803779201116412878e-05 2.785140648484230042e-03 2.830788493156433105e-03 2.006588329095393419e-04 8.803779201116412878e-05 2.785140648484230042e-03
1.400000000000000000e+04 2.558622276410460472e-03 1.583472330821678042e-04 7.975852349773049355e-05 2.503406722098588943e-03 2.558622276410460472e-03 1.583472330821678042e-04 7.975852349773049355e-05 2.503406722098588943e-03
1.500000000000000000e+04 2.292936202138662338e-03 1.338043948635458946e-04 7.649319741176441312e-05 2.246595220640301704e-03 2.292936202138662338e-03 1.338043948635458946e-04 7.649319741176441312e-05 2.246595220640301704e-03
1.600000000000000000e+04 2.157903043553233147e-03 1.103493050322867930e-04 9.235129982698708773e-05 2.053710166364908218e-03 2.157903043553233147e-03 1.103493050322867930e-04 9.235129982698708773e-05 2.053710166364908218e-03
1.700000000000000000e+04 1.912317238748073578e-03 9.342389239463955164e-05 5.960634371149353683e-05 1.880750409327447414e-03 1.912317238748073578e-03 9.342389239463955164e-05 5.960634371149353683e-05 1.880750409327447414e-03
1.800000000000000000e+04 4.389825277030467987e-03 2.083572762785479426e-04 3.041917691007256508e-03 1.897820038720965385e-03 4.389825277030467987e-03 2.083572762785479426e-04 3.041917691007256508e-03 1.897820038720965385e-03
1.900000000000000000e+04 1.625132397748529911e-03 7.072816515574231744e-05 4.867255120188929141e-05 1.622028648853302002e-03 1.625132397748529911e-03 7.072816515574231744e-05 4.867255120188929141e-05 1.622028648853302002e-03
2.000000000000000000e+04 2.305041300132870674e-03 1.022803480736911297e-04 9.218894410878419876e-04 1.544009428471326828e-03 2.305041300132870674e-03 1.022803480736911297e-04 9.218894410878419876e-04 1.544009428471326828e-03
