# step, loss_train, loss_test, metrics_test
0.000000000000000000e+00 1.831992553710937500e+03 1.945580691099166870e-01 9.320749282836914062e+00 3.403058350086212158e-01 1.831992553710937500e+03 1.945580691099166870e-01 9.320749282836914062e+00 3.403058350086212158e-01
1.000000000000000000e+03 6.052131175994873047e+00 5.006526112556457520e-01 1.627711868286132812e+01 4.703901708126068115e-01 6.052131175994873047e+00 5.006526112556457520e-01 1.627711868286132812e+01 4.703901708126068115e-01
2.000000000000000000e+03 6.313029527664184570e-01 5.892681479454040527e-01 1.689712703227996826e-01 4.798331260681152344e-01 6.313029527664184570e-01 5.892681479454040527e-01 1.689712703227996826e-01 4.798331260681152344e-01
3.000000000000000000e+03 1.296465545892715454e-01 5.225341916084289551e-01 2.749736234545707703e-02 4.731386303901672363e-01 1.296465545892715454e-01 5.225341916084289551e-01 2.749736234545707703e-02 4.731386303901672363e-01
4.000000000000000000e+03 5.630620196461677551e-02 4.905983507633209229e-01 1.186284329742193222e-02 4.646478593349456787e-01 5.630620196461677551e-02 4.905983507633209229e-01 1.186284329742193222e-02 4.646478593349456787e-01
5.000000000000000000e+03 4.125660657882690430e-02 4.736774563789367676e-01 7.173782680183649063e-03 4.566016197204589844e-01 4.125660657882690430e-02 4.736774563789367676e-01 7.173782680183649063e-03 4.566016197204589844e-01
6.000000000000000000e+03 3.913019970059394836e-02 4.527776241302490234e-01 5.452051293104887009e-03 4.474483430385589600e-01 3.913019970059394836e-02 4.527776241302490234e-01 5.452051293104887009e-03 4.474483430385589600e-01
7.000000000000000000e+03 5.153327062726020813e-02 3.647152185440063477e-01 4.950108937919139862e-03 4.261890947818756104e-01 5.153327062726020813e-02 3.647152185440063477e-01 4.950108937919139862e-03 4.261890947818756104e-01
8.000000000000000000e+03 4.605436325073242188e-02 1.215781830251216888e-02 5.100195296108722687e-03 3.298732638359069824e-01 4.605436325073242188e-02 1.215781830251216888e-02 5.100195296108722687e-03 3.298732638359069824e-01
9.000000000000000000e+03 1.482688821852207184e-02 1.742569147609174252e-03 5.325992591679096222e-03 3.063120841979980469e-01 1.482688821852207184e-02 1.742569147609174252e-03 5.325992591679096222e-03 3.063120841979980469e-01
1.000000000000000000e+04 9.499839507043361664e-03 2.909706206992268562e-03 5.097280722111463547e-03 2.993215918540954590e-01 9.499839507043361664e-03 2.909706206992268562e-03 5.097280722111463547e-03 2.993215918540954590e-01
1.100000000000000000e+04 7.920917123556137085e-03 3.025677986443042755e-03 4.973954521119594574e-03 2.947801649570465088e-01 7.920917123556137085e-03 3.025677986443042755e-03 4.973954521119594574e-03 2.947801649570465088e-01
1.200000000000000000e+04 8.065958507359027863e-03 2.578845480456948280e-03 5.371382459998130798e-03 2.886688113212585449e-01 8.065958507359027863e-03 2.578845480456948280e-03 5.371382459998130798e-03 2.886688113212585449e-01
1.300000000000000000e+04 1.021604891866445541e-02 2.164986915886402130e-03 6.547315977513790131e-03 2.780867218971252441e-01 1.021604891866445541e-02 2.164986915886402130e-03 6.547315977513790131e-03 2.780867218971252441e-01
1.400000000000000000e+04 1.029270235449075699e-02 2.299610991030931473e-03 8.880603127181529999e-03 2.610435187816619873e-01 1.029270235449075699e-02 2.299610991030931473e-03 8.880603127181529999e-03 2.610435187816619873e-01
1.500000000000000000e+04 1.304347440600395203e-02 2.698225434869527817e-03 1.361057441681623459e-02 2.248591929674148560e-01 1.304347440600395203e-02 2.698225434869527817e-03 1.361057441681623459e-02 2.248591929674148560e-01
1.600000000000000000e+04 1.527929957956075668e-02 2.142459386959671974e-03 1.681943610310554504e-02 1.814420521259307861e-01 1.527929957956075668e-02 2.142459386959671974e-03 1.681943610310554504e-02 1.814420521259307861e-01
1.700000000000000000e+04 1.690257899463176727e-02 1.643483759835362434e-03 2.006251737475395203e-02 1.294660419225692749e-01 1.690257899463176727e-02 1.643483759835362434e-03 2.006251737475395203e-02 1.294660419225692749e-01
1.800000000000000000e+04 1.729945279657840729e-02 1.709897769615054131e-03 1.905216276645660400e-02 7.561369240283966064e-02 1.729945279657840729e-02 1.709897769615054131e-03 1.905216276645660400e-02 7.561369240283966064e-02
1.900000000000000000e+04 2.124843932688236237e-02 1.710447482764720917e-03 1.353708840906620026e-02 3.800331056118011475e-02 2.124843932688236237e-02 1.710447482764720917e-03 1.353708840906620026e-02 3.800331056118011475e-02
2.000000000000000000e+04 1.288853120058774948e-02 9.875124087557196617e-04 9.162670001387596130e-03 1.833048276603221893e-02 1.288853120058774948e-02 9.875124087557196617e-04 9.162670001387596130e-03 1.833048276603221893e-02
