# step, loss_train, loss_test, metrics_test
0.000000000000000000e+00 1.689798461914062500e+03 2.735970616340637207e-01 1.365849208831787109e+01 1.827323883771896362e-01 1.689798461914062500e+03 2.735970616340637207e-01 1.365849208831787109e+01 1.827323883771896362e-01
1.000000000000000000e+03 2.115118056535720825e-01 7.501680403947830200e-02 3.971998021006584167e-02 1.949930191040039062e-01 2.115118056535720825e-01 7.501680403947830200e-02 3.971998021006584167e-02 1.949930191040039062e-01
2.000000000000000000e+03 5.193418264389038086e-02 2.748075127601623535e-02 3.008830826729536057e-03 1.037451922893524170e-01 5.193418264389038086e-02 2.748075127601623535e-02 3.008830826729536057e-03 1.037451922893524170e-01
3.000000000000000000e+03 3.068427741527557373e-02 1.964312605559825897e-02 4.137161653488874435e-03 8.149926364421844482e-02 3.068427741527557373e-02 1.964312605559825897e-02 4.137161653488874435e-03 8.149926364421844482e-02
4.000000000000000000e+03 1.895149424672126770e-02 1.096574030816555023e-02 4.413770046085119247e-03 6.231719255447387695e-02 1.895149424672126770e-02 1.096574030816555023e-02 4.413770046085119247e-03 6.231719255447387695e-02
5.000000000000000000e+03 1.284798700362443924e-02 5.840566474944353104e-03 4.951529204845428467e-03 4.248915240168571472e-02 1.284798700362443924e-02 5.840566474944353104e-03 4.951529204845428467e-03 4.248915240168571472e-02
6.000000000000000000e+03 8.529986254870891571e-03 3.996072337031364441e-03 5.742484237998723984e-03 2.413599193096160889e-02 8.529986254870891571e-03 3.996072337031364441e-03 5.742484237998723984e-03 2.413599193096160889e-02
7.000000000000000000e+03 5.951234139502048492e-03 2.575335558503866196e-03 5.033906549215316772e-03 1.501754205673933029e-02 5.951234139502048492e-03 2.575335558503866196e-03 5.033906549215316772e-03 1.501754205673933029e-02
8.000000000000000000e+03 3.886438207700848579e-03 1.530377543531358242e-03 4.034480545669794083e-03 1.063165068626403809e-02 3.886438207700848579e-03 1.530377543531358242e-03 4.034480545669794083e-03 1.063165068626403809e-02
9.000000000000000000e+03 2.652800874784588814e-03 9.118499583564698696e-04 3.153597936034202576e-03 8.729825727641582489e-03 2.652800874784588814e-03 9.118499583564698696e-04 3.153597936034202576e-03 8.729825727641582489e-03
1.000000000000000000e+04 1.956705935299396515e-03 5.273387650959193707e-04 2.478622831404209137e-03 7.891655899584293365e-03 1.956705935299396515e-03 5.273387650959193707e-04 2.478622831404209137e-03 7.891655899584293365e-03
1.100000000000000000e+04 1.573435030877590179e-03 2.846443094313144684e-04 2.088593319058418274e-03 7.405387237668037415e-03 1.573435030877590179e-03 2.846443094313144684e-04 2.088593319058418274e-03 7.405387237668037415e-03
1.200000000000000000e+04 1.395296538248658180e-03 1.492339360993355513e-04 1.735717407427728176e-03 7.091007661074399948e-03 1.395296538248658180e-03 1.492339360993355513e-04 1.735717407427728176e-03 7.091007661074399948e-03
1.300000000000000000e+04 7.254517637193202972e-03 1.264419697690755129e-04 1.935376669280230999e-03 7.019687909632921219e-03 7.254517637193202972e-03 1.264419697690755129e-04 1.935376669280230999e-03 7.019687909632921219e-03
1.400000000000000000e+04 1.124102273024618626e-03 3.647680205176584423e-05 1.244808896444737911e-03 6.678197998553514481e-03 1.124102273024618626e-03 3.647680205176584423e-05 1.244808896444737911e-03 6.678197998553514481e-03
1.500000000000000000e+04 1.091548707336187363e-03 2.109949855366721749e-05 1.188072026707231998e-03 6.478845141828060150e-03 1.091548707336187363e-03 2.109949855366721749e-05 1.188072026707231998e-03 6.478845141828060150e-03
1.600000000000000000e+04 9.757027146406471729e-04 1.301960764976684004e-05 1.041429932229220867e-03 6.365675479173660278e-03 9.757027146406471729e-04 1.301960764976684004e-05 1.041429932229220867e-03 6.365675479173660278e-03
1.700000000000000000e+04 1.412161393091082573e-03 9.485548071097582579e-05 9.954296983778476715e-04 6.232140585780143738e-03 1.412161393091082573e-03 9.485548071097582579e-05 9.954296983778476715e-04 6.232140585780143738e-03
1.800000000000000000e+04 8.399311918765306473e-04 9.616057468520011753e-06 9.400422568432986736e-04 6.098150741308927536e-03 8.399311918765306473e-04 9.616057468520011753e-06 9.400422568432986736e-04 6.098150741308927536e-03
1.900000000000000000e+04 7.883107755333185196e-04 1.069599147740518674e-05 8.980648708529770374e-04 5.981629248708486557e-03 7.883107755333185196e-04 1.069599147740518674e-05 8.980648708529770374e-04 5.981629248708486557e-03
2.000000000000000000e+04 1.101036206819117069e-03 3.916085188393481076e-05 8.681558538228273392e-04 5.880248267203569412e-03 1.101036206819117069e-03 3.916085188393481076e-05 8.681558538228273392e-04 5.880248267203569412e-03
