# step, loss_train, loss_test, metrics_test
0.000000000000000000e+00 2.162828125000000000e+03 1.964158439636230469e+01 1.997789306640625000e+02 3.039838218688964844e+01 2.162828125000000000e+03 1.964158439636230469e+01 1.997789306640625000e+02 3.039838218688964844e+01
1.000000000000000000e+03 4.568722839355468750e+02 1.168423461914062500e+02 4.179196777343750000e+02 1.058436813354492188e+02 4.568722839355468750e+02 1.168423461914062500e+02 4.179196777343750000e+02 1.058436813354492188e+02
2.000000000000000000e+03 4.303106079101562500e+02 1.000609054565429688e+02 3.999215087890625000e+02 7.902068328857421875e+01 4.303106079101562500e+02 1.000609054565429688e+02 3.999215087890625000e+02 7.902068328857421875e+01
3.000000000000000000e+03 3.242444152832031250e+02 6.444795227050781250e+01 3.021517028808593750e+02 5.553283309936523438e+01 3.242444152832031250e+02 6.444795227050781250e+01 3.021517028808593750e+02 5.553283309936523438e+01
4.000000000000000000e+03 1.197155303955078125e+02 2.014888763427734375e+01 5.854879760742187500e+01 3.095349884033203125e+01 1.197155303955078125e+02 2.014888763427734375e+01 5.854879760742187500e+01 3.095349884033203125e+01
5.000000000000000000e+03 4.216353607177734375e+01 1.559695625305175781e+01 7.197896480560302734e+00 2.173167037963867188e+01 4.216353607177734375e+01 1.559695625305175781e+01 7.197896480560302734e+00 2.173167037963867188e+01
6.000000000000000000e+03 2.234712028503417969e+01 9.285671234130859375e+00 3.657382011413574219e+00 1.464220619201660156e+01 2.234712028503417969e+01 9.285671234130859375e+00 3.657382011413574219e+00 1.464220619201660156e+01
7.000000000000000000e+03 1.291050243377685547e+01 7.331132411956787109e+00 3.014296054840087891e+00 1.137219238281250000e+01 1.291050243377685547e+01 7.331132411956787109e+00 3.014296054840087891e+00 1.137219238281250000e+01
8.000000000000000000e+03 7.490476608276367188e+00 6.494533061981201172e+00 2.303780794143676758e+00 8.856265068054199219e+00 7.490476608276367188e+00 6.494533061981201172e+00 2.303780794143676758e+00 8.856265068054199219e+00
9.000000000000000000e+03 5.470341682434082031e+00 5.265287876129150391e+00 1.828386545181274414e+00 6.661431312561035156e+00 5.470341682434082031e+00 5.265287876129150391e+00 1.828386545181274414e+00 6.661431312561035156e+00
1.000000000000000000e+04 4.541420459747314453e+00 3.793276786804199219e+00 1.575181961059570312e+00 4.918545722961425781e+00 4.541420459747314453e+00 3.793276786804199219e+00 1.575181961059570312e+00 4.918545722961425781e+00
1.100000000000000000e+04 3.607152938842773438e+00 2.614425659179687500e+00 1.360861182212829590e+00 3.710298538208007812e+00 3.607152938842773438e+00 2.614425659179687500e+00 1.360861182212829590e+00 3.710298538208007812e+00
1.200000000000000000e+04 2.715288877487182617e+00 1.755285382270812988e+00 1.119045257568359375e+00 2.714730024337768555e+00 2.715288877487182617e+00 1.755285382270812988e+00 1.119045257568359375e+00 2.714730024337768555e+00
1.300000000000000000e+04 1.950630903244018555e+00 1.217556953430175781e+00 8.080815076828002930e-01 1.938024401664733887e+00 1.950630903244018555e+00 1.217556953430175781e+00 8.080815076828002930e-01 1.938024401664733887e+00
1.400000000000000000e+04 1.368060469627380371e+00 8.510640859603881836e-01 5.219670534133911133e-01 1.301278829574584961e+00 1.368060469627380371e+00 8.510640859603881836e-01 5.219670534133911133e-01 1.301278829574584961e+00
1.500000000000000000e+04 9.409642815589904785e-01 5.580813884735107422e-01 3.192808628082275391e-01 8.226745128631591797e-01 9.409642815589904785e-01 5.580813884735107422e-01 3.192808628082275391e-01 8.226745128631591797e-01
1.600000000000000000e+04 6.750848889350891113e-01 3.406569063663482666e-01 1.927106082439422607e-01 5.228002667427062988e-01 6.750848889350891113e-01 3.406569063663482666e-01 1.927106082439422607e-01 5.228002667427062988e-01
1.700000000000000000e+04 5.097026824951171875e-01 2.043074518442153931e-01 1.198019087314605713e-01 3.584679961204528809e-01 5.097026824951171875e-01 2.043074518442153931e-01 1.198019087314605713e-01 3.584679961204528809e-01
1.800000000000000000e+04 3.920907974243164062e-01 1.269858181476593018e-01 8.037906885147094727e-02 2.668631672859191895e-01 3.920907974243164062e-01 1.269858181476593018e-01 8.037906885147094727e-02 2.668631672859191895e-01
1.900000000000000000e+04 3.031325638294219971e-01 8.340876549482345581e-02 6.007520854473114014e-02 2.082738131284713745e-01 3.031325638294219971e-01 8.340876549482345581e-02 6.007520854473114014e-02 2.082738131284713745e-01
2.000000000000000000e+04 2.366739511489868164e-01 5.799978226423263550e-02 4.854517430067062378e-02 1.670047789812088013e-01 2.366739511489868164e-01 5.799978226423263550e-02 4.854517430067062378e-02 1.670047789812088013e-01
